3.33564e-13 , 0.144591 , -0.00299728
0.000333898 , 0.144446 , -0.00299465
0.000667796 , 0.144012 , -0.0029868
0.00100169 , 0.143296 , -0.00297376
0.00133559 , 0.142307 , -0.0029556
0.00166949 , 0.141058 , -0.00293244
0.00200339 , 0.139565 , -0.00290441
0.00233729 , 0.137846 , -0.00287168
0.00267118 , 0.135922 , -0.00283446
0.00300508 , 0.133814 , -0.00279298
0.00333898 , 0.131546 , -0.00274751
0.00367288 , 0.12914 , -0.00269837
0.00400678 , 0.126619 , -0.00264589
0.00434067 , 0.124005 , -0.00259044
0.00467457 , 0.121319 , -0.0025324
0.00500847 , 0.11858 , -0.0024722
0.00534237 , 0.115806 , -0.00241025
0.00567627 , 0.113011 , -0.00234699
0.00601016 , 0.110209 , -0.00228286
0.00634406 , 0.107413 , -0.00221827
0.00667796 , 0.10463 , -0.00215364
0.00701186 , 0.101869 , -0.00208936
0.00734576 , 0.0991359 , -0.00202579
0.00767965 , 0.0964359 , -0.00196323
0.00801355 , 0.0937727 , -0.00190196
0.00834745 , 0.0911495 , -0.00184222
0.00868135 , 0.088569 , -0.00178417
0.00901525 , 0.0860336 , -0.00172796
0.00934914 , 0.0835455 , -0.00167364
0.00968304 , 0.0811072 , -0.00162126
0.0100169 , 0.0787212 , -0.0015708
0.0103508 , 0.0763901 , -0.00152221
0.0106847 , 0.0741166 , -0.00147541
0.0110186 , 0.0719037 , -0.00143028
0.0113525 , 0.0697539 , -0.00138672
0.0116864 , 0.0676701 , -0.00134458
0.0120203 , 0.0656544 , -0.00130375
0.0123542 , 0.0637086 , -0.00126411
0.0126881 , 0.0618341 , -0.00122554
0.013022 , 0.0600313 , -0.00118797
0.0133559 , 0.0583 , -0.00115134
0.0136898 , 0.0566391 , -0.00111561
0.0140237 , 0.0550469 , -0.00108077
0.0143576 , 0.0535207 , -0.00104684
0.0146915 , 0.0520572 , -0.00101387
0.0150254 , 0.0506526 , -0.000981897
0.0153593 , 0.0493027 , -0.000951007
0.0156932 , 0.0480031 , -0.000921272
0.0160271 , 0.0467493 , -0.000892769
0.016361 , 0.045537 , -0.00086557
0.0166949 , 0.0443622 , -0.000839732
0.0170288 , 0.0432212 , -0.000815296
0.0173627 , 0.0421113 , -0.00079228
0.0176966 , 0.04103 , -0.000770676
0.0180305 , 0.0399757 , -0.000750447
0.0183644 , 0.0389476 , -0.00073153
0.0186983 , 0.0379454 , -0.000713835
0.0190322 , 0.0369694 , -0.000697249
0.0193661 , 0.0360203 , -0.000681639
0.0197 , 0.0350993 , -0.000666857
0.0200339 , 0.0342077 , -0.00065275
0.0203678 , 0.0333466 , -0.000639163
0.0207017 , 0.0325173 , -0.000625947
0.0210356 , 0.0317206 , -0.000612965
0.0213695 , 0.0309568 , -0.0006001
0.0217034 , 0.030226 , -0.000587259
0.0220373 , 0.0295276 , -0.000574376
0.0223712 , 0.0288604 , -0.000561413
0.0227051 , 0.0282228 , -0.000548365
0.023039 , 0.0276126 , -0.000535255
0.0233729 , 0.0270273 , -0.000522136
0.0237068 , 0.0264641 , -0.000509079
0.0240407 , 0.0259201 , -0.000496177
0.0243746 , 0.0253924 , -0.000483532
0.0247085 , 0.0248782 , -0.000471252
0.0250423 , 0.0243751 , -0.000459441
0.0253762 , 0.0238808 , -0.000448195
0.0257101 , 0.0233939 , -0.000437594
0.026044 , 0.0229133 , -0.000427696
0.0263779 , 0.0224384 , -0.000418533
0.0267118 , 0.0219692 , -0.00041011
0.0270457 , 0.0215064 , -0.000402401
0.0273796 , 0.0210509 , -0.000395353
0.0277135 , 0.020604 , -0.000388885
0.0280474 , 0.0201673 , -0.000382892
0.0283813 , 0.0197424 , -0.000377255
0.0287152 , 0.0193309 , -0.000371841
0.0290491 , 0.0189342 , -0.000366514
0.029383 , 0.0185534 , -0.00036114
0.0297169 , 0.0181893 , -0.000355596
0.0300508 , 0.0178423 , -0.00034978
0.0303847 , 0.0175122 , -0.000343607
0.0307186 , 0.0171983 , -0.000337026
0.0310525 , 0.0168996 , -0.000330016
0.0313864 , 0.0166145 , -0.000322586
0.0317203 , 0.0163414 , -0.000314783
0.0320542 , 0.0160781 , -0.000306681
0.0323881 , 0.0158225 , -0.000298383
0.032722 , 0.0155726 , -0.000290012
0.0330559 , 0.0153264 , -0.000281707
0.0333898 , 0.0150821 , -0.000273615
0.0337237 , 0.0148383 , -0.000265881
0.0340576 , 0.0145941 , -0.000258642
0.0343915 , 0.0143489 , -0.00025202
0.0347254 , 0.0141026 , -0.000246112
0.0350593 , 0.0138556 , -0.000240987
0.0353932 , 0.0136086 , -0.000236679
0.0357271 , 0.0133629 , -0.00023319
0.036061 , 0.0131196 , -0.000230482
0.0363949 , 0.0128804 , -0.000228486
0.0367288 , 0.0126468 , -0.000227101
0.0370627 , 0.0124203 , -0.0002262
0.0373966 , 0.0122022 , -0.000225635
0.0377305 , 0.0119935 , -0.00022525
0.0380644 , 0.0117951 , -0.000224885
0.0383983 , 0.0116071 , -0.000224384
0.0387322 , 0.0114296 , -0.000223607
0.0390661 , 0.0112621 , -0.000222436
0.0394 , 0.0111037 , -0.000220781
0.0397339 , 0.0109534 , -0.000218585
0.0400678 , 0.0108095 , -0.00021583
0.0404017 , 0.0106707 , -0.000212534
0.0407356 , 0.0105353 , -0.000208751
0.0410695 , 0.0104016 , -0.000204572
0.0414034 , 0.0102683 , -0.000200114
0.0417372 , 0.0101341 , -0.000195518
0.0420711 , 0.00999805 , -0.000190937
0.042405 , 0.00985953 , -0.000186532
0.0427389 , 0.00971834 , -0.000182456
0.0430728 , 0.00957462 , -0.000178851
0.0434067 , 0.00942884 , -0.000175836
0.0437406 , 0.00928184 , -0.000173501
0.0440745 , 0.00913464 , -0.000171898
0.0444084 , 0.00898849 , -0.00017104
0.0447423 , 0.00884468 , -0.0001709
0.0450762 , 0.00870452 , -0.000171408
0.0454101 , 0.00856921 , -0.000172454
0.045744 , 0.00843977 , -0.000173898
0.0460779 , 0.008317 , -0.00017557
0.0464118 , 0.00820136 , -0.000177285
0.0467457 , 0.00809302 , -0.000178848
0.0470796 , 0.0079918 , -0.000180067
0.0474135 , 0.0078972 , -0.000180762
0.0477474 , 0.00780842 , -0.000180778
0.0480813 , 0.00772444 , -0.000179992
0.0484152 , 0.00764407 , -0.000178319
0.0487491 , 0.00756602 , -0.000175722
0.049083 , 0.00748902 , -0.000172209
0.0494169 , 0.00741185 , -0.000167839
0.0497508 , 0.00733344 , -0.00016272
0.0500847 , 0.00725296 , -0.000156998
0.0504186 , 0.00716981 , -0.000150859
0.0507525 , 0.00708371 , -0.000144512
0.0510864 , 0.00699469 , -0.000138183
0.0514203 , 0.00690306 , -0.000132102
0.0517542 , 0.00680942 , -0.000126491
0.0520881 , 0.00671456 , -0.000121553
0.052422 , 0.00661947 , -0.00011746
0.0527559 , 0.0065252 , -0.00011434
0.0530898 , 0.00643285 , -0.000112278
0.0534237 , 0.00634345 , -0.000111303
0.0537576 , 0.00625788 , -0.000111389
0.0540915 , 0.00617686 , -0.000112455
0.0544254 , 0.00610086 , -0.000114368
0.0547593 , 0.00603011 , -0.000116951
0.0550932 , 0.00596453 , -0.000119989
0.0554271 , 0.00590379 , -0.000123245
0.055761 , 0.00584732 , -0.000126465
0.0560949 , 0.00579433 , -0.000129399
0.0564288 , 0.00574389 , -0.00013181
0.0567627 , 0.00569499 , -0.000133486
0.0570966 , 0.00564658 , -0.000134257
0.0574305 , 0.0055977 , -0.000133999
0.0577644 , 0.00554748 , -0.000132647
0.0580983 , 0.00549521 , -0.000130193
0.0584321 , 0.00544043 , -0.000126694
0.058766 , 0.00538289 , -0.000122266
0.0590999 , 0.00532261 , -0.000117079
0.0594338 , 0.00525985 , -0.00011135
0.0597677 , 0.0051951 , -0.000105331
0.0601016 , 0.00512902 , -9.92971e-05
0.0604355 , 0.00506242 , -9.35323e-05
0.0607694 , 0.00499618 , -8.83124e-05
0.0611033 , 0.00493118 , -8.38919e-05
0.0614372 , 0.00486827 , -8.04893e-05
0.0617711 , 0.00480816 , -7.82743e-05
0.062105 , 0.00475142 , -7.73586e-05
0.0624389 , 0.00469841 , -7.77877e-05
0.0627728 , 0.00464927 , -7.95382e-05
0.0631067 , 0.00460389 , -8.25166e-05
0.0634406 , 0.00456197 , -8.65638e-05
0.0637745 , 0.00452296 , -9.14614e-05
0.0641084 , 0.0044862 , -9.69423e-05
0.0644423 , 0.00445088 , -0.000102704
0.0647762 , 0.00441614 , -0.000108423
0.0651101 , 0.00438114 , -0.000113773
0.065444 , 0.0043451 , -0.00011844
0.0657779 , 0.00430736 , -0.000122138
0.0661118 , 0.00426742 , -0.000124629
0.0664457 , 0.00422501 , -0.00012573
0.0667796 , 0.00418006 , -0.00012533
0.0671135 , 0.00413273 , -0.00012339
0.0674474 , 0.00408342 , -0.000119951
0.0677813 , 0.00403271 , -0.000115132
0.0681152 , 0.00398132 , -0.000109124
0.0684491 , 0.0039301 , -0.000102181
0.068783 , 0.00387991 , -9.46099e-05
0.0691169 , 0.00383162 , -8.67536e-05
0.0694508 , 0.003786 , -7.89734e-05
0.0697847 , 0.00374371 , -7.16313e-05
0.0701186 , 0.0037052 , -6.50713e-05
0.0704525 , 0.00367073 , -5.96009e-05
0.0707864 , 0.00364033 , -5.54749e-05
0.0711203 , 0.00361378 , -5.28816e-05
0.0714542 , 0.00359065 , -5.1932e-05
0.0717881 , 0.00357031 , -5.26536e-05
0.072122 , 0.00355197 , -5.49872e-05
0.0724559 , 0.00353477 , -5.87897e-05
0.0727898 , 0.00351777 , -6.38404e-05
0.0731237 , 0.00350009 , -6.98516e-05
0.0734576 , 0.00348092 , -7.64828e-05
0.0737915 , 0.00345956 , -8.33579e-05
0.0741254 , 0.00343555 , -9.00849e-05
0.0744593 , 0.00340859 , -9.62757e-05
0.0747932 , 0.00337867 , -0.000101567
0.075127 , 0.00334597 , -0.000105639
0.0754609 , 0.00331092 , -0.000108234
0.0757948 , 0.00327414 , -0.000109168
0.0761287 , 0.0032364 , -0.000108346
0.0764626 , 0.00319855 , -0.000105764
0.0767965 , 0.00316151 , -0.000101511
0.0771304 , 0.00312612 , -9.57668e-05
0.0774643 , 0.00309319 , -8.87938e-05
0.0777982 , 0.00306333 , -8.09235e-05
0.0781321 , 0.00303699 , -7.25402e-05
0.078466 , 0.00301438 , -6.4062e-05
0.0787999 , 0.00299548 , -5.59191e-05
0.0791338 , 0.00298001 , -4.85313e-05
0.0794677 , 0.00296749 , -4.22862e-05
0.0798016 , 0.0029572 , -3.75183e-05
0.0801355 , 0.00294833 , -3.44906e-05
0.0804694 , 0.00293993 , -3.33802e-05
0.0808033 , 0.00293104 , -3.42673e-05
0.0811372 , 0.00292075 , -3.71301e-05
0.0814711 , 0.00290824 , -4.18441e-05
0.081805 , 0.00289283 , -4.81872e-05
0.0821389 , 0.0028741 , -5.58495e-05
0.0824728 , 0.00285181 , -6.44486e-05
0.0828067 , 0.00282603 , -7.35477e-05
0.0831406 , 0.00279706 , -8.26778e-05
0.0834745 , 0.00276545 , -9.13612e-05
0.0838084 , 0.00273195 , -9.91361e-05
0.0841423 , 0.00269747 , -0.00010558
0.0844762 , 0.00266302 , -0.000110334
0.0848101 , 0.00262964 , -0.000113117
0.085144 , 0.00259832 , -0.000113748
0.0854779 , 0.00256994 , -0.000112152
0.0858118 , 0.00254522 , -0.000108365
0.0861457 , 0.00252466 , -0.000102535
0.0864796 , 0.00250849 , -9.49151e-05
0.0868135 , 0.00249667 , -8.58532e-05
0.0871474 , 0.00248887 , -7.57721e-05
0.0874813 , 0.00248452 , -6.51506e-05
0.0878152 , 0.00248282 , -5.44995e-05
0.0881491 , 0.00248278 , -4.43349e-05
0.088483 , 0.00248333 , -3.51524e-05
0.0888169 , 0.00248333 , -2.74012e-05
0.0891508 , 0.0024817 , -2.14605e-05
0.0894847 , 0.00247745 , -1.76193e-05
0.0898186 , 0.00246977 , -1.60608e-05
0.0901525 , 0.00245809 , -1.6852e-05
0.0904864 , 0.00244209 , -1.99386e-05
0.0908203 , 0.00242175 , -2.51476e-05
0.0911542 , 0.00239734 , -3.21941e-05
0.0914881 , 0.00236941 , -4.06957e-05
0.0918219 , 0.00233874 , -5.0191e-05
0.0921558 , 0.00230631 , -6.01625e-05
0.0924897 , 0.0022732 , -7.00634e-05
0.0928236 , 0.00224057 , -7.93452e-05
0.0931575 , 0.00220951 , -8.74861e-05
0.0934914 , 0.00218105 , -9.40184e-05
0.0938253 , 0.00215601 , -9.85535e-05
0.0941592 , 0.00213497 , -0.000100803
0.0944931 , 0.00211827 , -0.000100593
0.094827 , 0.00210591 , -9.78789e-05
0.0951609 , 0.00209759 , -9.27433e-05
0.0954948 , 0.00209275 , -8.53976e-05
0.0958287 , 0.00209055 , -7.61711e-05
0.0961626 , 0.00208995 , -6.54955e-05
0.0964965 , 0.0020898 , -5.38841e-05
0.0968304 , 0.00208887 , -4.19064e-05
0.0971643 , 0.00208599 , -3.01593e-05
0.0974982 , 0.00208009 , -1.92375e-05
0.0978321 , 0.00207028 , -9.70255e-06
0.098166 , 0.00205595 , -2.0539e-06
0.0984999 , 0.00203676 , 3.29703e-06
0.0988338 , 0.00201271 , 6.04887e-06
0.0991677 , 0.00198414 , 6.02678e-06
0.0995016 , 0.00195171 , 3.19259e-06
0.0998355 , 0.00191634 , -2.35189e-06
0.100169 , 0.0018792 , -1.03687e-05
0.100503 , 0.0018416 , -2.04947e-05
0.100837 , 0.00180493 , -3.22586e-05
0.101171 , 0.00177055 , -4.51039e-05
0.101505 , 0.00173972 , -5.8417e-05
0.101839 , 0.00171349 , -7.1557e-05
0.102173 , 0.00169267 , -8.38885e-05
0.102507 , 0.00167773 , -9.48136e-05
0.102841 , 0.00166879 , -0.000103803
0.103174 , 0.00166561 , -0.000110422
0.103508 , 0.00166759 , -0.000114354
0.103842 , 0.0016738 , -0.00011542
0.104176 , 0.00168306 , -0.00011358
0.10451 , 0.00169399 , -0.000108948
0.104844 , 0.00170511 , -0.000101775
0.105178 , 0.00171491 , -9.24462e-05
0.105512 , 0.00172201 , -8.14546e-05
0.105846 , 0.00172516 , -6.93812e-05
0.10618 , 0.0017234 , -5.68631e-05
0.106513 , 0.00171608 , -4.45615e-05
0.106847 , 0.00170293 , -3.31272e-05
0.107181 , 0.00168404 , -2.31672e-05
0.107515 , 0.00165993 , -1.52125e-05
0.107849 , 0.00163143 , -9.68979e-06
0.108183 , 0.00159969 , -6.89893e-06
0.108517 , 0.00156608 , -6.99578e-06
0.108851 , 0.00153214 , -9.98305e-06
0.109185 , 0.00149941 , -1.57087e-05
0.109519 , 0.00146941 , -2.38723e-05
0.109852 , 0.00144348 , -3.40392e-05
0.110186 , 0.00142274 , -4.5662e-05
0.11052 , 0.00140796 , -5.81072e-05
0.110854 , 0.00139959 , -7.06877e-05
0.111188 , 0.00139764 , -8.26975e-05
0.111522 , 0.00140173 , -9.3448e-05
0.111856 , 0.00141112 , -0.000102304
0.11219 , 0.00142472 , -0.000108717
0.112524 , 0.00144119 , -0.000112255
0.112858 , 0.00145901 , -0.000112625
0.113191 , 0.00147659 , -0.000109691
0.113525 , 0.00149237 , -0.000103483
0.113859 , 0.00150491 , -9.41971e-05
0.114193 , 0.00151301 , -8.2188e-05
0.114527 , 0.00151577 , -6.79528e-05
0.114861 , 0.00151266 , -5.21081e-05
0.115195 , 0.00150354 , -3.536e-05
0.115529 , 0.00148871 , -1.84702e-05
0.115863 , 0.00146883 , -2.2182e-06
0.116197 , 0.00144493 , 1.26373e-05
0.11653 , 0.00141836 , 2.53964e-05
0.116864 , 0.00139061 , 3.54534e-05
0.117198 , 0.00136333 , 4.23275e-05
0.117532 , 0.00133813 , 4.56879e-05
0.117866 , 0.00131652 , 4.53708e-05
0.1182 , 0.00129981 , 4.13889e-05
0.118534 , 0.001289 , 3.39317e-05
0.118868 , 0.00128473 , 2.33567e-05
0.119202 , 0.00128721 , 1.01727e-05
0.119535 , 0.00129624 , -4.985e-06
0.119869 , 0.0013112 , -2.13862e-05
0.120203 , 0.00133106 , -3.82413e-05
0.120537 , 0.00135449 , -5.47412e-05
0.120871 , 0.00137992 , -7.00975e-05
0.121205 , 0.00140562 , -8.35817e-05
0.121539 , 0.00142983 , -9.45626e-05
0.121873 , 0.00145089 , -0.000102537
0.122207 , 0.0014673 , -0.000107157
0.122541 , 0.00147784 , -0.000108246
0.122874 , 0.00148166 , -0.000105809
0.123208 , 0.00147828 , -0.000100029
0.123542 , 0.00146771 , -9.12648e-05
0.123876 , 0.00145036 , -8.00256e-05
0.12421 , 0.00142705 , -6.69487e-05
0.124544 , 0.00139895 , -5.27662e-05
0.124878 , 0.00136753 , -3.82672e-05
0.125212 , 0.00133442 , -2.42574e-05
0.125546 , 0.00130131 , -1.15171e-05
0.12588 , 0.00126988 , -7.61097e-07
0.126213 , 0.00124164 , 7.39911e-06
0.126547 , 0.00121786 , 1.24871e-05
0.126881 , 0.00119948 , 1.41874e-05
0.127215 , 0.00118706 , 1.23621e-05
0.127549 , 0.00118073 , 7.05989e-06
0.127883 , 0.00118018 , -1.48596e-06
0.128217 , 0.00118471 , -1.28681e-05
0.128551 , 0.00119323 , -2.65249e-05
0.128885 , 0.00120441 , -4.17688e-05
0.129219 , 0.00121668 , -5.78204e-05
0.129552 , 0.00122841 , -7.38481e-05
0.129886 , 0.00123799 , -8.90109e-05
0.13022 , 0.00124394 , -0.000102501
0.130554 , 0.00124502 , -0.000113587
0.130888 , 0.00124032 , -0.00012165
0.131222 , 0.00122932 , -0.000126219
0.131556 , 0.00121191 , -0.000126994
0.13189 , 0.00118845 , -0.000123863
0.132224 , 0.00115973 , -0.000116913
0.132558 , 0.00112689 , -0.000106422
0.132891 , 0.0010914 , -9.28506e-05
0.133225 , 0.00105494 , -7.68187e-05
0.133559 , 0.0010193 , -5.90754e-05
0.133893 , 0.000986271 , -4.04625e-05
0.134227 , 0.000957501 , -2.18727e-05
0.134561 , 0.000934418 , -4.20477e-06
0.134895 , 0.000918121 , 1.16814e-05
0.135229 , 0.000909302 , 2.50086e-05
0.135563 , 0.000908204 , 3.51221e-05
0.135896 , 0.000914591 , 4.15229e-05
0.13623 , 0.000927767 , 4.38942e-05
0.136564 , 0.000946606 , 4.21183e-05
0.136898 , 0.000969626 , 3.62837e-05
0.137232 , 0.000995076 , 2.66815e-05
0.137566 , 0.00102104 , 1.37921e-05
0.1379 , 0.00104557 , -1.73794e-06
0.138234 , 0.00106677 , -1.9128e-05
0.138568 , 0.00108298 , -3.75017e-05
0.138902 , 0.00109279 , -5.59306e-05
0.139235 , 0.00109523 , -7.34807e-05
0.139569 , 0.00108975 , -8.92596e-05
0.139903 , 0.00107627 , -0.000102461
0.140237 , 0.00105523 , -0.000112407
0.140571 , 0.0010275 , -0.000118581
0.140905 , 0.000994367 , -0.000120656
0.141239 , 0.000957445 , -0.000118509
0.141573 , 0.000918556 , -0.000112232
0.141907 , 0.000879633 , -0.000102126
0.142241 , 0.000842592 , -8.86836e-05
0.142574 , 0.000809214 , -7.2571e-05
0.142908 , 0.000781035 , -5.459e-05
0.143242 , 0.000759253 , -3.56398e-05
0.143576 , 0.000744654 , -1.66715e-05
0.14391 , 0.000737571 , 1.35931e-06
0.144244 , 0.000737864 , 1.75415e-05
0.144578 , 0.000744942 , 3.10542e-05
0.144912 , 0.0007578 , 4.12086e-05
0.145246 , 0.000775098 , 4.74834e-05
0.14558 , 0.000795245 , 4.95514e-05
0.145913 , 0.000816514 , 4.72971e-05
0.146247 , 0.000837155 , 4.08226e-05
0.146581 , 0.000855513 , 3.04438e-05
0.146915 , 0.000870136 , 1.66743e-05
0.147249 , 0.000879875 , 2.00812e-07
0.147583 , 0.000883955 , -1.81518e-05
0.147917 , 0.000882028 , -3.74613e-05
0.148251 , 0.000874195 , -5.67549e-05
0.148585 , 0.000860997 , -7.50582e-05
0.148919 , 0.000843379 , -9.14443e-05
0.149252 , 0.000822624 , -0.000105081
0.149586 , 0.00080027 , -0.000115274
0.14992 , 0.000778003 , -0.000121501
0.150254 , 0.000757544 , -0.000123439
0.150588 , 0.000740536 , -0.000120983
0.150922 , 0.000728431 , -0.000114248
0.151256 , 0.00072239 , -0.00010357
0.15159 , 0.000723207 , -8.9482e-05
0.151924 , 0.000731247 , -7.26933e-05
0.152257 , 0.000746425 , -5.40513e-05
0.152591 , 0.0007682 , -3.45e-05
0.152925 , 0.00079561 , -1.50315e-05
0.153259 , 0.000827327 , 3.36348e-06
0.153593 , 0.000861741 , 1.97465e-05
0.153927 , 0.000897058 , 3.32787e-05
0.154261 , 0.000931411 , 4.32639e-05
0.154595 , 0.000962979 , 4.91843e-05
0.154929 , 0.000990097 , 5.07272e-05
0.155263 , 0.00101136 , 4.78016e-05
0.155596 , 0.00102572 , 4.05432e-05
0.15593 , 0.00103253 , 2.93084e-05
0.156264 , 0.00103159 , 1.46568e-05
0.156598 , 0.00102318 , -2.67692e-06
0.156932 , 0.00100798 , -2.18195e-05
0.157266 , 0.000987093 , -4.18031e-05
0.1576 , 0.000961933 , -6.16145e-05
0.157934 , 0.000934132 , -8.0246e-05
0.158268 , 0.000905445 , -9.67471e-05
0.158602 , 0.000877634 , -0.000110273
0.158935 , 0.000852355 , -0.000120126
0.159269 , 0.000831055 , -0.000125796
0.159603 , 0.000814881 , -0.000126982
0.159937 , 0.000804608 , -0.000123612
0.160271 , 0.000800601 , -0.000115843
0.160605 , 0.000802789 , -0.000104059
0.160939 , 0.00081068 , -8.88495e-05
0.161273 , 0.000823399 , -7.09813e-05
0.161607 , 0.000839747 , -5.1359e-05
0.161941 , 0.000858291 , -3.09813e-05
0.162274 , 0.000877453 , -1.08898e-05
0.162608 , 0.000895622 , 7.88285e-06
0.162942 , 0.000911261 , 2.43657e-05
0.163276 , 0.000923008 , 3.76983e-05
0.16361 , 0.000929762 , 4.71751e-05
0.163944 , 0.000930761 , 5.22809e-05
0.164278 , 0.000925625 , 5.27179e-05
0.164612 , 0.00091438 , 4.84213e-05
0.164946 , 0.000897454 , 3.95633e-05
0.16528 , 0.000875647 , 2.6545e-05
0.165613 , 0.000850073 , 9.97719e-06
0.165947 , 0.000822086 , -9.35014e-06
0.166281 , 0.000793187 , -3.05068e-05
0.166615 , 0.000764928 , -5.24689e-05
0.166949 , 0.0007388 , -7.417e-05
0.167283 , 0.000716141 , -9.45546e-05
0.167617 , 0.000698047 , -0.000112631
0.167951 , 0.000685295 , -0.000127521
0.168285 , 0.000678298 , -0.000138504
0.168618 , 0.000677074 , -0.000145054
0.168952 , 0.000681251 , -0.000146866
0.169286 , 0.000690084 , -0.000143869
0.16962 , 0.000702514 , -0.000136232
0.169954 , 0.000717232 , -0.000124356
0.170288 , 0.000732764 , -0.000108851
0.170622 , 0.000747573 , -9.05069e-05
0.170956 , 0.000760154 , -7.02515e-05
0.17129 , 0.000769133 , -4.91059e-05
0.171624 , 0.000773354 , -2.81309e-05
0.171957 , 0.000771955 , -8.37329e-06
0.172291 , 0.000764419 , 9.18754e-06
0.172625 , 0.000750607 , 2.36894e-05
0.172959 , 0.000730763 , 3.44313e-05
0.173293 , 0.000705498 , 4.09099e-05
0.173627 , 0.000675743 , 4.28447e-05
0.173961 , 0.000642695 , 4.01931e-05
0.174295 , 0.000607731 , 3.31529e-05
0.174629 , 0.000572325 , 2.21525e-05
0.174963 , 0.00053795 , 7.82908e-06
0.175296 , 0.000505989 , -9.00308e-06
0.17563 , 0.00047765 , -2.73944e-05
0.175964 , 0.000453892 , -4.6308e-05
0.176298 , 0.000435376 , -6.46731e-05
0.176632 , 0.000422429 , -8.14393e-05
0.176966 , 0.000415035 , -9.56313e-05
0.1773 , 0.00041285 , -0.000106398
0.177634 , 0.000415237 , -0.00011306
0.177968 , 0.000421318 , -0.00011514
0.178302 , 0.000430051 , -0.000112393
0.178635 , 0.000440303 , -0.00010482
0.178969 , 0.000450939 , -9.26663e-05
0.179303 , 0.000460907 , -7.64147e-05
0.179637 , 0.000469311 , -5.67604e-05
0.179971 , 0.000475477 , -3.45789e-05
0.180305 , 0.000479 , -1.08826e-05
0.180639 , 0.000479771 , 1.32284e-05
0.180973 , 0.000477982 , 3.66204e-05
0.181307 , 0.000474109 , 5.81823e-05
0.181641 , 0.000468874 , 7.68802e-05
0.181974 , 0.000463189 , 9.18091e-05
0.182308 , 0.000458085 , 0.000102237
0.182642 , 0.000454633 , 0.000107644
0.182976 , 0.000453857 , 0.000107742
0.18331 , 0.000456657 , 0.000102497
0.183644 , 0.000463729 , 9.21244e-05
0.183978 , 0.000475509 , 7.70815e-05
0.184312 , 0.000492124 , 5.80436e-05
0.184646 , 0.000513374 , 3.58709e-05
0.184979 , 0.000538727 , 1.15652e-05
0.185313 , 0.000567343 , -1.37793e-05
0.185647 , 0.000598116 , -3.90306e-05
0.185981 , 0.000629735 , -6.30749e-05
0.186315 , 0.000660765 , -8.48714e-05
0.186649 , 0.000689729 , -0.000103503
0.186983 , 0.000715203 , -0.000118223
0.187317 , 0.000735904 , -0.000128489
0.187651 , 0.000750772 , -0.000133987
0.187985 , 0.000759042 , -0.00013465
0.188318 , 0.000760291 , -0.000130656
0.188652 , 0.000754473 , -0.000122419
0.188986 , 0.000741929 , -0.000110561
0.18932 , 0.000723364 , -9.58867e-05
0.189654 , 0.000699816 , -7.93322e-05
0.189988 , 0.000672596 , -6.19213e-05
0.190322 , 0.000643208 , -4.47091e-05
0.190656 , 0.000613269 , -2.87271e-05
0.19099 , 0.000584411 , -1.49293e-05
0.191324 , 0.00055819 , -4.14182e-06
0.191657 , 0.000535994 , 2.98048e-06
0.191991 , 0.00051897 , 5.98849e-06
0.192325 , 0.000507959 , 4.66301e-06
0.192659 , 0.000503453 , -9.73106e-07
0.192993 , 0.000505578 , -1.06552e-05
0.193327 , 0.000514093 , -2.38898e-05
0.193661 , 0.000528415 , -3.9979e-05
0.193995 , 0.000547665 , -5.80557e-05
0.194329 , 0.00057073 , -7.71281e-05
0.194663 , 0.000596338 , -9.61302e-05
0.194996 , 0.00062314 , -0.000113976
0.19533 , 0.000649798 , -0.000129618
0.195664 , 0.000675065 , -0.000142097
0.195998 , 0.000697859 , -0.000150597
0.196332 , 0.000717326 , -0.000154486
0.196666 , 0.00073288 , -0.000153351
0.197 , 0.000744231 , -0.000147021
0.197334 , 0.000751385 , -0.000135576
0.197668 , 0.000754633 , -0.00011935
0.198002 , 0.000754509 , -9.89126e-05
0.198335 , 0.000751744 , -7.50462e-05
0.198669 , 0.000747202 , -4.87063e-05
0.199003 , 0.000741806 , -2.09774e-05
0.199337 , 0.000736466 , 6.97948e-06
0.199671 , 0.000732013 , 3.39834e-05
0.200005 , 0.000729128 , 5.88906e-05
0.200339 , 0.000728296 , 8.06505e-05
0.200673 , 0.000729769 , 9.83569e-05
0.201007 , 0.000733549 , 0.000111292
0.20134 , 0.000739384 , 0.000118962
0.201674 , 0.000746792 , 0.00012112
0.202008 , 0.000755094 , 0.000117779
0.202342 , 0.000763464 , 0.000109209
0.202676 , 0.00077099 , 9.59246e-05
0.20301 , 0.000776742 , 7.86587e-05
0.203344 , 0.000779837 , 5.83256e-05
0.203678 , 0.000779508 , 3.59752e-05
0.204012 , 0.000775158 , 1.27411e-05
0.204346 , 0.000766405 , -1.02159e-05
0.204679 , 0.000753115 , -3.17654e-05
0.205013 , 0.00073541 , -5.08633e-05
0.205347 , 0.000713668 , -6.66029e-05
0.205681 , 0.000688496 , -7.82595e-05
0.206015 , 0.000660695 , -8.53257e-05
0.206349 , 0.000631205 , -8.7535e-05
0.206683 , 0.000601049 , -8.48745e-05
0.207017 , 0.000571258 , -7.75835e-05
0.207351 , 0.000542813 , -6.61407e-05
0.207685 , 0.000516576 , -5.12382e-05
0.208018 , 0.00049324 , -3.37458e-05
0.208352 , 0.000473282 , -1.4666e-05
0.208686 , 0.00045694 , 4.91771e-06
0.20902 , 0.000444203 , 2.38959e-05
0.209354 , 0.000434818 , 4.11902e-05
0.209688 , 0.000428311 , 5.58079e-05
0.210022 , 0.000424037 , 6.68925e-05
0.210356 , 0.000421222 , 7.37674e-05
0.21069 , 0.000419031 , 7.59696e-05
0.211024 , 0.000416631 , 7.32738e-05
0.211357 , 0.000413256 , 6.57032e-05
0.211691 , 0.000408269 , 5.35286e-05
0.212025 , 0.00040121 , 3.72546e-05
0.212359 , 0.000391837 , 1.75939e-05
0.212693 , 0.000380144 , -4.56849e-06
0.213027 , 0.000366368 , -2.82198e-05
0.213361 , 0.000350975 , -5.22709e-05
0.213695 , 0.000334629 , -7.56105e-05
0.214029 , 0.000318144 , -9.71614e-05
0.214363 , 0.000302431 , -0.000115934
0.214696 , 0.000288427 , -0.000131077
0.21503 , 0.00027703 , -0.000141918
0.215364 , 0.000269024 , -0.000147996
0.215698 , 0.000265027 , -0.000149089
0.216032 , 0.000265429 , -0.000145217
0.216366 , 0.000270362 , -0.000136646
0.2167 , 0.000279677 , -0.000123872
0.217034 , 0.000292943 , -0.000107593
0.217368 , 0.000309466 , -8.86746e-05
0.217701 , 0.000328322 , -6.81071e-05
0.218035 , 0.000348413 , -4.69518e-05
0.218369 , 0.000368532 , -2.62886e-05
0.218703 , 0.000387431 , -7.16071e-06
0.219037 , 0.000403907 , 9.47868e-06
0.219371 , 0.000416872 , 2.28143e-05
0.219705 , 0.000425424 , 3.22104e-05
0.220039 , 0.000428911 , 3.72422e-05
0.220373 , 0.000426969 , 3.77178e-05
0.220707 , 0.000419551 , 3.36869e-05
0.22104 , 0.000406933 , 2.54379e-05
0.221374 , 0.000389701 , 1.3483e-05
0.221708 , 0.000368716 , -1.46879e-06
0.222042 , 0.000345064 , -1.85483e-05
0.222376 , 0.000319989 , -3.67705e-05
0.22271 , 0.000294821 , -5.50861e-05
0.223044 , 0.000270891 , -7.24346e-05
0.223378 , 0.000249456 , -8.77999e-05
0.223712 , 0.00023162 , -0.000100262
0.224046 , 0.000218269 , -0.000109045
0.224379 , 0.000210023 , -0.000113557
0.224713 , 0.000207204 , -0.000113423
0.225047 , 0.000209818 , -0.000108501
0.225381 , 0.000217568 , -9.88977e-05
0.225715 , 0.000229876 , -8.49555e-05
0.226049 , 0.000245933 , -6.72434e-05
0.226383 , 0.000264757 , -4.65266e-05
0.226717 , 0.000285263 , -2.37302e-05
0.227051 , 0.000306341 , 1.06543e-07
0.227385 , 0.000326931 , 2.3881e-05
0.227718 , 0.0003461 , 4.64816e-05
0.228052 , 0.0003631 , 6.68427e-05
0.228386 , 0.000377423 , 8.39968e-05
0.22872 , 0.000388828 , 9.71225e-05
0.229054 , 0.000397357 , 0.000105585
0.229388 , 0.000403329 , 0.000108966
0.229722 , 0.000407308 , 0.000107086
0.230056 , 0.000410066 , 0.000100011
0.23039 , 0.000412515 , 8.80507e-05
0.230724 , 0.000415643 , 7.17407e-05
0.231057 , 0.000420435 , 5.18168e-05
0.231391 , 0.000427797 , 2.91783e-05
0.231725 , 0.000438482 , 4.84312e-06
0.232059 , 0.00045303 , -2.01022e-05
0.232393 , 0.000471719 , -4.45564e-05
0.232727 , 0.00049453 , -6.74568e-05
0.233061 , 0.000521139 , -8.78316e-05
0.233395 , 0.000550928 , -0.000104846
0.233729 , 0.000583008 , -0.000117844
0.234062 , 0.000616275 , -0.000126375
0.234396 , 0.000649466 , -0.000130219
0.23473 , 0.000681241 , -0.000129389
0.235064 , 0.000710259 , -0.000124134
0.235398 , 0.000735264 , -0.000114919
0.235732 , 0.000755164 , -0.000102402
0.236066 , 0.000769098 , -8.73951e-05
0.2364 , 0.000776494 , -7.08248e-05
0.236734 , 0.000777103 , -5.36811e-05
0.237068 , 0.000771023 , -3.69669e-05
0.237401 , 0.00075869 , -2.1645e-05
0.237735 , 0.000740854 , -8.5893e-06
0.238069 , 0.000718536 , 1.46036e-06
0.238403 , 0.000692968 , 7.93616e-06
0.238737 , 0.000665516 , 1.04709e-05
0.239071 , 0.000637599 , 8.91663e-06
0.239405 , 0.000610605 , 3.35132e-06
0.239739 , 0.000585809 , -5.92529e-06
0.240073 , 0.000564299 , -1.84078e-05
0.240407 , 0.000546914 , -3.34117e-05
0.24074 , 0.0005342 , -5.01089e-05
0.241074 , 0.000526384 , -6.75705e-05
0.241408 , 0.000523371 , -8.48156e-05
0.241742 , 0.000524758 , -0.000100861
0.242076 , 0.000529873 , -0.000114773
0.24241 , 0.000537825 , -0.000125716
0.242744 , 0.000547572 , -0.000132994
0.243078 , 0.000557996 , -0.000136089
0.243412 , 0.000567981 , -0.000134688
0.243746 , 0.00057649 , -0.000128698
0.244079 , 0.000582636 , -0.000118256
0.244413 , 0.00058574 , -0.000103717
0.244747 , 0.000585375 , -8.56441e-05
0.245081 , 0.000581389 , -6.47758e-05
0.245415 , 0.000573912 , -4.19932e-05
0.245749 , 0.00056334 , -1.82755e-05
0.246083 , 0.000550305 , 5.34768e-06
0.246417 , 0.000535618 , 2.78469e-05
0.246751 , 0.000520213 , 4.82433e-05
0.247085 , 0.000505072 , 6.56562e-05
0.247418 , 0.000491152 , 7.93465e-05
0.247752 , 0.00047931 , 8.87517e-05
0.248086 , 0.00047024 , 9.35131e-05
0.24842 , 0.000464416 , 9.34923e-05
0.248754 , 0.000462052 , 8.87764e-05
0.249088 , 0.000463084 , 7.96726e-05
0.249422 , 0.000467164 , 6.66914e-05
0.249756 , 0.000473681 , 5.05196e-05
0.25009 , 0.000481795 , 3.19853e-05
0.250423 , 0.000490493 , 1.20153e-05
0.250757 , 0.000498651 , -8.41197e-06
0.251091 , 0.000505111 , -2.83154e-05
0.251425 , 0.000508755 , -4.67606e-05
0.251759 , 0.000508585 , -6.29063e-05
0.252093 , 0.000503784 , -7.60458e-05
0.252427 , 0.000493782 , -8.56413e-05
0.252761 , 0.00047829 , -9.13498e-05
0.253095 , 0.000457325 , -9.30383e-05
0.253429 , 0.000431218 , -9.0789e-05
0.253762 , 0.000400589 , -8.4893e-05
0.254096 , 0.00036632 , -7.58334e-05
0.25443 , 0.000329494 , -6.42589e-05
0.254764 , 0.000291336 , -5.09491e-05
0.255098 , 0.000253138 , -3.67728e-05
0.255432 , 0.000216175 , -2.26426e-05
0.255766 , 0.000181636 , -9.46655e-06
0.2561 , 0.000150547 , 1.89898e-06
0.256434 , 0.000123716 , 1.06943e-05
0.256768 , 0.000101687 , 1.62958e-05
0.257101 , 8.47155e-05 , 1.8249e-05
0.257435 , 7.27579e-05 , 1.62922e-05
0.257769 , 6.54891e-05 , 1.03707e-05
0.258103 , 6.23323e-05 , 6.40109e-07
0.258437 , 6.25085e-05 , -1.25405e-05
0.258771 , 6.50983e-05 , -2.86265e-05
0.259105 , 6.91127e-05 , -4.69144e-05
0.259439 , 7.35681e-05 , -6.65771e-05
0.259773 , 7.75591e-05 , -8.6705e-05
0.260107 , 8.03261e-05 , -0.000106352
0.26044 , 8.1311e-05 , -0.00012458
0.260774 , 8.01984e-05 , -0.000140512
0.261108 , 7.69385e-05 , -0.000153367
0.261442 , 7.17509e-05 , -0.000162508
0.261776 , 6.51081e-05 , -0.000167466
0.26211 , 5.77009e-05 , -0.000167969
0.262444 , 5.03866e-05 , -0.00016395
0.262778 , 4.41246e-05 , -0.000155555
0.263112 , 3.99038e-05 , -0.000143133
0.263446 , 3.86656e-05 , -0.000127218
0.263779 , 4.12298e-05 , -0.000108504
0.264113 , 4.82267e-05 , -8.78078e-05
0.264447 , 6.00416e-05 , -6.60317e-05
0.264781 , 7.67747e-05 , -4.41169e-05
0.265115 , 9.82202e-05 , -2.29976e-05
0.265449 , 0.000123866 , -3.55581e-06
0.265783 , 0.000152914 , 1.34215e-05
0.266117 , 0.00018432 , 2.72802e-05
0.266451 , 0.000216854 , 3.75295e-05
0.266784 , 0.000249168 , 4.38643e-05
0.267118 , 0.00027988 , 4.61782e-05
0.267452 , 0.000307659 , 4.45659e-05
0.267786 , 0.000331308 , 3.93161e-05
0.26812 , 0.000349839 , 3.0894e-05
0.268454 , 0.000362541 , 1.99157e-05
0.268788 , 0.000369026 , 7.11465e-06
0.269122 , 0.000369259 , -6.69766e-06
0.269456 , 0.000363561 , -2.06741e-05
0.26979 , 0.000352597 , -3.39765e-05
0.270123 , 0.000337338 , -4.58187e-05
0.270457 , 0.000319002 , -5.55076e-05
0.270791 , 0.000298986 , -6.24783e-05
0.271125 , 0.000278778 , -6.63228e-05
0.271459 , 0.00025987 , -6.68105e-05
0.271793 , 0.000243667 , -6.38992e-05
0.272127 , 0.000231403 , -5.77369e-05
0.272461 , 0.000224071 , -4.86528e-05
0.272795 , 0.000222359 , -3.71403e-05
0.273129 , 0.00022662 , -2.38303e-05
0.273462 , 0.000236845 , -9.4582e-06
0.273796 , 0.000252681 , 5.17443e-06
0.27413 , 0.00027345 , 1.92417e-05
0.274464 , 0.000298202 , 3.19366e-05
0.274798 , 0.00032578 , 4.25125e-05
0.275132 , 0.000354899 , 5.03224e-05
0.275466 , 0.000384231 , 5.48525e-05
0.2758 , 0.000412495 , 5.57493e-05
0.276134 , 0.000438539 , 5.28377e-05
0.276468 , 0.000461416 , 4.61315e-05
0.276801 , 0.000480444 , 3.58329e-05
0.277135 , 0.000495249 , 2.23232e-05
0.277469 , 0.000505785 , 6.14419e-06
0.277803 , 0.000512333 , -1.20281e-05
0.278137 , 0.000515479 , -3.14173e-05
0.278471 , 0.00051607 , -5.11843e-05
0.278805 , 0.000515149 , -7.04694e-05
0.279139 , 0.000513886 , -8.84342e-05
0.279473 , 0.000513491 , -0.000104303
0.279807 , 0.000515126 , -0.0001174
0.28014 , 0.000519825 , -0.000127183
0.280474 , 0.000528416 , -0.00013327
0.280808 , 0.000541458 , -0.000135456
0.281142 , 0.000559199 , -0.000133722
0.281476 , 0.000581549 , -0.000128236
0.28181 , 0.000608081 , -0.000119341
0.282144 , 0.000638046 , -0.000107541
0.282478 , 0.000670419 , -9.34695e-05
0.282812 , 0.000703955 , -7.78614e-05
0.283145 , 0.000737265 , -6.15132e-05
0.283479 , 0.000768896 , -4.5244e-05
0.283813 , 0.000797425 , -2.98537e-05
0.284147 , 0.00082154 , -1.60839e-05
0.284481 , 0.000840121 , -4.58114e-06
0.284815 , 0.000852312 , 4.13471e-06
0.285149 , 0.000857565 , 9.69496e-06
0.285483 , 0.000855679 , 1.18992e-05
0.285817 , 0.000846808 , 1.07237e-05
0.286151 , 0.000831446 , 6.32064e-06
0.286484 , 0.000810403 , -9.91446e-07
0.286818 , 0.000784743 , -1.07456e-05
0.287152 , 0.000755728 , -2.23517e-05
0.287486 , 0.00072473 , -3.51282e-05
0.28782 , 0.000693154 , -4.83376e-05
0.288154 , 0.000662353 , -6.12251e-05
0.288488 , 0.000633547 , -7.30577e-05
0.288822 , 0.000607755 , -8.31616e-05
0.289156 , 0.000585737 , -9.09569e-05
0.28949 , 0.000567963 , -9.59869e-05
0.289823 , 0.000554592 , -9.79406e-05
0.290157 , 0.000545473 , -9.66685e-05
0.290491 , 0.000540175 , -9.21894e-05
0.290825 , 0.00053802 , -8.46885e-05
0.291159 , 0.000538149 , -7.45073e-05
0.291493 , 0.000539583 , -6.21257e-05
0.291827 , 0.0005413 , -4.81365e-05
0.292161 , 0.000542312 , -3.32152e-05
0.292495 , 0.000541733 , -1.80849e-05
0.292829 , 0.000538847 , -3.47958e-06
0.293162 , 0.000533152 , 9.89329e-06
0.293496 , 0.000524401 , 2.13883e-05
0.29383 , 0.000512612 , 3.04546e-05
0.294164 , 0.000498069 , 3.66627e-05
0.294498 , 0.000481296 , 3.97259e-05
0.294832 , 0.00046302 , 3.95131e-05
0.295166 , 0.00044412 , 3.60548e-05
0.2955 , 0.000425556 , 2.95394e-05
0.295834 , 0.000408305 , 2.03029e-05
0.296168 , 0.00039329 , 8.81002e-06
0.296501 , 0.000381307 , -4.37088e-06
0.296835 , 0.000372973 , -1.85976e-05
0.297169 , 0.000368674 , -3.31882e-05
0.297503 , 0.000368535 , -4.74559e-05
0.297837 , 0.000372407 , -6.07453e-05
0.298171 , 0.000379871 , -7.24656e-05
0.298505 , 0.000390263 , -8.21204e-05
0.298839 , 0.00040271 , -8.93331e-05
0.299173 , 0.000416186 , -9.38649e-05
0.299506 , 0.000429571 , -9.56262e-05
0.29984 , 0.000441729 , -9.46801e-05
0.300174 , 0.000451571 , -9.12372e-05
0.300508 , 0.000458122 , -8.56434e-05
0.300842 , 0.000460589 , -7.83603e-05
0.301176 , 0.000458398 , -6.99397e-05
0.30151 , 0.000451234 , -6.09934e-05
0.301844 , 0.000439056 , -5.21594e-05
0.302178 , 0.000422092 , -4.40679e-05
0.302512 , 0.000400825 , -3.73061e-05
0.302845 , 0.000375952 , -3.2387e-05
0.303179 , 0.000348342 , -2.97203e-05
0.303513 , 0.000318973 , -2.95902e-05
0.303847 , 0.000288869 , -3.21387e-05
0.304181 , 0.000259036 , -3.73566e-05
0.304515 , 0.000230396 , -4.50823e-05
0.304849 , 0.000203736 , -5.50086e-05
0.305183 , 0.000179661 , -6.66969e-05
0.305517 , 0.000158563 , -7.95984e-05
0.305851 , 0.00014061 , -9.30808e-05
0.306184 , 0.000125743 , -0.00010646
0.306518 , 0.0001137 , -0.000119034
0.306852 , 0.000104042 , -0.000130116
0.307186 , 9.62034e-05 , -0.000139075
0.30752 , 8.95448e-05 , -0.000145361
0.307854 , 8.34098e-05 , -0.000148535
0.308188 , 7.71853e-05 , -0.000148294
0.308522 , 7.03566e-05 , -0.000144486
0.308856 , 6.25552e-05 , -0.000137116
0.30919 , 5.35945e-05 , -0.000126351
0.309523 , 4.3492e-05 , -0.000112509
0.309857 , 3.24759e-05 , -9.60481e-05
0.310191 , 2.09755e-05 , -7.75417e-05
0.310525 , 9.59511e-06 , -5.76552e-05
0.310859 , -9.24811e-07 , -3.7113e-05
0.311193 , -9.75887e-06 , -1.66652e-05
0.311527 , -1.60552e-05 , 2.94717e-06
0.311861 , -1.8998e-05 , 2.10263e-05
0.312195 , -1.78692e-05 , 3.6949e-05
0.312529 , -1.21052e-05 , 5.01948e-05
0.312862 , -1.34511e-06 , 6.0368e-05
0.313196 , 1.45344e-05 , 6.72138e-05
0.31353 , 3.53983e-05 , 7.06272e-05
0.313864 , 6.085e-05 , 7.06546e-05
0.314198 , 9.02447e-05 , 6.74875e-05
0.314532 , 0.00012272 , 6.14497e-05
0.314866 , 0.000157238 , 5.29776e-05
0.3152 , 0.000192647 , 4.25953e-05
0.315534 , 0.00022774 , 3.08865e-05
0.315868 , 0.00026133 , 1.84628e-05
0.316201 , 0.000292311 , 5.93204e-06
0.316535 , 0.000319729 , -6.13303e-06
0.316869 , 0.000342828 , -1.72233e-05
0.317203 , 0.000361098 , -2.69182e-05
0.317537 , 0.000374297 , -3.49054e-05
0.317871 , 0.000382463 , -4.09947e-05
0.318205 , 0.000385899 , -4.51245e-05
0.318539 , 0.000385155 , -4.7362e-05
0.318873 , 0.000380981 , -4.78963e-05
0.319206 , 0.000374275 , -4.70245e-05
0.31954 , 0.00036602 , -4.5133e-05
0.319874 , 0.000357221 , -4.26728e-05
0.320208 , 0.000348832 , -4.01334e-05
0.320542 , 0.000341698 , -3.80126e-05
0.320876 , 0.000336499 , -3.67878e-05
0.32121 , 0.000333713 , -3.68878e-05
0.321544 , 0.000333584 , -3.8667e-05
0.321878 , 0.000336118 , -4.23847e-05
0.322212 , 0.000341088 , -4.81886e-05
0.322545 , 0.00034806 , -5.61053e-05
0.322879 , 0.000356432 , -6.60364e-05
0.323213 , 0.000365489 , -7.77624e-05
0.323547 , 0.000374457 , -9.09526e-05
0.323881 , 0.000382576 , -0.000105181
0.324215 , 0.000389154 , -0.000119947
0.324549 , 0.000393636 , -0.000134703
0.324883 , 0.000395645 , -0.000148879
0.325217 , 0.000395024 , -0.000161915
0.325551 , 0.000391857 , -0.00017329
0.325884 , 0.000386468 , -0.000182546
0.326218 , 0.000379414 , -0.000189318
0.326552 , 0.000371449 , -0.000193345
0.326886 , 0.000363482 , -0.000194495
0.32722 , 0.000356515 , -0.000192762
0.327554 , 0.00035158 , -0.000188275
0.327888 , 0.000349667 , -0.000181287
0.328222 , 0.000351656 , -0.000172166
0.328556 , 0.000358256 , -0.000161376
0.32889 , 0.000369945 , -0.000149453
0.329223 , 0.000386939 , -0.000136977
0.329557 , 0.000409164 , -0.000124546
0.329891 , 0.000436255 , -0.000112744
0.330225 , 0.000467571 , -0.000102109
0.330559 , 0.000502225 , -9.31101e-05
0.330893 , 0.00053914 , -8.61198e-05
0.331227 , 0.000577105 , -8.13964e-05
0.331561 , 0.000614853 , -7.90703e-05
0.331895 , 0.000651133 , -7.91375e-05
0.332229 , 0.000684789 , -8.14593e-05
0.332562 , 0.000714828 , -8.5769e-05
0.332896 , 0.00074048 , -9.16854e-05
0.33323 , 0.000761244 , -9.87318e-05
0.333564 , 0.000776917 , -0.00010636
3.33564e-13 , 324959 , -13697.7
0.000333898 , 324479 , -13678
0.000667796 , 323047 , -13619
0.00100169 , 320688 , -13521.5
0.00133559 , 317444 , -13386.6
0.00166949 , 313369 , -13215.9
0.00200339 , 308532 , -13011.3
0.00233729 , 303012 , -12775.2
0.00267118 , 296894 , -12510
0.00300508 , 290269 , -12218.5
0.00333898 , 283231 , -11903.8
0.00367288 , 275875 , -11568.8
0.00400678 , 268291 , -11216.7
0.00434067 , 260566 , -10850.5
0.00467457 , 252782 , -10473.3
0.00500847 , 245012 , -10088
0.00534237 , 237319 , -9697.39
0.00567627 , 229759 , -9304.24
0.00601016 , 222378 , -8910.98
0.00634406 , 215211 , -8519.91
0.00667796 , 208283 , -8133.14
0.00701186 , 201611 , -7752.57
0.00734576 , 195204 , -7379.87
0.00767965 , 189061 , -7016.55
0.00801355 , 183179 , -6663.88
0.00834745 , 177544 , -6322.98
0.00868135 , 172141 , -5994.76
0.00901525 , 166952 , -5679.96
0.00934914 , 161954 , -5379.16
0.00968304 , 157127 , -5092.8
0.0100169 , 152447 , -4821.13
0.0103508 , 147892 , -4564.33
0.0106847 , 143442 , -4322.42
0.0110186 , 139078 , -4095.3
0.0113525 , 134783 , -3882.81
0.0116864 , 130544 , -3684.67
0.0120203 , 126350 , -3500.53
0.0123542 , 122194 , -3329.97
0.0126881 , 118071 , -3172.5
0.013022 , 113981 , -3027.6
0.0133559 , 109924 , -2894.68
0.0136898 , 105904 , -2773.14
0.0140237 , 101930 , -2662.32
0.0143576 , 98008.1 , -2561.58
0.0146915 , 94149.4 , -2470.24
0.0150254 , 90364.8 , -2387.61
0.0153593 , 86666.2 , -2313.01
0.0156932 , 83065.5 , -2245.76
0.0160271 , 79574.8 , -2185.19
0.016361 , 76205.4 , -2130.65
0.0166949 , 72968 , -2081.51
0.0170288 , 69872 , -2037.15
0.0173627 , 66925.4 , -1996.99
0.0176966 , 64134.9 , -1960.47
0.0180305 , 61505.2 , -1927.07
0.0183644 , 59039.2 , -1896.29
0.0186983 , 56738.1 , -1867.67
0.0190322 , 54600.9 , -1840.78
0.0193661 , 52625.1 , -1815.24
0.0197 , 50806.1 , -1790.68
0.0200339 , 49138 , -1766.8
0.0203678 , 47613.4 , -1743.32
0.0207017 , 46223.4 , -1719.98
0.0210356 , 44958.5 , -1696.59
0.0213695 , 43808 , -1672.96
0.0217034 , 42761 , -1648.96
0.0220373 , 41806.1 , -1624.47
0.0223712 , 40931.6 , -1599.41
0.0227051 , 40126.3 , -1573.72
0.023039 , 39379.1 , -1547.37
0.0233729 , 38679.1 , -1520.35
0.0237068 , 38016.5 , -1492.67
0.0240407 , 37382 , -1464.34
0.0243746 , 36767.3 , -1435.42
0.0247085 , 36165.1 , -1405.96
0.0250423 , 35568.9 , -1376.03
0.0253762 , 34973.7 , -1345.71
0.0257101 , 34375.2 , -1315.08
0.026044 , 33770.5 , -1284.23
0.0263779 , 33157.4 , -1253.28
0.0267118 , 32534.7 , -1222.3
0.0270457 , 31902.3 , -1191.4
0.0273796 , 31260.6 , -1160.68
0.0277135 , 30610.6 , -1130.23
0.0280474 , 29954 , -1100.13
0.0283813 , 29292.9 , -1070.47
0.0287152 , 28629.6 , -1041.33
0.0290491 , 27966.7 , -1012.78
0.029383 , 27306.9 , -984.897
0.0297169 , 26652.9 , -957.733
0.0300508 , 26007.5 , -931.349
0.0303847 , 25373 , -905.796
0.0307186 , 24751.7 , -881.117
0.0310525 , 24145.7 , -857.348
0.0313864 , 23556.6 , -834.519
0.0317203 , 22985.6 , -812.648
0.0320542 , 22433.8 , -791.749
0.0323881 , 21901.8 , -771.827
0.032722 , 21389.9 , -752.88
0.0330559 , 20898 , -734.901
0.0333898 , 20426 , -717.876
0.0337237 , 19973.4 , -701.79
0.0340576 , 19539.4 , -686.622
0.0343915 , 19123.2 , -672.346
0.0347254 , 18723.9 , -658.936
0.0350593 , 18340.4 , -646.361
0.0353932 , 17971.7 , -634.588
0.0357271 , 17616.7 , -623.579
0.036061 , 17274.3 , -613.295
0.0363949 , 16943.4 , -603.692
0.0367288 , 16623.3 , -594.727
0.0370627 , 16312.9 , -586.353
0.0373966 , 16011.7 , -578.524
0.0377305 , 15719.1 , -571.194
0.0380644 , 15434.6 , -564.318
0.0383983 , 15157.9 , -557.852
0.0387322 , 14888.8 , -551.755
0.0390661 , 14627.2 , -545.986
0.0394 , 14373 , -540.505
0.0397339 , 14126.2 , -535.275
0.0400678 , 13886.8 , -530.256
0.0404017 , 13654.9 , -525.412
0.0407356 , 13430.5 , -520.703
0.0410695 , 13213.7 , -516.094
0.0414034 , 13004.6 , -511.549
0.0417372 , 12803.1 , -507.035
0.0420711 , 12609.2 , -502.522
0.042405 , 12422.9 , -497.982
0.0427389 , 12244.1 , -493.395
0.0430728 , 12072.5 , -488.74
0.0434067 , 11907.8 , -484.004
0.0437406 , 11749.9 , -479.173
0.0440745 , 11598.2 , -474.238
0.0444084 , 11452.3 , -469.19
0.0447423 , 11311.7 , -464.02
0.0450762 , 11175.9 , -458.721
0.0454101 , 11044.4 , -453.284
0.045744 , 10916.6 , -447.704
0.0460779 , 10792 , -441.976
0.0464118 , 10670 , -436.096
0.0467457 , 10550.2 , -430.065
0.0470796 , 10432.1 , -423.887
0.0474135 , 10315.3 , -417.569
0.0477474 , 10199.2 , -411.121
0.0480813 , 10083.7 , -404.557
0.0484152 , 9968.22 , -397.889
0.0487491 , 9852.64 , -391.133
0.049083 , 9736.71 , -384.303
0.0494169 , 9620.31 , -377.415
0.0497508 , 9503.33 , -370.48
0.0500847 , 9385.78 , -363.513
0.0504186 , 9267.66 , -356.527
0.0507525 , 9149.08 , -349.535
0.0510864 , 9030.13 , -342.553
0.0514203 , 8910.96 , -335.598
0.0517542 , 8791.74 , -328.688
0.0520881 , 8672.65 , -321.843
0.052422 , 8553.87 , -315.083
0.0527559 , 8435.61 , -308.427
0.0530898 , 8318.08 , -301.893
0.0534237 , 8201.49 , -295.496
0.0537576 , 8086.08 , -289.25
0.0540915 , 7972.05 , -283.164
0.0544254 , 7859.62 , -277.246
0.0547593 , 7748.98 , -271.503
0.0550932 , 7640.31 , -265.938
0.0554271 , 7533.76 , -260.558
0.055761 , 7429.46 , -255.368
0.0560949 , 7327.49 , -250.374
0.0564288 , 7227.93 , -245.583
0.0567627 , 7130.83 , -240.999
0.0570966 , 7036.23 , -236.629
0.0574305 , 6944.14 , -232.474
0.0577644 , 6854.58 , -228.535
0.0580983 , 6767.55 , -224.809
0.0584321 , 6683.03 , -221.29
0.058766 , 6601 , -217.971
0.0590999 , 6521.42 , -214.844
0.0594338 , 6444.24 , -211.899
0.0597677 , 6369.36 , -209.13
0.0601016 , 6296.73 , -206.532
0.0604355 , 6226.22 , -204.1
0.0607694 , 6157.74 , -201.834
0.0611033 , 6091.19 , -199.731
0.0614372 , 6026.47 , -197.792
0.0617711 , 5963.47 , -196.014
0.062105 , 5902.11 , -194.393
0.0624389 , 5842.29 , -192.924
0.0627728 , 5783.93 , -191.596
0.0631067 , 5726.94 , -190.4
0.0634406 , 5671.24 , -189.322
0.0637745 , 5616.72 , -188.35
0.0641084 , 5563.3 , -187.474
0.0644423 , 5510.89 , -186.684
0.0647762 , 5459.4 , -185.971
0.0651101 , 5408.76 , -185.329
0.065444 , 5358.89 , -184.754
0.0657779 , 5309.74 , -184.239
0.0661118 , 5261.25 , -183.778
0.0664457 , 5213.4 , -183.362
0.0667796 , 5166.13 , -182.98
0.0671135 , 5119.4 , -182.618
0.0674474 , 5073.18 , -182.259
0.0677813 , 5027.42 , -181.887
0.0681152 , 4982.08 , -181.486
0.0684491 , 4937.13 , -181.04
0.068783 , 4892.52 , -180.536
0.0691169 , 4848.25 , -179.965
0.0694508 , 4804.3 , -179.321
0.0697847 , 4760.67 , -178.597
0.0701186 , 4717.37 , -177.793
0.0704525 , 4674.43 , -176.903
0.0707864 , 4631.84 , -175.927
0.0711203 , 4589.64 , -174.858
0.0714542 , 4547.83 , -173.694
0.0717881 , 4506.43 , -172.428
0.072122 , 4465.42 , -171.056
0.0724559 , 4424.81 , -169.577
0.0727898 , 4384.59 , -167.991
0.0731237 , 4344.78 , -166.302
0.0734576 , 4305.37 , -164.518
0.0737915 , 4266.38 , -162.65
0.0741254 , 4227.83 , -160.713
0.0744593 , 4189.72 , -158.721
0.0747932 , 4152.09 , -156.69
0.075127 , 4114.93 , -154.631
0.0754609 , 4078.24 , -152.557
0.0757948 , 4042.03 , -150.475
0.0761287 , 4006.28 , -148.393
0.0764626 , 3970.97 , -146.317
0.0767965 , 3936.1 , -144.251
0.0771304 , 3901.63 , -142.203
0.0774643 , 3867.57 , -140.182
0.0777982 , 3833.92 , -138.198
0.0781321 , 3800.66 , -136.264
0.078466 , 3767.8 , -134.39
0.0787999 , 3735.35 , -132.591
0.0791338 , 3703.3 , -130.873
0.0794677 , 3671.64 , -129.243
0.0798016 , 3640.36 , -127.703
0.0801355 , 3609.45 , -126.251
0.0804694 , 3578.89 , -124.88
0.0808033 , 3548.68 , -123.584
0.0811372 , 3518.8 , -122.355
0.0814711 , 3489.28 , -121.186
0.081805 , 3460.12 , -120.072
0.0821389 , 3431.34 , -119.013
0.0824728 , 3402.97 , -118.01
0.0828067 , 3375.03 , -117.064
0.0831406 , 3347.52 , -116.179
0.0834745 , 3320.46 , -115.357
0.0838084 , 3293.85 , -114.597
0.0841423 , 3267.67 , -113.897
0.0844762 , 3241.92 , -113.251
0.0848101 , 3216.57 , -112.65
0.085144 , 3191.62 , -112.086
0.0854779 , 3167.06 , -111.548
0.0858118 , 3142.88 , -111.031
0.0861457 , 3119.08 , -110.529
0.0864796 , 3095.65 , -110.04
0.0868135 , 3072.6 , -109.567
0.0871474 , 3049.89 , -109.112
0.0874813 , 3027.52 , -108.678
0.0878152 , 3005.45 , -108.267
0.0881491 , 2983.64 , -107.878
0.088483 , 2962.05 , -107.508
0.0888169 , 2940.66 , -107.15
0.0891508 , 2919.43 , -106.795
0.0894847 , 2898.35 , -106.432
0.0898186 , 2877.43 , -106.052
0.0901525 , 2856.65 , -105.645
0.0904864 , 2836.03 , -105.208
0.0908203 , 2815.59 , -104.739
0.0911542 , 2795.33 , -104.238
0.0914881 , 2775.25 , -103.71
0.0918219 , 2755.35 , -103.159
0.0921558 , 2735.61 , -102.588
0.0924897 , 2716.02 , -101.999
0.0928236 , 2696.56 , -101.391
0.0931575 , 2677.23 , -100.76
0.0934914 , 2658.01 , -100.101
0.0938253 , 2638.92 , -99.408
0.0941592 , 2619.96 , -98.6771
0.0944931 , 2601.15 , -97.9063
0.094827 , 2582.5 , -97.0974
0.0951609 , 2564.02 , -96.2561
0.0954948 , 2545.72 , -95.3911
0.0958287 , 2527.6 , -94.5132
0.0961626 , 2509.66 , -93.6334
0.0964965 , 2491.89 , -92.7607
0.0968304 , 2474.28 , -91.9012
0.0971643 , 2456.85 , -91.0571
0.0974982 , 2439.6 , -90.2266
0.0978321 , 2422.55 , -89.4049
0.098166 , 2405.71 , -88.5858
0.0984999 , 2389.1 , -87.7635
0.0988338 , 2372.73 , -86.9342
0.0991677 , 2356.62 , -86.0975
0.0995016 , 2340.74 , -85.2568
0.0998355 , 2325.1 , -84.4188
0.100169 , 2309.66 , -83.5924
0.100503 , 2294.4 , -82.7868
0.100837 , 2279.3 , -82.01
0.101171 , 2264.35 , -81.2669
0.101505 , 2249.53 , -80.5587
0.101839 , 2234.87 , -79.8828
0.102173 , 2220.36 , -79.2338
0.102507 , 2206.03 , -78.6046
0.102841 , 2191.9 , -77.9887
0.103174 , 2177.99 , -77.3815
0.103508 , 2164.28 , -76.7818
0.103842 , 2150.78 , -76.192
0.104176 , 2137.48 , -75.6178
0.10451 , 2124.34 , -75.0669
0.104844 , 2111.36 , -74.5471
0.105178 , 2098.5 , -74.0648
0.105512 , 2085.76 , -73.6231
0.105846 , 2073.14 , -73.2211
0.10618 , 2060.64 , -72.8543
0.106513 , 2048.27 , -72.5149
0.106847 , 2036.03 , -72.1936
0.107181 , 2023.93 , -71.8816
0.107515 , 2011.96 , -71.572
0.107849 , 2000.11 , -71.2615
0.108183 , 1988.36 , -70.95
0.108517 , 1976.69 , -70.6409
0.108851 , 1965.06 , -70.3393
0.109185 , 1953.47 , -70.0502
0.109519 , 1941.9 , -69.7772
0.109852 , 1930.36 , -69.5208
0.110186 , 1918.84 , -69.2777
0.11052 , 1907.37 , -69.041
0.110854 , 1895.96 , -68.8016
0.111188 , 1884.62 , -68.5499
0.111522 , 1873.35 , -68.2775
0.111856 , 1862.15 , -67.9793
0.11219 , 1851.01 , -67.6545
0.112524 , 1839.9 , -67.3067
0.112858 , 1828.82 , -66.9434
0.113191 , 1817.74 , -66.5739
0.113525 , 1806.66 , -66.2079
0.113859 , 1795.58 , -65.8527
0.114193 , 1784.52 , -65.5118
0.114527 , 1773.48 , -65.1841
0.114861 , 1762.49 , -64.8642
0.115195 , 1751.55 , -64.5431
0.115529 , 1740.68 , -64.2109
0.115863 , 1729.88 , -63.8583
0.116197 , 1719.14 , -63.4789
0.11653 , 1708.46 , -63.0708
0.116864 , 1697.83 , -62.6367
0.117198 , 1687.25 , -62.1836
0.117532 , 1676.72 , -61.7207
0.117866 , 1666.27 , -61.2582
0.1182 , 1655.9 , -60.8044
0.118534 , 1645.65 , -60.3644
0.118868 , 1635.54 , -59.9391
0.119202 , 1625.58 , -59.5249
0.119535 , 1615.78 , -59.1154
0.119869 , 1606.12 , -58.7026
0.120203 , 1596.58 , -58.2795
0.120537 , 1587.15 , -57.8417
0.120871 , 1577.79 , -57.3886
0.121205 , 1568.49 , -56.924
0.121539 , 1559.25 , -56.4555
0.121873 , 1550.06 , -55.9926
0.122207 , 1540.96 , -55.5451
0.122541 , 1531.96 , -55.1208
0.122874 , 1523.1 , -54.7239
0.123208 , 1514.4 , -54.3543
0.123542 , 1505.89 , -54.0081
0.123876 , 1497.57 , -53.6782
0.12421 , 1489.43 , -53.3566
0.124544 , 1481.46 , -53.0364
0.124878 , 1473.64 , -52.7137
0.125212 , 1465.94 , -52.3886
0.125546 , 1458.34 , -52.0654
0.12588 , 1450.83 , -51.7517
0.126213 , 1443.41 , -51.4568
0.126547 , 1436.08 , -51.1894
0.126881 , 1428.86 , -50.9556
0.127215 , 1421.74 , -50.7573
0.127549 , 1414.73 , -50.5916
0.127883 , 1407.84 , -50.4516
0.128217 , 1401.04 , -50.3271
0.128551 , 1394.33 , -50.2078
0.128885 , 1387.69 , -50.0846
0.129219 , 1381.11 , -49.9526
0.129552 , 1374.58 , -49.8115
0.129886 , 1368.1 , -49.6658
0.13022 , 1361.67 , -49.5241
0.130554 , 1355.31 , -49.3969
0.130888 , 1349.01 , -49.2939
0.131222 , 1342.8 , -49.2221
0.131556 , 1336.66 , -49.1835
0.13189 , 1330.58 , -49.1747
0.132224 , 1324.54 , -49.1875
0.132558 , 1318.5 , -49.2098
0.132891 , 1312.45 , -49.2285
0.133225 , 1306.35 , -49.2318
0.133559 , 1300.19 , -49.2115
0.133893 , 1293.98 , -49.1645
0.134227 , 1287.72 , -49.0927
0.134561 , 1281.43 , -49.0028
0.134895 , 1275.14 , -48.9039
0.135229 , 1268.87 , -48.8052
0.135563 , 1262.63 , -48.7142
0.135896 , 1256.43 , -48.6339
0.13623 , 1250.26 , -48.563
0.136564 , 1244.12 , -48.4955
0.136898 , 1237.99 , -48.4225
0.137232 , 1231.84 , -48.3341
0.137566 , 1225.69 , -48.2215
0.1379 , 1219.51 , -48.0796
0.138234 , 1213.34 , -47.9076
0.138568 , 1207.19 , -47.7096
0.138902 , 1201.08 , -47.4931
0.139235 , 1195.03 , -47.2677
0.139569 , 1189.07 , -47.0421
0.139903 , 1183.19 , -46.8228
0.140237 , 1177.39 , -46.6116
0.140571 , 1171.66 , -46.406
0.140905 , 1165.97 , -46.199
0.141239 , 1160.32 , -45.9813
0.141573 , 1154.68 , -45.7433
0.141907 , 1149.06 , -45.4777
0.142241 , 1143.47 , -45.1811
0.142574 , 1137.93 , -44.8556
0.142908 , 1132.46 , -44.508
0.143242 , 1127.1 , -44.149
0.143576 , 1121.86 , -43.7905
0.14391 , 1116.76 , -43.4437
0.144244 , 1111.79 , -43.1162
0.144578 , 1106.96 , -42.8104
0.144912 , 1102.24 , -42.5234
0.145246 , 1097.62 , -42.2475
0.14558 , 1093.07 , -41.9721
0.145913 , 1088.58 , -41.6862
0.146247 , 1084.13 , -41.3814
0.146581 , 1079.74 , -41.0532
0.146915 , 1075.39 , -40.7033
0.147249 , 1071.09 , -40.3382
0.147583 , 1066.85 , -39.9688
0.147917 , 1062.66 , -39.6074
0.148251 , 1058.5 , -39.2652
0.148585 , 1054.38 , -38.9499
0.148919 , 1050.28 , -38.6635
0.149252 , 1046.18 , -38.4023
0.149586 , 1042.09 , -38.157
0.14992 , 1038.01 , -37.9154
0.150254 , 1033.95 , -37.6644
0.150588 , 1029.92 , -37.3931
0.150922 , 1025.93 , -37.0949
0.151256 , 1022.01 , -36.7692
0.15159 , 1018.13 , -36.4208
0.151924 , 1014.31 , -36.059
0.152257 , 1010.5 , -35.6955
0.152591 , 1006.68 , -35.3413
0.152925 , 1002.82 , -35.0044
0.153259 , 998.887 , -34.6882
0.153593 , 994.853 , -34.3907
0.153927 , 990.711 , -34.105
0.154261 , 986.468 , -33.8216
0.154595 , 982.143 , -33.5305
0.154929 , 977.764 , -33.2236
0.155263 , 973.361 , -32.8974
0.155596 , 968.963 , -32.5534
0.15593 , 964.589 , -32.1981
0.156264 , 960.246 , -31.8422
0.156598 , 955.93 , -31.4972
0.156932 , 951.628 , -31.1738
0.157266 , 947.321 , -30.8792
0.1576 , 942.992 , -30.6153
0.157934 , 938.629 , -30.3788
0.158268 , 934.227 , -30.1618
0.158602 , 929.79 , -29.9539
0.158935 , 925.329 , -29.7449
0.159269 , 920.862 , -29.5272
0.159603 , 916.404 , -29.2979
0.159937 , 911.969 , -29.0594
0.160271 , 907.566 , -28.8192
0.160605 , 903.197 , -28.5882
0.160939 , 898.862 , -28.378
0.161273 , 894.559 , -28.1983
0.161607 , 890.289 , -28.0546
0.161941 , 886.057 , -27.9465
0.162274 , 881.873 , -27.8676
0.162608 , 877.754 , -27.807
0.162942 , 873.718 , -27.7514
0.163276 , 869.782 , -27.688
0.16361 , 865.961 , -27.6075
0.163944 , 862.26 , -27.506
0.164278 , 858.677 , -27.3863
0.164612 , 855.203 , -27.2567
0.164946 , 851.823 , -27.13
0.16528 , 848.522 , -27.0199
0.165613 , 845.285 , -26.9383
0.165947 , 842.104 , -26.8927
0.166281 , 838.976 , -26.8842
0.166615 , 835.906 , -26.9076
0.166949 , 832.901 , -26.9518
0.167283 , 829.968 , -27.003
0.167617 , 827.114 , -27.0469
0.167951 , 824.336 , -27.0723
0.168285 , 821.628 , -27.073
0.168618 , 818.978 , -27.0493
0.168952 , 816.371 , -27.0073
0.169286 , 813.794 , -26.9577
0.16962 , 811.236 , -26.9128
0.169954 , 808.695 , -26.8839
0.170288 , 806.177 , -26.8786
0.170622 , 803.691 , -26.8991
0.170956 , 801.25 , -26.9417
0.17129 , 798.864 , -26.998
0.171624 , 796.535 , -27.0567
0.171957 , 794.257 , -27.1065
0.172291 , 792.011 , -27.1389
0.172625 , 789.769 , -27.1499
0.172959 , 787.498 , -27.141
0.173293 , 785.162 , -27.1189
0.173627 , 782.734 , -27.0937
0.173961 , 780.193 , -27.0764
0.174295 , 777.534 , -27.0761
0.174629 , 774.762 , -27.098
0.174963 , 771.897 , -27.1418
0.175296 , 768.963 , -27.2019
0.17563 , 765.987 , -27.2685
0.175964 , 762.992 , -27.33
0.176298 , 759.995 , -27.3758
0.176632 , 757.001 , -27.3988
0.176966 , 754.01 , -27.3973
0.1773 , 751.011 , -27.3751
0.177634 , 747.992 , -27.3412
0.177968 , 744.938 , -27.3073
0.178302 , 741.838 , -27.2849
0.178635 , 738.682 , -27.2828
0.178969 , 735.467 , -27.3044
0.179303 , 732.192 , -27.3464
0.179637 , 728.859 , -27.3996
0.179971 , 725.471 , -27.4502
0.180305 , 722.033 , -27.4829
0.180639 , 718.549 , -27.4838
0.180973 , 715.027 , -27.4436
0.181307 , 711.478 , -27.3599
0.181641 , 707.918 , -27.2374
0.181974 , 704.368 , -27.0873
0.182308 , 700.851 , -26.9247
0.182642 , 697.393 , -26.7659
0.182976 , 694.018 , -26.6245
0.18331 , 690.743 , -26.5091
0.183644 , 687.577 , -26.4211
0.183978 , 684.516 , -26.3552
0.184312 , 681.551 , -26.3002
0.184646 , 678.661 , -26.2421
0.184979 , 675.822 , -26.1669
0.185313 , 673.014 , -26.0641
0.185647 , 670.22 , -25.9285
0.185981 , 667.435 , -25.7615
0.186315 , 664.661 , -25.5706
0.186649 , 661.914 , -25.3675
0.186983 , 659.213 , -25.1652
0.187317 , 656.58 , -24.9755
0.187651 , 654.037 , -24.8061
0.187985 , 651.596 , -24.6592
0.188318 , 649.262 , -24.5313
0.188652 , 647.03 , -24.4145
0.188986 , 644.89 , -24.2986
0.18932 , 642.825 , -24.1738
0.189654 , 640.82 , -24.0333
0.189988 , 638.863 , -23.8747
0.190322 , 636.945 , -23.7008
0.190656 , 635.066 , -23.5188
0.19099 , 633.228 , -23.3383
0.191324 , 631.435 , -23.1685
0.191657 , 629.687 , -23.016
0.191991 , 627.985 , -22.8829
0.192325 , 626.318 , -22.7656
0.192659 , 624.673 , -22.6558
0.192993 , 623.033 , -22.5419
0.193327 , 621.377 , -22.4121
0.193661 , 619.688 , -22.2572
0.193995 , 617.955 , -22.0728
0.194329 , 616.171 , -21.8612
0.194663 , 614.339 , -21.6308
0.194996 , 612.464 , -21.3948
0.19533 , 610.557 , -21.1688
0.195664 , 608.63 , -20.9672
0.195998 , 606.692 , -20.7998
0.196332 , 604.75 , -20.6702
0.196666 , 602.805 , -20.5742
0.197 , 600.857 , -20.5005
0.197334 , 598.904 , -20.4335
0.197668 , 596.942 , -20.3558
0.198002 , 594.969 , -20.2523
0.198335 , 592.984 , -20.1133
0.198669 , 590.987 , -19.9362
0.199003 , 588.977 , -19.7266
0.199337 , 586.95 , -19.4968
0.199671 , 584.899 , -19.2633
0.200005 , 582.814 , -19.0436
0.200339 , 580.684 , -18.8524
0.200673 , 578.496 , -18.6993
0.201007 , 576.243 , -18.5868
0.20134 , 573.925 , -18.5104
0.201674 , 571.551 , -18.4598
0.202008 , 569.142 , -18.4222
0.202342 , 566.728 , -18.3843
0.202676 , 564.342 , -18.3363
0.20301 , 562.02 , -18.2729
0.203344 , 559.793 , -18.1947
0.203678 , 557.68 , -18.1072
0.204012 , 555.688 , -18.0192
0.204346 , 553.807 , -17.9399
0.204679 , 552.015 , -17.8767
0.205013 , 550.282 , -17.8329
0.205347 , 548.573 , -17.8069
0.205681 , 546.858 , -17.7927
0.206015 , 545.113 , -17.7812
0.206349 , 543.327 , -17.7627
0.206683 , 541.502 , -17.7297
0.207017 , 539.649 , -17.6785
0.207351 , 537.79 , -17.6107
0.207685 , 535.951 , -17.5331
0.208018 , 534.155 , -17.4558
0.208352 , 532.423 , -17.3902
0.208686 , 530.768 , -17.346
0.20902 , 529.198 , -17.3286
0.209354 , 527.712 , -17.3376
0.209688 , 526.306 , -17.3665
0.210022 , 524.972 , -17.4036
0.210356 , 523.7 , -17.4349
0.21069 , 522.48 , -17.447
0.211024 , 521.297 , -17.43
0.211357 , 520.14 , -17.3808
0.211691 , 518.991 , -17.3033
0.212025 , 517.834 , -17.2087
0.212359 , 516.65 , -17.1133
0.212693 , 515.423 , -17.0352
0.213027 , 514.14 , -16.9908
0.213361 , 512.793 , -16.9913
0.213695 , 511.385 , -17.0405
0.214029 , 509.923 , -17.1337
0.214363 , 508.424 , -17.2588
0.214696 , 506.906 , -17.3982
0.21503 , 505.388 , -17.533
0.215364 , 503.886 , -17.646
0.215698 , 502.407 , -17.7251
0.216032 , 500.95 , -17.7655
0.216366 , 499.505 , -17.7699
0.2167 , 498.056 , -17.7477
0.217034 , 496.583 , -17.7123
0.217368 , 495.067 , -17.678
0.217701 , 493.496 , -17.6568
0.218035 , 491.865 , -17.6562
0.218369 , 490.178 , -17.6777
0.218703 , 488.444 , -17.717
0.219037 , 486.678 , -17.7657
0.219371 , 484.894 , -17.8136
0.219705 , 483.104 , -17.8515
0.220039 , 481.311 , -17.8735
0.220373 , 479.512 , -17.8783
0.220707 , 477.699 , -17.8697
0.22104 , 475.86 , -17.855
0.221374 , 473.987 , -17.8434
0.221708 , 472.073 , -17.8431
0.222042 , 470.125 , -17.8592
0.222376 , 468.154 , -17.8925
0.22271 , 466.184 , -17.9387
0.223044 , 464.242 , -17.9896
0.223378 , 462.355 , -18.0353
0.223712 , 460.548 , -18.0665
0.224046 , 458.838 , -18.0773
0.224379 , 457.23 , -18.0667
0.224713 , 455.72 , -18.0394
0.225047 , 454.294 , -18.005
0.225381 , 452.932 , -17.9759
0.225715 , 451.614 , -17.9645
0.226049 , 450.319 , -17.9799
0.226383 , 449.032 , -18.0256
0.226717 , 447.745 , -18.0981
0.227051 , 446.455 , -18.1868
0.227385 , 445.164 , -18.276
0.227718 , 443.879 , -18.3475
0.228052 , 442.607 , -18.3846
0.228386 , 441.357 , -18.3751
0.22872 , 440.139 , -18.3142
0.229054 , 438.963 , -18.2054
0.229388 , 437.841 , -18.0602
0.229722 , 436.785 , -17.8956
0.230056 , 435.808 , -17.7312
0.23039 , 434.921 , -17.5852
0.230724 , 434.131 , -17.471
0.231057 , 433.436 , -17.3948
0.231391 , 432.828 , -17.3549
0.231725 , 432.285 , -17.3426
0.232059 , 431.778 , -17.3442
0.232393 , 431.267 , -17.3443
0.232727 , 430.714 , -17.3291
0.233061 , 430.082 , -17.2895
0.233395 , 429.342 , -17.2222
0.233729 , 428.482 , -17.1303
0.234062 , 427.503 , -17.0223
0.234396 , 426.425 , -16.9092
0.23473 , 425.277 , -16.8021
0.235064 , 424.096 , -16.7094
0.235398 , 422.92 , -16.6352
0.235732 , 421.779 , -16.5783
0.236066 , 420.689 , -16.5329
0.2364 , 419.656 , -16.4905
0.236734 , 418.668 , -16.4421
0.237068 , 417.704 , -16.3806
0.237401 , 416.734 , -16.3029
0.237735 , 415.73 , -16.2102
0.238069 , 414.667 , -16.1079
0.238403 , 413.527 , -16.0039
0.238737 , 412.303 , -15.9063
0.239071 , 410.993 , -15.8212
0.239405 , 409.607 , -15.7506
0.239739 , 408.153 , -15.6914
0.240073 , 406.644 , -15.636
0.240407 , 405.09 , -15.5736
0.24074 , 403.497 , -15.4929
0.241074 , 401.872 , -15.385
0.241408 , 400.222 , -15.2458
0.241742 , 398.554 , -15.0773
0.242076 , 396.878 , -14.8882
0.24241 , 395.208 , -14.6925
0.242744 , 393.559 , -14.5066
0.243078 , 391.946 , -14.3464
0.243412 , 390.382 , -14.2237
0.243746 , 388.873 , -14.1438
0.244079 , 387.422 , -14.1041
0.244413 , 386.023 , -14.0945
0.244747 , 384.667 , -14.0992
0.245081 , 383.34 , -14.0997
0.245415 , 382.033 , -14.0788
0.245749 , 380.739 , -14.0236
0.246083 , 379.458 , -13.9286
0.246417 , 378.193 , -13.7959
0.246751 , 376.955 , -13.6354
0.247085 , 375.754 , -13.4624
0.247418 , 374.6 , -13.294
0.247752 , 373.498 , -13.1463
0.248086 , 372.446 , -13.031
0.24842 , 371.44 , -12.9532
0.248754 , 370.468 , -12.9112
0.249088 , 369.523 , -12.8969
0.249422 , 368.599 , -12.8986
0.249756 , 367.697 , -12.9033
0.25009 , 366.825 , -12.9
0.250423 , 366.002 , -12.8815
0.250757 , 365.247 , -12.8462
0.251091 , 364.581 , -12.7974
0.251425 , 364.019 , -12.7421
0.251759 , 363.564 , -12.6891
0.252093 , 363.206 , -12.646
0.252427 , 362.921 , -12.6176
0.252761 , 362.673 , -12.6046
0.253095 , 362.421 , -12.6032
0.253429 , 362.121 , -12.6069
0.253762 , 361.739 , -12.6078
0.254096 , 361.252 , -12.5991
0.25443 , 360.651 , -12.5771
0.254764 , 359.946 , -12.5425
0.255098 , 359.157 , -12.5005
0.255432 , 358.316 , -12.4595
0.255766 , 357.455 , -12.4291
0.2561 , 356.604 , -12.4175
0.256434 , 355.787 , -12.4293
0.256768 , 355.016 , -12.4637
0.257101 , 354.293 , -12.5138
0.257435 , 353.612 , -12.5683
0.257769 , 352.956 , -12.6127
0.258103 , 352.309 , -12.6331
0.258437 , 351.649 , -12.6189
0.258771 , 350.958 , -12.5655
0.259105 , 350.214 , -12.4756
0.259439 , 349.402 , -12.3597
0.259773 , 348.505 , -12.2334
0.260107 , 347.509 , -12.1157
0.26044 , 346.404 , -12.0244
0.260774 , 345.184 , -11.9734
0.261108 , 343.85 , -11.9696
0.261442 , 342.416 , -12.0116
0.261776 , 340.9 , -12.0903
0.26211 , 339.336 , -12.1904
0.262444 , 337.758 , -12.2939
0.262778 , 336.208 , -12.3832
0.263112 , 334.719 , -12.4446
0.263446 , 333.318 , -12.4708
0.263779 , 332.019 , -12.4616
0.264113 , 330.818 , -12.4236
0.264447 , 329.7 , -12.3679
0.264781 , 328.634 , -12.3079
0.265115 , 327.586 , -12.2557
0.265449 , 326.523 , -12.2198
0.265783 , 325.419 , -12.2035
0.266117 , 324.26 , -12.2046
0.266451 , 323.046 , -12.2165
0.266784 , 321.793 , -12.23
0.267118 , 320.524 , -12.236
0.267452 , 319.269 , -12.2275
0.267786 , 318.058 , -12.2013
0.26812 , 316.913 , -12.1586
0.268454 , 315.848 , -12.1042
0.268788 , 314.866 , -12.0448
0.269122 , 313.963 , -11.9874
0.269456 , 313.128 , -11.9364
0.26979 , 312.35 , -11.8929
0.270123 , 311.621 , -11.8537
0.270457 , 310.938 , -11.8121
0.270791 , 310.304 , -11.76
0.271125 , 309.725 , -11.6894
0.271459 , 309.212 , -11.5956
0.271793 , 308.769 , -11.4783
0.272127 , 308.401 , -11.3427
0.272461 , 308.099 , -11.1991
0.272795 , 307.854 , -11.0607
0.273129 , 307.644 , -10.9412
0.273462 , 307.45 , -10.8518
0.273796 , 307.25 , -10.7983
0.27413 , 307.027 , -10.7798
0.274464 , 306.77 , -10.7878
0.274798 , 306.473 , -10.8083
0.275132 , 306.14 , -10.8232
0.275466 , 305.773 , -10.8147
0.2758 , 305.381 , -10.7682
0.276134 , 304.969 , -10.675
0.276468 , 304.543 , -10.5348
0.276801 , 304.105 , -10.3548
0.277135 , 303.659 , -10.1492
0.277469 , 303.207 , -9.93566
0.277803 , 302.754 , -9.73257
0.278137 , 302.307 , -9.55527
0.278471 , 301.874 , -9.41354
0.278805 , 301.459 , -9.31017
0.279139 , 301.066 , -9.24102
0.279473 , 300.688 , -9.1965
0.279807 , 300.311 , -9.16407
0.28014 , 299.911 , -9.13118
0.280474 , 299.456 , -9.08794
0.280808 , 298.911 , -9.02905
0.281142 , 298.244 , -8.95444
0.281476 , 297.431 , -8.86876
0.28181 , 296.463 , -8.77971
0.282144 , 295.347 , -8.69583
0.282478 , 294.11 , -8.62416
0.282812 , 292.791 , -8.56854
0.283145 , 291.441 , -8.52876
0.283479 , 290.11 , -8.50082
0.283813 , 288.844 , -8.47827
0.284147 , 287.675 , -8.45412
0.284481 , 286.617 , -8.4229
0.284815 , 285.666 , -8.38233
0.285149 , 284.803 , -8.33412
0.285483 , 283.996 , -8.28371
0.285817 , 283.208 , -8.23889
0.286151 , 282.403 , -8.20777
0.286484 , 281.551 , -8.19652
0.286818 , 280.635 , -8.20731
0.287152 , 279.648 , -8.23732
0.287486 , 278.593 , -8.27871
0.28782 , 277.486 , -8.32
0.288154 , 276.343 , -8.34834
0.288488 , 275.187 , -8.35231
0.288822 , 274.039 , -8.32465
0.289156 , 272.921 , -8.26422
0.28949 , 271.851 , -8.1768
0.289823 , 270.847 , -8.0744
0.290157 , 269.926 , -7.97328
0.290491 , 269.1 , -7.89104
0.290825 , 268.381 , -7.84323
0.291159 , 267.774 , -7.84047
0.291493 , 267.276 , -7.88636
0.291827 , 266.878 , -7.97686
0.292161 , 266.562 , -8.10114
0.292495 , 266.303 , -8.24375
0.292829 , 266.073 , -8.38766
0.293162 , 265.844 , -8.51745
0.293496 , 265.593 , -8.62213
0.29383 , 265.304 , -8.69687
0.294164 , 264.975 , -8.74341
0.294498 , 264.611 , -8.76913
0.294832 , 264.227 , -8.78504
0.295166 , 263.844 , -8.80308
0.2955 , 263.481 , -8.83356
0.295834 , 263.152 , -8.88309
0.296168 , 262.864 , -8.95358
0.296501 , 262.614 , -9.04237
0.296835 , 262.392 , -9.14342
0.297169 , 262.18 , -9.24927
0.297503 , 261.961 , -9.35309
0.297837 , 261.721 , -9.4505
0.298171 , 261.453 , -9.54057
0.298505 , 261.159 , -9.62581
0.298839 , 260.847 , -9.71121
0.299173 , 260.534 , -9.80257
0.299506 , 260.232 , -9.90456
0.29984 , 259.954 , -10.0191
0.300174 , 259.702 , -10.1443
0.300508 , 259.466 , -10.2745
0.300842 , 259.228 , -10.4016
0.301176 , 258.96 , -10.5165
0.30151 , 258.633 , -10.6114
0.301844 , 258.219 , -10.6823
0.302178 , 257.694 , -10.7295
0.302512 , 257.051 , -10.7588
0.302845 , 256.29 , -10.78
0.303179 , 255.426 , -10.805
0.303513 , 254.485 , -10.8455
0.303847 , 253.497 , -10.9098
0.304181 , 252.492 , -11.0009
0.304515 , 251.501 , -11.1153
0.304849 , 250.546 , -11.243
0.305183 , 249.643 , -11.3689
0.305517 , 248.801 , -11.4759
0.305851 , 248.021 , -11.5472
0.306184 , 247.299 , -11.57
0.306518 , 246.625 , -11.5375
0.306852 , 245.986 , -11.4505
0.307186 , 245.366 , -11.3168
0.30752 , 244.745 , -11.1495
0.307854 , 244.103 , -10.9651
0.308188 , 243.416 , -10.7799
0.308522 , 242.665 , -10.6075
0.308856 , 241.834 , -10.4565
0.30919 , 240.917 , -10.3298
0.309523 , 239.919 , -10.2248
0.309857 , 238.857 , -10.1347
0.310191 , 237.763 , -10.051
0.310525 , 236.675 , -9.96544
0.310859 , 235.642 , -9.87205
0.311193 , 234.707 , -9.76857
0.311527 , 233.908 , -9.65641
0.311861 , 233.269 , -9.53992
0.312195 , 232.795 , -9.42484
0.312529 , 232.471 , -9.31646
0.312862 , 232.267 , -9.21794
0.313196 , 232.141 , -9.12934
0.31353 , 232.043 , -9.04746
0.313864 , 231.927 , -8.96658
0.314198 , 231.757 , -8.88003
0.314532 , 231.508 , -8.78196
0.314866 , 231.174 , -8.6691
0.3152 , 230.761 , -8.54184
0.315534 , 230.29 , -8.40443
0.315868 , 229.785 , -8.26419
0.316201 , 229.276 , -8.12984
0.316535 , 228.788 , -8.00936
0.316869 , 228.339 , -7.90787
0.317203 , 227.941 , -7.82601
0.317537 , 227.599 , -7.7593
0.317871 , 227.309 , -7.69867
0.318205 , 227.067 , -7.63202
0.318539 , 226.866 , -7.54673
0.318873 , 226.698 , -7.43235
0.319206 , 226.556 , -7.28306
0.31954 , 226.43 , -7.09933
0.319874 , 226.312 , -6.88835
0.320208 , 226.191 , -6.66315
0.320542 , 226.054 , -6.44057
0.320876 , 225.89 , -6.23835
0.32121 , 225.684 , -6.07218
0.321544 , 225.429 , -5.95302
0.321878 , 225.119 , -5.88542
0.322212 , 224.755 , -5.86702
0.322545 , 224.341 , -5.88947
0.322879 , 223.888 , -5.94027
0.323213 , 223.406 , -6.00544
0.323547 , 222.903 , -6.07215
0.323881 , 222.387 , -6.13095
0.324215 , 221.859 , -6.17708
0.324549 , 221.316 , -6.21066
0.324883 , 220.753 , -6.23589
0.325217 , 220.165 , -6.25932
0.325551 , 219.549 , -6.28788
0.325884 , 218.908 , -6.32699
0.326218 , 218.253 , -6.37923
0.326552 , 217.599 , -6.44388
0.326886 , 216.966 , -6.51738
0.32722 , 216.373 , -6.5945
0.327554 , 215.833 , -6.66991
0.327888 , 215.352 , -6.73974
0.328222 , 214.923 , -6.80269
0.328556 , 214.528 , -6.86037
0.32889 , 214.138 , -6.91683
0.329223 , 213.719 , -6.97733
0.329557 , 213.24 , -7.04675
0.329891 , 212.672 , -7.12797
0.330225 , 212.002 , -7.22066
0.330559 , 211.228 , -7.32096
0.330893 , 210.367 , -7.42195
0.331227 , 209.445 , -7.51509
0.331561 , 208.502 , -7.59219
0.331895 , 207.577 , -7.64749
0.332229 , 206.709 , -7.67944
0.332562 , 205.93 , -7.69158
0.332896 , 205.262 , -7.69248
0.33323 , 204.714 , -7.69442
0.333564 , 204.285 , -7.71124
3.33564e-13 , 324959 , -13697.7
0.000333898 , 324479 , -13678
0.000667796 , 323047 , -13619
0.00100169 , 320688 , -13521.5
0.00133559 , 317444 , -13386.6
0.00166949 , 313369 , -13215.9
0.00200339 , 308532 , -13011.3
0.00233729 , 303012 , -12775.2
0.00267118 , 296894 , -12510
0.00300508 , 290269 , -12218.5
0.00333898 , 283231 , -11903.8
0.00367288 , 275875 , -11568.8
0.00400678 , 268291 , -11216.7
0.00434067 , 260566 , -10850.5
0.00467457 , 252782 , -10473.3
0.00500847 , 245012 , -10088
0.00534237 , 237319 , -9697.39
0.00567627 , 229759 , -9304.24
0.00601016 , 222378 , -8910.98
0.00634406 , 215211 , -8519.91
0.00667796 , 208283 , -8133.14
0.00701186 , 201611 , -7752.57
0.00734576 , 195204 , -7379.87
0.00767965 , 189061 , -7016.55
0.00801355 , 183179 , -6663.88
0.00834745 , 177544 , -6322.98
0.00868135 , 172141 , -5994.76
0.00901525 , 166952 , -5679.96
0.00934914 , 161954 , -5379.16
0.00968304 , 157127 , -5092.8
0.0100169 , 152447 , -4821.13
0.0103508 , 147892 , -4564.33
0.0106847 , 143442 , -4322.42
0.0110186 , 139078 , -4095.3
0.0113525 , 134783 , -3882.81
0.0116864 , 130544 , -3684.67
0.0120203 , 126350 , -3500.53
0.0123542 , 122194 , -3329.97
0.0126881 , 118071 , -3172.5
0.013022 , 113981 , -3027.6
0.0133559 , 109924 , -2894.68
0.0136898 , 105904 , -2773.14
0.0140237 , 101930 , -2662.32
0.0143576 , 98008.1 , -2561.58
0.0146915 , 94149.4 , -2470.24
0.0150254 , 90364.8 , -2387.61
0.0153593 , 86666.2 , -2313.01
0.0156932 , 83065.5 , -2245.76
0.0160271 , 79574.8 , -2185.19
0.016361 , 76205.4 , -2130.65
0.0166949 , 72968 , -2081.51
0.0170288 , 69872 , -2037.15
0.0173627 , 66925.4 , -1996.99
0.0176966 , 64134.9 , -1960.47
0.0180305 , 61505.2 , -1927.07
0.0183644 , 59039.2 , -1896.29
0.0186983 , 56738.1 , -1867.67
0.0190322 , 54600.9 , -1840.78
0.0193661 , 52625.1 , -1815.24
0.0197 , 50806.1 , -1790.68
0.0200339 , 49138 , -1766.8
0.0203678 , 47613.4 , -1743.32
0.0207017 , 46223.4 , -1719.98
0.0210356 , 44958.5 , -1696.59
0.0213695 , 43808 , -1672.96
0.0217034 , 42761 , -1648.96
0.0220373 , 41806.1 , -1624.47
0.0223712 , 40931.6 , -1599.41
0.0227051 , 40126.3 , -1573.72
0.023039 , 39379.1 , -1547.37
0.0233729 , 38679.1 , -1520.35
0.0237068 , 38016.5 , -1492.67
0.0240407 , 37382 , -1464.34
0.0243746 , 36767.3 , -1435.42
0.0247085 , 36165.1 , -1405.96
0.0250423 , 35568.9 , -1376.03
0.0253762 , 34973.7 , -1345.71
0.0257101 , 34375.2 , -1315.08
0.026044 , 33770.5 , -1284.23
0.0263779 , 33157.4 , -1253.28
0.0267118 , 32534.7 , -1222.3
0.0270457 , 31902.3 , -1191.4
0.0273796 , 31260.6 , -1160.68
0.0277135 , 30610.6 , -1130.23
0.0280474 , 29954 , -1100.13
0.0283813 , 29292.9 , -1070.47
0.0287152 , 28629.6 , -1041.33
0.0290491 , 27966.7 , -1012.78
0.029383 , 27306.9 , -984.897
0.0297169 , 26652.9 , -957.733
0.0300508 , 26007.5 , -931.349
0.0303847 , 25373 , -905.796
0.0307186 , 24751.7 , -881.117
0.0310525 , 24145.7 , -857.348
0.0313864 , 23556.6 , -834.519
0.0317203 , 22985.6 , -812.648
0.0320542 , 22433.8 , -791.749
0.0323881 , 21901.8 , -771.827
0.032722 , 21389.9 , -752.88
0.0330559 , 20898 , -734.901
0.0333898 , 20426 , -717.876
0.0337237 , 19973.4 , -701.79
0.0340576 , 19539.4 , -686.622
0.0343915 , 19123.2 , -672.346
0.0347254 , 18723.9 , -658.936
0.0350593 , 18340.4 , -646.361
0.0353932 , 17971.7 , -634.588
0.0357271 , 17616.7 , -623.579
0.036061 , 17274.3 , -613.295
0.0363949 , 16943.4 , -603.692
0.0367288 , 16623.3 , -594.727
0.0370627 , 16312.9 , -586.353
0.0373966 , 16011.7 , -578.524
0.0377305 , 15719.1 , -571.194
0.0380644 , 15434.6 , -564.318
0.0383983 , 15157.9 , -557.852
0.0387322 , 14888.8 , -551.755
0.0390661 , 14627.2 , -545.986
0.0394 , 14373 , -540.505
0.0397339 , 14126.2 , -535.275
0.0400678 , 13886.8 , -530.256
0.0404017 , 13654.9 , -525.412
0.0407356 , 13430.5 , -520.703
0.0410695 , 13213.7 , -516.094
0.0414034 , 13004.6 , -511.549
0.0417372 , 12803.1 , -507.035
0.0420711 , 12609.2 , -502.522
0.042405 , 12422.9 , -497.982
0.0427389 , 12244.1 , -493.395
0.0430728 , 12072.5 , -488.74
0.0434067 , 11907.8 , -484.004
0.0437406 , 11749.9 , -479.173
0.0440745 , 11598.2 , -474.238
0.0444084 , 11452.3 , -469.19
0.0447423 , 11311.7 , -464.02
0.0450762 , 11175.9 , -458.721
0.0454101 , 11044.4 , -453.284
0.045744 , 10916.6 , -447.704
0.0460779 , 10792 , -441.976
0.0464118 , 10670 , -436.096
0.0467457 , 10550.2 , -430.065
0.0470796 , 10432.1 , -423.887
0.0474135 , 10315.3 , -417.569
0.0477474 , 10199.2 , -411.121
0.0480813 , 10083.7 , -404.557
0.0484152 , 9968.22 , -397.889
0.0487491 , 9852.64 , -391.133
0.049083 , 9736.71 , -384.303
0.0494169 , 9620.31 , -377.415
0.0497508 , 9503.33 , -370.48
0.0500847 , 9385.78 , -363.513
0.0504186 , 9267.66 , -356.527
0.0507525 , 9149.08 , -349.535
0.0510864 , 9030.13 , -342.553
0.0514203 , 8910.96 , -335.598
0.0517542 , 8791.74 , -328.688
0.0520881 , 8672.65 , -321.843
0.052422 , 8553.87 , -315.083
0.0527559 , 8435.61 , -308.427
0.0530898 , 8318.08 , -301.893
0.0534237 , 8201.49 , -295.496
0.0537576 , 8086.08 , -289.25
0.0540915 , 7972.05 , -283.164
0.0544254 , 7859.62 , -277.246
0.0547593 , 7748.98 , -271.503
0.0550932 , 7640.31 , -265.938
0.0554271 , 7533.76 , -260.558
0.055761 , 7429.46 , -255.368
0.0560949 , 7327.49 , -250.374
0.0564288 , 7227.93 , -245.583
0.0567627 , 7130.83 , -240.999
0.0570966 , 7036.23 , -236.629
0.0574305 , 6944.14 , -232.474
0.0577644 , 6854.58 , -228.535
0.0580983 , 6767.55 , -224.809
0.0584321 , 6683.03 , -221.29
0.058766 , 6601 , -217.971
0.0590999 , 6521.42 , -214.844
0.0594338 , 6444.24 , -211.899
0.0597677 , 6369.36 , -209.13
0.0601016 , 6296.73 , -206.532
0.0604355 , 6226.22 , -204.1
0.0607694 , 6157.74 , -201.834
0.0611033 , 6091.19 , -199.731
0.0614372 , 6026.47 , -197.792
0.0617711 , 5963.47 , -196.014
0.062105 , 5902.11 , -194.393
0.0624389 , 5842.29 , -192.924
0.0627728 , 5783.93 , -191.596
0.0631067 , 5726.94 , -190.4
0.0634406 , 5671.24 , -189.322
0.0637745 , 5616.72 , -188.35
0.0641084 , 5563.3 , -187.474
0.0644423 , 5510.89 , -186.684
0.0647762 , 5459.4 , -185.971
0.0651101 , 5408.76 , -185.329
0.065444 , 5358.89 , -184.754
0.0657779 , 5309.74 , -184.239
0.0661118 , 5261.25 , -183.778
0.0664457 , 5213.4 , -183.362
0.0667796 , 5166.13 , -182.98
0.0671135 , 5119.4 , -182.618
0.0674474 , 5073.18 , -182.259
0.0677813 , 5027.42 , -181.887
0.0681152 , 4982.08 , -181.486
0.0684491 , 4937.13 , -181.04
0.068783 , 4892.52 , -180.536
0.0691169 , 4848.25 , -179.965
0.0694508 , 4804.3 , -179.321
0.0697847 , 4760.67 , -178.597
0.0701186 , 4717.37 , -177.793
0.0704525 , 4674.43 , -176.903
0.0707864 , 4631.84 , -175.927
0.0711203 , 4589.64 , -174.858
0.0714542 , 4547.83 , -173.694
0.0717881 , 4506.43 , -172.428
0.072122 , 4465.42 , -171.056
0.0724559 , 4424.81 , -169.577
0.0727898 , 4384.59 , -167.991
0.0731237 , 4344.78 , -166.302
0.0734576 , 4305.37 , -164.518
0.0737915 , 4266.38 , -162.65
0.0741254 , 4227.83 , -160.713
0.0744593 , 4189.72 , -158.721
0.0747932 , 4152.09 , -156.69
0.075127 , 4114.93 , -154.631
0.0754609 , 4078.24 , -152.557
0.0757948 , 4042.03 , -150.475
0.0761287 , 4006.28 , -148.393
0.0764626 , 3970.97 , -146.317
0.0767965 , 3936.1 , -144.251
0.0771304 , 3901.63 , -142.203
0.0774643 , 3867.57 , -140.182
0.0777982 , 3833.92 , -138.198
0.0781321 , 3800.66 , -136.264
0.078466 , 3767.8 , -134.39
0.0787999 , 3735.35 , -132.591
0.0791338 , 3703.3 , -130.873
0.0794677 , 3671.64 , -129.243
0.0798016 , 3640.36 , -127.703
0.0801355 , 3609.45 , -126.251
0.0804694 , 3578.89 , -124.88
0.0808033 , 3548.68 , -123.584
0.0811372 , 3518.8 , -122.355
0.0814711 , 3489.28 , -121.186
0.081805 , 3460.12 , -120.072
0.0821389 , 3431.34 , -119.013
0.0824728 , 3402.97 , -118.01
0.0828067 , 3375.03 , -117.064
0.0831406 , 3347.52 , -116.179
0.0834745 , 3320.46 , -115.357
0.0838084 , 3293.85 , -114.597
0.0841423 , 3267.67 , -113.897
0.0844762 , 3241.92 , -113.251
0.0848101 , 3216.57 , -112.65
0.085144 , 3191.62 , -112.086
0.0854779 , 3167.06 , -111.548
0.0858118 , 3142.88 , -111.031
0.0861457 , 3119.08 , -110.529
0.0864796 , 3095.65 , -110.04
0.0868135 , 3072.6 , -109.567
0.0871474 , 3049.89 , -109.112
0.0874813 , 3027.52 , -108.678
0.0878152 , 3005.45 , -108.267
0.0881491 , 2983.64 , -107.878
0.088483 , 2962.05 , -107.508
0.0888169 , 2940.66 , -107.15
0.0891508 , 2919.43 , -106.795
0.0894847 , 2898.35 , -106.432
0.0898186 , 2877.43 , -106.052
0.0901525 , 2856.65 , -105.645
0.0904864 , 2836.03 , -105.208
0.0908203 , 2815.59 , -104.739
0.0911542 , 2795.33 , -104.238
0.0914881 , 2775.25 , -103.71
0.0918219 , 2755.35 , -103.159
0.0921558 , 2735.61 , -102.588
0.0924897 , 2716.02 , -101.999
0.0928236 , 2696.56 , -101.391
0.0931575 , 2677.23 , -100.76
0.0934914 , 2658.01 , -100.101
0.0938253 , 2638.92 , -99.408
0.0941592 , 2619.96 , -98.6771
0.0944931 , 2601.15 , -97.9063
0.094827 , 2582.5 , -97.0974
0.0951609 , 2564.02 , -96.2561
0.0954948 , 2545.72 , -95.3911
0.0958287 , 2527.6 , -94.5132
0.0961626 , 2509.66 , -93.6334
0.0964965 , 2491.89 , -92.7607
0.0968304 , 2474.28 , -91.9012
0.0971643 , 2456.85 , -91.0571
0.0974982 , 2439.6 , -90.2266
0.0978321 , 2422.55 , -89.4049
0.098166 , 2405.71 , -88.5858
0.0984999 , 2389.1 , -87.7635
0.0988338 , 2372.73 , -86.9342
0.0991677 , 2356.62 , -86.0975
0.0995016 , 2340.74 , -85.2568
0.0998355 , 2325.1 , -84.4188
0.100169 , 2309.66 , -83.5924
0.100503 , 2294.4 , -82.7868
0.100837 , 2279.3 , -82.01
0.101171 , 2264.35 , -81.2669
0.101505 , 2249.53 , -80.5587
0.101839 , 2234.87 , -79.8828
0.102173 , 2220.36 , -79.2338
0.102507 , 2206.03 , -78.6046
0.102841 , 2191.9 , -77.9887
0.103174 , 2177.99 , -77.3815
0.103508 , 2164.28 , -76.7818
0.103842 , 2150.78 , -76.192
0.104176 , 2137.48 , -75.6178
0.10451 , 2124.34 , -75.0669
0.104844 , 2111.36 , -74.5471
0.105178 , 2098.5 , -74.0648
0.105512 , 2085.76 , -73.6231
0.105846 , 2073.14 , -73.2211
0.10618 , 2060.64 , -72.8543
0.106513 , 2048.27 , -72.5149
0.106847 , 2036.03 , -72.1936
0.107181 , 2023.93 , -71.8816
0.107515 , 2011.96 , -71.572
0.107849 , 2000.11 , -71.2615
0.108183 , 1988.36 , -70.95
0.108517 , 1976.69 , -70.6409
0.108851 , 1965.06 , -70.3393
0.109185 , 1953.47 , -70.0502
0.109519 , 1941.9 , -69.7772
0.109852 , 1930.36 , -69.5208
0.110186 , 1918.84 , -69.2777
0.11052 , 1907.37 , -69.041
0.110854 , 1895.96 , -68.8016
0.111188 , 1884.62 , -68.5499
0.111522 , 1873.35 , -68.2775
0.111856 , 1862.15 , -67.9793
0.11219 , 1851.01 , -67.6545
0.112524 , 1839.9 , -67.3067
0.112858 , 1828.82 , -66.9434
0.113191 , 1817.74 , -66.5739
0.113525 , 1806.66 , -66.2079
0.113859 , 1795.58 , -65.8527
0.114193 , 1784.52 , -65.5118
0.114527 , 1773.48 , -65.1841
0.114861 , 1762.49 , -64.8642
0.115195 , 1751.55 , -64.5431
0.115529 , 1740.68 , -64.2109
0.115863 , 1729.88 , -63.8583
0.116197 , 1719.14 , -63.4789
0.11653 , 1708.46 , -63.0708
0.116864 , 1697.83 , -62.6367
0.117198 , 1687.25 , -62.1836
0.117532 , 1676.72 , -61.7207
0.117866 , 1666.27 , -61.2582
0.1182 , 1655.9 , -60.8044
0.118534 , 1645.65 , -60.3644
0.118868 , 1635.54 , -59.9391
0.119202 , 1625.58 , -59.5249
0.119535 , 1615.78 , -59.1154
0.119869 , 1606.12 , -58.7026
0.120203 , 1596.58 , -58.2795
0.120537 , 1587.15 , -57.8417
0.120871 , 1577.79 , -57.3886
0.121205 , 1568.49 , -56.924
0.121539 , 1559.25 , -56.4555
0.121873 , 1550.06 , -55.9926
0.122207 , 1540.96 , -55.5451
0.122541 , 1531.96 , -55.1208
0.122874 , 1523.1 , -54.7239
0.123208 , 1514.4 , -54.3543
0.123542 , 1505.89 , -54.0081
0.123876 , 1497.57 , -53.6782
0.12421 , 1489.43 , -53.3566
0.124544 , 1481.46 , -53.0364
0.124878 , 1473.64 , -52.7137
0.125212 , 1465.94 , -52.3886
0.125546 , 1458.34 , -52.0654
0.12588 , 1450.83 , -51.7517
0.126213 , 1443.41 , -51.4568
0.126547 , 1436.08 , -51.1894
0.126881 , 1428.86 , -50.9556
0.127215 , 1421.74 , -50.7573
0.127549 , 1414.73 , -50.5916
0.127883 , 1407.84 , -50.4516
0.128217 , 1401.04 , -50.3271
0.128551 , 1394.33 , -50.2078
0.128885 , 1387.69 , -50.0846
0.129219 , 1381.11 , -49.9526
0.129552 , 1374.58 , -49.8115
0.129886 , 1368.1 , -49.6658
0.13022 , 1361.67 , -49.5241
0.130554 , 1355.31 , -49.3969
0.130888 , 1349.01 , -49.2939
0.131222 , 1342.8 , -49.2221
0.131556 , 1336.66 , -49.1835
0.13189 , 1330.58 , -49.1747
0.132224 , 1324.54 , -49.1875
0.132558 , 1318.5 , -49.2098
0.132891 , 1312.45 , -49.2285
0.133225 , 1306.35 , -49.2318
0.133559 , 1300.19 , -49.2115
0.133893 , 1293.98 , -49.1645
0.134227 , 1287.72 , -49.0927
0.134561 , 1281.43 , -49.0028
0.134895 , 1275.14 , -48.9039
0.135229 , 1268.87 , -48.8052
0.135563 , 1262.63 , -48.7142
0.135896 , 1256.43 , -48.6339
0.13623 , 1250.26 , -48.563
0.136564 , 1244.12 , -48.4955
0.136898 , 1237.99 , -48.4225
0.137232 , 1231.84 , -48.3341
0.137566 , 1225.69 , -48.2215
0.1379 , 1219.51 , -48.0796
0.138234 , 1213.34 , -47.9076
0.138568 , 1207.19 , -47.7096
0.138902 , 1201.08 , -47.4931
0.139235 , 1195.03 , -47.2677
0.139569 , 1189.07 , -47.0421
0.139903 , 1183.19 , -46.8228
0.140237 , 1177.39 , -46.6116
0.140571 , 1171.66 , -46.406
0.140905 , 1165.97 , -46.199
0.141239 , 1160.32 , -45.9813
0.141573 , 1154.68 , -45.7433
0.141907 , 1149.06 , -45.4777
0.142241 , 1143.47 , -45.1811
0.142574 , 1137.93 , -44.8556
0.142908 , 1132.46 , -44.508
0.143242 , 1127.1 , -44.149
0.143576 , 1121.86 , -43.7905
0.14391 , 1116.76 , -43.4437
0.144244 , 1111.79 , -43.1162
0.144578 , 1106.96 , -42.8104
0.144912 , 1102.24 , -42.5234
0.145246 , 1097.62 , -42.2475
0.14558 , 1093.07 , -41.9721
0.145913 , 1088.58 , -41.6862
0.146247 , 1084.13 , -41.3814
0.146581 , 1079.74 , -41.0532
0.146915 , 1075.39 , -40.7033
0.147249 , 1071.09 , -40.3382
0.147583 , 1066.85 , -39.9688
0.147917 , 1062.66 , -39.6074
0.148251 , 1058.5 , -39.2652
0.148585 , 1054.38 , -38.9499
0.148919 , 1050.28 , -38.6635
0.149252 , 1046.18 , -38.4023
0.149586 , 1042.09 , -38.157
0.14992 , 1038.01 , -37.9154
0.150254 , 1033.95 , -37.6644
0.150588 , 1029.92 , -37.3931
0.150922 , 1025.93 , -37.0949
0.151256 , 1022.01 , -36.7692
0.15159 , 1018.13 , -36.4208
0.151924 , 1014.31 , -36.059
0.152257 , 1010.5 , -35.6955
0.152591 , 1006.68 , -35.3413
0.152925 , 1002.82 , -35.0044
0.153259 , 998.887 , -34.6882
0.153593 , 994.853 , -34.3907
0.153927 , 990.711 , -34.105
0.154261 , 986.468 , -33.8216
0.154595 , 982.143 , -33.5305
0.154929 , 977.764 , -33.2236
0.155263 , 973.361 , -32.8974
0.155596 , 968.963 , -32.5534
0.15593 , 964.589 , -32.1981
0.156264 , 960.246 , -31.8422
0.156598 , 955.93 , -31.4972
0.156932 , 951.628 , -31.1738
0.157266 , 947.321 , -30.8792
0.1576 , 942.992 , -30.6153
0.157934 , 938.629 , -30.3788
0.158268 , 934.227 , -30.1618
0.158602 , 929.79 , -29.9539
0.158935 , 925.329 , -29.7449
0.159269 , 920.862 , -29.5272
0.159603 , 916.404 , -29.2979
0.159937 , 911.969 , -29.0594
0.160271 , 907.566 , -28.8192
0.160605 , 903.197 , -28.5882
0.160939 , 898.862 , -28.378
0.161273 , 894.559 , -28.1983
0.161607 , 890.289 , -28.0546
0.161941 , 886.057 , -27.9465
0.162274 , 881.873 , -27.8676
0.162608 , 877.754 , -27.807
0.162942 , 873.718 , -27.7514
0.163276 , 869.782 , -27.688
0.16361 , 865.961 , -27.6075
0.163944 , 862.26 , -27.506
0.164278 , 858.677 , -27.3863
0.164612 , 855.203 , -27.2567
0.164946 , 851.823 , -27.13
0.16528 , 848.522 , -27.0199
0.165613 , 845.285 , -26.9383
0.165947 , 842.104 , -26.8927
0.166281 , 838.976 , -26.8842
0.166615 , 835.906 , -26.9076
0.166949 , 832.901 , -26.9518
0.167283 , 829.968 , -27.003
0.167617 , 827.114 , -27.0469
0.167951 , 824.336 , -27.0723
0.168285 , 821.628 , -27.073
0.168618 , 818.978 , -27.0493
0.168952 , 816.371 , -27.0073
0.169286 , 813.794 , -26.9577
0.16962 , 811.236 , -26.9128
0.169954 , 808.695 , -26.8839
0.170288 , 806.177 , -26.8786
0.170622 , 803.691 , -26.8991
0.170956 , 801.25 , -26.9417
0.17129 , 798.864 , -26.998
0.171624 , 796.535 , -27.0567
0.171957 , 794.257 , -27.1065
0.172291 , 792.011 , -27.1389
0.172625 , 789.769 , -27.1499
0.172959 , 787.498 , -27.141
0.173293 , 785.162 , -27.1189
0.173627 , 782.734 , -27.0937
0.173961 , 780.193 , -27.0764
0.174295 , 777.534 , -27.0761
0.174629 , 774.762 , -27.098
0.174963 , 771.897 , -27.1418
0.175296 , 768.963 , -27.2019
0.17563 , 765.987 , -27.2685
0.175964 , 762.992 , -27.33
0.176298 , 759.995 , -27.3758
0.176632 , 757.001 , -27.3988
0.176966 , 754.01 , -27.3973
0.1773 , 751.011 , -27.3751
0.177634 , 747.992 , -27.3412
0.177968 , 744.938 , -27.3073
0.178302 , 741.838 , -27.2849
0.178635 , 738.682 , -27.2828
0.178969 , 735.467 , -27.3044
0.179303 , 732.192 , -27.3464
0.179637 , 728.859 , -27.3996
0.179971 , 725.471 , -27.4502
0.180305 , 722.033 , -27.4829
0.180639 , 718.549 , -27.4838
0.180973 , 715.027 , -27.4436
0.181307 , 711.478 , -27.3599
0.181641 , 707.918 , -27.2374
0.181974 , 704.368 , -27.0873
0.182308 , 700.851 , -26.9247
0.182642 , 697.393 , -26.7659
0.182976 , 694.018 , -26.6245
0.18331 , 690.743 , -26.5091
0.183644 , 687.577 , -26.4211
0.183978 , 684.516 , -26.3552
0.184312 , 681.551 , -26.3002
0.184646 , 678.661 , -26.2421
0.184979 , 675.822 , -26.1669
0.185313 , 673.014 , -26.0641
0.185647 , 670.22 , -25.9285
0.185981 , 667.435 , -25.7615
0.186315 , 664.661 , -25.5706
0.186649 , 661.914 , -25.3675
0.186983 , 659.213 , -25.1652
0.187317 , 656.58 , -24.9755
0.187651 , 654.037 , -24.8061
0.187985 , 651.596 , -24.6592
0.188318 , 649.262 , -24.5313
0.188652 , 647.03 , -24.4145
0.188986 , 644.89 , -24.2986
0.18932 , 642.825 , -24.1738
0.189654 , 640.82 , -24.0333
0.189988 , 638.863 , -23.8747
0.190322 , 636.945 , -23.7008
0.190656 , 635.066 , -23.5188
0.19099 , 633.228 , -23.3383
0.191324 , 631.435 , -23.1685
0.191657 , 629.687 , -23.016
0.191991 , 627.985 , -22.8829
0.192325 , 626.318 , -22.7656
0.192659 , 624.673 , -22.6558
0.192993 , 623.033 , -22.5419
0.193327 , 621.377 , -22.4121
0.193661 , 619.688 , -22.2572
0.193995 , 617.955 , -22.0728
0.194329 , 616.171 , -21.8612
0.194663 , 614.339 , -21.6308
0.194996 , 612.464 , -21.3948
0.19533 , 610.557 , -21.1688
0.195664 , 608.63 , -20.9672
0.195998 , 606.692 , -20.7998
0.196332 , 604.75 , -20.6702
0.196666 , 602.805 , -20.5742
0.197 , 600.857 , -20.5005
0.197334 , 598.904 , -20.4335
0.197668 , 596.942 , -20.3558
0.198002 , 594.969 , -20.2523
0.198335 , 592.984 , -20.1133
0.198669 , 590.987 , -19.9362
0.199003 , 588.977 , -19.7266
0.199337 , 586.95 , -19.4968
0.199671 , 584.899 , -19.2633
0.200005 , 582.814 , -19.0436
0.200339 , 580.684 , -18.8524
0.200673 , 578.496 , -18.6993
0.201007 , 576.243 , -18.5868
0.20134 , 573.925 , -18.5104
0.201674 , 571.551 , -18.4598
0.202008 , 569.142 , -18.4222
0.202342 , 566.728 , -18.3843
0.202676 , 564.342 , -18.3363
0.20301 , 562.02 , -18.2729
0.203344 , 559.793 , -18.1947
0.203678 , 557.68 , -18.1072
0.204012 , 555.688 , -18.0192
0.204346 , 553.807 , -17.9399
0.204679 , 552.015 , -17.8767
0.205013 , 550.282 , -17.8329
0.205347 , 548.573 , -17.8069
0.205681 , 546.858 , -17.7927
0.206015 , 545.113 , -17.7812
0.206349 , 543.327 , -17.7627
0.206683 , 541.502 , -17.7297
0.207017 , 539.649 , -17.6785
0.207351 , 537.79 , -17.6107
0.207685 , 535.951 , -17.5331
0.208018 , 534.155 , -17.4558
0.208352 , 532.423 , -17.3902
0.208686 , 530.768 , -17.346
0.20902 , 529.198 , -17.3286
0.209354 , 527.712 , -17.3376
0.209688 , 526.306 , -17.3665
0.210022 , 524.972 , -17.4036
0.210356 , 523.7 , -17.4349
0.21069 , 522.48 , -17.447
0.211024 , 521.297 , -17.43
0.211357 , 520.14 , -17.3808
0.211691 , 518.991 , -17.3033
0.212025 , 517.834 , -17.2087
0.212359 , 516.65 , -17.1133
0.212693 , 515.423 , -17.0352
0.213027 , 514.14 , -16.9908
0.213361 , 512.793 , -16.9913
0.213695 , 511.385 , -17.0405
0.214029 , 509.923 , -17.1337
0.214363 , 508.424 , -17.2588
0.214696 , 506.906 , -17.3982
0.21503 , 505.388 , -17.533
0.215364 , 503.886 , -17.646
0.215698 , 502.407 , -17.7251
0.216032 , 500.95 , -17.7655
0.216366 , 499.505 , -17.7699
0.2167 , 498.056 , -17.7477
0.217034 , 496.583 , -17.7123
0.217368 , 495.067 , -17.678
0.217701 , 493.496 , -17.6568
0.218035 , 491.865 , -17.6562
0.218369 , 490.178 , -17.6777
0.218703 , 488.444 , -17.717
0.219037 , 486.678 , -17.7657
0.219371 , 484.894 , -17.8136
0.219705 , 483.104 , -17.8515
0.220039 , 481.311 , -17.8735
0.220373 , 479.512 , -17.8783
0.220707 , 477.699 , -17.8697
0.22104 , 475.86 , -17.855
0.221374 , 473.987 , -17.8434
0.221708 , 472.073 , -17.8431
0.222042 , 470.125 , -17.8592
0.222376 , 468.154 , -17.8925
0.22271 , 466.184 , -17.9387
0.223044 , 464.242 , -17.9896
0.223378 , 462.355 , -18.0353
0.223712 , 460.548 , -18.0665
0.224046 , 458.838 , -18.0773
0.224379 , 457.23 , -18.0667
0.224713 , 455.72 , -18.0394
0.225047 , 454.294 , -18.005
0.225381 , 452.932 , -17.9759
0.225715 , 451.614 , -17.9645
0.226049 , 450.319 , -17.9799
0.226383 , 449.032 , -18.0256
0.226717 , 447.745 , -18.0981
0.227051 , 446.455 , -18.1868
0.227385 , 445.164 , -18.276
0.227718 , 443.879 , -18.3475
0.228052 , 442.607 , -18.3846
0.228386 , 441.357 , -18.3751
0.22872 , 440.139 , -18.3142
0.229054 , 438.963 , -18.2054
0.229388 , 437.841 , -18.0602
0.229722 , 436.785 , -17.8956
0.230056 , 435.808 , -17.7312
0.23039 , 434.921 , -17.5852
0.230724 , 434.131 , -17.471
0.231057 , 433.436 , -17.3948
0.231391 , 432.828 , -17.3549
0.231725 , 432.285 , -17.3426
0.232059 , 431.778 , -17.3442
0.232393 , 431.267 , -17.3443
0.232727 , 430.714 , -17.3291
0.233061 , 430.082 , -17.2895
0.233395 , 429.342 , -17.2222
0.233729 , 428.482 , -17.1303
0.234062 , 427.503 , -17.0223
0.234396 , 426.425 , -16.9092
0.23473 , 425.277 , -16.8021
0.235064 , 424.096 , -16.7094
0.235398 , 422.92 , -16.6352
0.235732 , 421.779 , -16.5783
0.236066 , 420.689 , -16.5329
0.2364 , 419.656 , -16.4905
0.236734 , 418.668 , -16.4421
0.237068 , 417.704 , -16.3806
0.237401 , 416.734 , -16.3029
0.237735 , 415.73 , -16.2102
0.238069 , 414.667 , -16.1079
0.238403 , 413.527 , -16.0039
0.238737 , 412.303 , -15.9063
0.239071 , 410.993 , -15.8212
0.239405 , 409.607 , -15.7506
0.239739 , 408.153 , -15.6914
0.240073 , 406.644 , -15.636
0.240407 , 405.09 , -15.5736
0.24074 , 403.497 , -15.4929
0.241074 , 401.872 , -15.385
0.241408 , 400.222 , -15.2458
0.241742 , 398.554 , -15.0773
0.242076 , 396.878 , -14.8882
0.24241 , 395.208 , -14.6925
0.242744 , 393.559 , -14.5066
0.243078 , 391.946 , -14.3464
0.243412 , 390.382 , -14.2237
0.243746 , 388.873 , -14.1438
0.244079 , 387.422 , -14.1041
0.244413 , 386.023 , -14.0945
0.244747 , 384.667 , -14.0992
0.245081 , 383.34 , -14.0997
0.245415 , 382.033 , -14.0788
0.245749 , 380.739 , -14.0236
0.246083 , 379.458 , -13.9286
0.246417 , 378.193 , -13.7959
0.246751 , 376.955 , -13.6354
0.247085 , 375.754 , -13.4624
0.247418 , 374.6 , -13.294
0.247752 , 373.498 , -13.1463
0.248086 , 372.446 , -13.031
0.24842 , 371.44 , -12.9532
0.248754 , 370.468 , -12.9112
0.249088 , 369.523 , -12.8969
0.249422 , 368.599 , -12.8986
0.249756 , 367.697 , -12.9033
0.25009 , 366.825 , -12.9
0.250423 , 366.002 , -12.8815
0.250757 , 365.247 , -12.8462
0.251091 , 364.581 , -12.7974
0.251425 , 364.019 , -12.7421
0.251759 , 363.564 , -12.6891
0.252093 , 363.206 , -12.646
0.252427 , 362.921 , -12.6176
0.252761 , 362.673 , -12.6046
0.253095 , 362.421 , -12.6032
0.253429 , 362.121 , -12.6069
0.253762 , 361.739 , -12.6078
0.254096 , 361.252 , -12.5991
0.25443 , 360.651 , -12.5771
0.254764 , 359.946 , -12.5425
0.255098 , 359.157 , -12.5005
0.255432 , 358.316 , -12.4595
0.255766 , 357.455 , -12.4291
0.2561 , 356.604 , -12.4175
0.256434 , 355.787 , -12.4293
0.256768 , 355.016 , -12.4637
0.257101 , 354.293 , -12.5138
0.257435 , 353.612 , -12.5683
0.257769 , 352.956 , -12.6127
0.258103 , 352.309 , -12.6331
0.258437 , 351.649 , -12.6189
0.258771 , 350.958 , -12.5655
0.259105 , 350.214 , -12.4756
0.259439 , 349.402 , -12.3597
0.259773 , 348.505 , -12.2334
0.260107 , 347.509 , -12.1157
0.26044 , 346.404 , -12.0244
0.260774 , 345.184 , -11.9734
0.261108 , 343.85 , -11.9696
0.261442 , 342.416 , -12.0116
0.261776 , 340.9 , -12.0903
0.26211 , 339.336 , -12.1904
0.262444 , 337.758 , -12.2939
0.262778 , 336.208 , -12.3832
0.263112 , 334.719 , -12.4446
0.263446 , 333.318 , -12.4708
0.263779 , 332.019 , -12.4616
0.264113 , 330.818 , -12.4236
0.264447 , 329.7 , -12.3679
0.264781 , 328.634 , -12.3079
0.265115 , 327.586 , -12.2557
0.265449 , 326.523 , -12.2198
0.265783 , 325.419 , -12.2035
0.266117 , 324.26 , -12.2046
0.266451 , 323.046 , -12.2165
0.266784 , 321.793 , -12.23
0.267118 , 320.524 , -12.236
0.267452 , 319.269 , -12.2275
0.267786 , 318.058 , -12.2013
0.26812 , 316.913 , -12.1586
0.268454 , 315.848 , -12.1042
0.268788 , 314.866 , -12.0448
0.269122 , 313.963 , -11.9874
0.269456 , 313.128 , -11.9364
0.26979 , 312.35 , -11.8929
0.270123 , 311.621 , -11.8537
0.270457 , 310.938 , -11.8121
0.270791 , 310.304 , -11.76
0.271125 , 309.725 , -11.6894
0.271459 , 309.212 , -11.5956
0.271793 , 308.769 , -11.4783
0.272127 , 308.401 , -11.3427
0.272461 , 308.099 , -11.1991
0.272795 , 307.854 , -11.0607
0.273129 , 307.644 , -10.9412
0.273462 , 307.45 , -10.8518
0.273796 , 307.25 , -10.7983
0.27413 , 307.027 , -10.7798
0.274464 , 306.77 , -10.7878
0.274798 , 306.473 , -10.8083
0.275132 , 306.14 , -10.8232
0.275466 , 305.773 , -10.8147
0.2758 , 305.381 , -10.7682
0.276134 , 304.969 , -10.675
0.276468 , 304.543 , -10.5348
0.276801 , 304.105 , -10.3548
0.277135 , 303.659 , -10.1492
0.277469 , 303.207 , -9.93566
0.277803 , 302.754 , -9.73257
0.278137 , 302.307 , -9.55527
0.278471 , 301.874 , -9.41354
0.278805 , 301.459 , -9.31017
0.279139 , 301.066 , -9.24102
0.279473 , 300.688 , -9.1965
0.279807 , 300.311 , -9.16407
0.28014 , 299.911 , -9.13118
0.280474 , 299.456 , -9.08794
0.280808 , 298.911 , -9.02905
0.281142 , 298.244 , -8.95444
0.281476 , 297.431 , -8.86876
0.28181 , 296.463 , -8.77971
0.282144 , 295.347 , -8.69583
0.282478 , 294.11 , -8.62416
0.282812 , 292.791 , -8.56854
0.283145 , 291.441 , -8.52876
0.283479 , 290.11 , -8.50082
0.283813 , 288.844 , -8.47827
0.284147 , 287.675 , -8.45412
0.284481 , 286.617 , -8.4229
0.284815 , 285.666 , -8.38233
0.285149 , 284.803 , -8.33412
0.285483 , 283.996 , -8.28371
0.285817 , 283.208 , -8.23889
0.286151 , 282.403 , -8.20777
0.286484 , 281.551 , -8.19652
0.286818 , 280.635 , -8.20731
0.287152 , 279.648 , -8.23732
0.287486 , 278.593 , -8.27871
0.28782 , 277.486 , -8.32
0.288154 , 276.343 , -8.34834
0.288488 , 275.187 , -8.35231
0.288822 , 274.039 , -8.32465
0.289156 , 272.921 , -8.26422
0.28949 , 271.851 , -8.1768
0.289823 , 270.847 , -8.0744
0.290157 , 269.926 , -7.97328
0.290491 , 269.1 , -7.89104
0.290825 , 268.381 , -7.84323
0.291159 , 267.774 , -7.84047
0.291493 , 267.276 , -7.88636
0.291827 , 266.878 , -7.97686
0.292161 , 266.562 , -8.10114
0.292495 , 266.303 , -8.24375
0.292829 , 266.073 , -8.38766
0.293162 , 265.844 , -8.51745
0.293496 , 265.593 , -8.62213
0.29383 , 265.304 , -8.69687
0.294164 , 264.975 , -8.74341
0.294498 , 264.611 , -8.76913
0.294832 , 264.227 , -8.78504
0.295166 , 263.844 , -8.80308
0.2955 , 263.481 , -8.83356
0.295834 , 263.152 , -8.88309
0.296168 , 262.864 , -8.95358
0.296501 , 262.614 , -9.04237
0.296835 , 262.392 , -9.14342
0.297169 , 262.18 , -9.24927
0.297503 , 261.961 , -9.35309
0.297837 , 261.721 , -9.4505
0.298171 , 261.453 , -9.54057
0.298505 , 261.159 , -9.62581
0.298839 , 260.847 , -9.71121
0.299173 , 260.534 , -9.80257
0.299506 , 260.232 , -9.90456
0.29984 , 259.954 , -10.0191
0.300174 , 259.702 , -10.1443
0.300508 , 259.466 , -10.2745
0.300842 , 259.228 , -10.4016
0.301176 , 258.96 , -10.5165
0.30151 , 258.633 , -10.6114
0.301844 , 258.219 , -10.6823
0.302178 , 257.694 , -10.7295
0.302512 , 257.051 , -10.7588
0.302845 , 256.29 , -10.78
0.303179 , 255.426 , -10.805
0.303513 , 254.485 , -10.8455
0.303847 , 253.497 , -10.9098
0.304181 , 252.492 , -11.0009
0.304515 , 251.501 , -11.1153
0.304849 , 250.546 , -11.243
0.305183 , 249.643 , -11.3689
0.305517 , 248.801 , -11.4759
0.305851 , 248.021 , -11.5472
0.306184 , 247.299 , -11.57
0.306518 , 246.625 , -11.5375
0.306852 , 245.986 , -11.4505
0.307186 , 245.366 , -11.3168
0.30752 , 244.745 , -11.1495
0.307854 , 244.103 , -10.9651
0.308188 , 243.416 , -10.7799
0.308522 , 242.665 , -10.6075
0.308856 , 241.834 , -10.4565
0.30919 , 240.917 , -10.3298
0.309523 , 239.919 , -10.2248
0.309857 , 238.857 , -10.1347
0.310191 , 237.763 , -10.051
0.310525 , 236.675 , -9.96544
0.310859 , 235.642 , -9.87205
0.311193 , 234.707 , -9.76857
0.311527 , 233.908 , -9.65641
0.311861 , 233.269 , -9.53992
0.312195 , 232.795 , -9.42484
0.312529 , 232.471 , -9.31646
0.312862 , 232.267 , -9.21794
0.313196 , 232.141 , -9.12934
0.31353 , 232.043 , -9.04746
0.313864 , 231.927 , -8.96658
0.314198 , 231.757 , -8.88003
0.314532 , 231.508 , -8.78196
0.314866 , 231.174 , -8.6691
0.3152 , 230.761 , -8.54184
0.315534 , 230.29 , -8.40443
0.315868 , 229.785 , -8.26419
0.316201 , 229.276 , -8.12984
0.316535 , 228.788 , -8.00936
0.316869 , 228.339 , -7.90787
0.317203 , 227.941 , -7.82601
0.317537 , 227.599 , -7.7593
0.317871 , 227.309 , -7.69867
0.318205 , 227.067 , -7.63202
0.318539 , 226.866 , -7.54673
0.318873 , 226.698 , -7.43235
0.319206 , 226.556 , -7.28306
0.31954 , 226.43 , -7.09933
0.319874 , 226.312 , -6.88835
0.320208 , 226.191 , -6.66315
0.320542 , 226.054 , -6.44057
0.320876 , 225.89 , -6.23835
0.32121 , 225.684 , -6.07218
0.321544 , 225.429 , -5.95302
0.321878 , 225.119 , -5.88542
0.322212 , 224.755 , -5.86702
0.322545 , 224.341 , -5.88947
0.322879 , 223.888 , -5.94027
0.323213 , 223.406 , -6.00544
0.323547 , 222.903 , -6.07215
0.323881 , 222.387 , -6.13095
0.324215 , 221.859 , -6.17708
0.324549 , 221.316 , -6.21066
0.324883 , 220.753 , -6.23589
0.325217 , 220.165 , -6.25932
0.325551 , 219.549 , -6.28788
0.325884 , 218.908 , -6.32699
0.326218 , 218.253 , -6.37923
0.326552 , 217.599 , -6.44388
0.326886 , 216.966 , -6.51738
0.32722 , 216.373 , -6.5945
0.327554 , 215.833 , -6.66991
0.327888 , 215.352 , -6.73974
0.328222 , 214.923 , -6.80269
0.328556 , 214.528 , -6.86037
0.32889 , 214.138 , -6.91683
0.329223 , 213.719 , -6.97733
0.329557 , 213.24 , -7.04675
0.329891 , 212.672 , -7.12797
0.330225 , 212.002 , -7.22066
0.330559 , 211.228 , -7.32096
0.330893 , 210.367 , -7.42195
0.331227 , 209.445 , -7.51509
0.331561 , 208.502 , -7.59219
0.331895 , 207.577 , -7.64749
0.332229 , 206.709 , -7.67944
0.332562 , 205.93 , -7.69158
0.332896 , 205.262 , -7.69248
0.33323 , 204.714 , -7.69442
0.333564 , 204.285 , -7.71124
