0 2.15605 0
3.33564e-06 2.19791 0.0690721
6.67128e-06 2.23827 0.14082
1.00069e-05 2.27703 0.215243
1.33426e-05 2.31406 0.292334
1.66782e-05 2.34925 0.372084
2.00138e-05 2.38246 0.454479
2.33495e-05 2.41357 0.539498
2.66851e-05 2.44247 0.62712
3.00208e-05 2.46901 0.717315
3.33564e-05 2.49307 0.810049
3.66921e-05 2.51452 0.905285
4.00277e-05 2.53323 1.00298
4.33633e-05 2.54907 1.10308
4.6699e-05 2.5619 1.20554
5.00346e-05 2.57159 1.31029
5.33703e-05 2.578 1.41727
5.67059e-05 2.58101 1.52641
6.00415e-05 2.58048 1.63762
6.33772e-05 2.57628 1.75084
6.67128e-05 2.56827 1.86596
7.00485e-05 2.55633 1.98289
7.33841e-05 2.54032 2.10154
7.67197e-05 2.52012 2.22179
8.00554e-05 2.49559 2.34352
8.3391e-05 2.46662 2.46662
8.67267e-05 2.43308 2.59097
9.00623e-05 2.39484 2.71642
9.33979e-05 2.3518 2.84284
9.67336e-05 2.30383 2.97009
0.000100069 2.25082 3.098
0.000103405 2.19267 3.22642
0.000106741 2.12926 3.35519
0.000110076 2.0605 3.48413
0.000113412 1.98629 3.61307
0.000116747 1.90654 3.74181
0.000120083 1.82116 3.87017
0.000123419 1.73007 3.99796
0.000126754 1.63318 4.12496
0.00013009 1.53044 4.25097
0.000133426 1.42177 4.37578
0.000136761 1.30712 4.49916
0.000140097 1.18644 4.62089
0.000143433 1.05967 4.74073
0.000146768 0.926792 4.85845
0.000150104 0.787767 4.97381
0.000153439 0.642573 5.08655
0.000156775 0.4912 5.19643
0.000160111 0.333641 5.30319
0.000163446 0.1699 5.40657
0.000166782 -8.64929e-06 5.5063
0.000170118 -0.176063 5.60212
0.000173453 -0.35823 5.69376
0.000176789 -0.546468 5.78093
0.000180125 -0.740724 5.86336
0.00018346 -0.940936 5.94077
0.000186796 -1.14703 6.01288
0.000190132 -1.35892 6.0794
0.000193467 -1.57651 6.14004
0.000196803 -1.79969 6.19453
0.000200138 -2.02834 6.24256
0.000203474 -2.26234 6.28386
0.00020681 -2.50154 6.31813
0.000210145 -2.74578 6.34509
0.000213481 -2.9949 6.36444
0.000216817 -3.24871 6.37591
0.000220152 -3.50702 6.37922
0.000223488 -3.76963 6.37407
0.000226824 -4.03632 6.36019
0.000230159 -4.30685 6.33731
0.000233495 -4.58098 6.30515
0.000236831 -4.85846 6.26346
0.000240166 -5.139 6.21196
0.000243502 -5.42234 6.15041
0.000246837 -5.70816 6.07854
0.000250173 -5.99616 5.99613
0.000253509 -6.28601 5.90292
0.000256844 -6.57737 5.79871
0.00026018 -6.86991 5.68325
0.000263516 -7.16325 5.55635
0.000266851 -7.45701 5.41781
0.000270187 -7.75081 5.26742
0.000273523 -8.04426 5.10501
0.000276858 -8.33692 4.93041
0.000280194 -8.62839 4.74347
0.000283529 -8.91823 4.54403
0.000286865 -9.20598 4.33197
0.000290201 -9.49119 4.10717
0.000293536 -9.77338 3.86952
0.000296872 -10.0521 3.61894
0.000300208 -10.3268 3.35535
0.000303543 -10.597 3.07869
0.000306879 -10.8623 2.78893
0.000310215 -11.122 2.48603
0.00031355 -11.3757 2.17
0.000316886 -11.6229 1.84084
0.000320222 -11.8629 1.49859
0.000323557 -12.0952 1.1433
0.000326893 -12.3194 0.775033
0.000330228 -12.5348 0.393882
0.000333564 -12.7408 -4.00265e-05
0.0003369 -12.937 -0.406602
0.000340235 -13.1227 -0.82565
0.000343571 -13.2973 -1.25701
0.000346907 -13.4603 -1.70048
0.000350242 -13.6111 -2.15583
0.000353578 -13.7492 -2.62284
0.000356914 -13.8738 -3.10122
0.000360249 -13.9846 -3.59069
0.000363585 -14.0809 -4.09093
0.000366921 -14.1621 -4.6016
0.000370256 -14.2277 -5.12233
0.000373592 -14.2771 -5.65274
0.000376927 -14.3097 -6.19242
0.000380263 -14.325 -6.74092
0.000383599 -14.3226 -7.29777
0.000386934 -14.3017 -7.8625
0.00039027 -14.262 -8.43459
0.000393606 -14.2029 -9.01349
0.000396941 -14.1239 -9.59865
0.000400277 -14.0245 -10.1895
0.000403613 -13.9043 -10.7854
0.000406948 -13.7628 -11.3856
0.000410284 -13.5995 -11.9897
0.000413619 -13.4141 -12.5968
0.000416955 -13.2061 -13.2062
0.000420291 -12.9752 -13.8173
0.000423626 -12.721 -14.4293
0.000426962 -12.4431 -15.0413
0.000430298 -12.1413 -15.6526
0.000433633 -11.8152 -16.2624
0.000436969 -11.4646 -16.8698
0.000440305 -11.0892 -17.474
0.00044364 -10.6888 -18.074
0.000446976 -10.2633 -18.669
0.000450312 -9.81236 -19.258
0.000453647 -9.33599 -19.8402
0.000456983 -8.83405 -20.4145
0.000460318 -8.30648 -20.9801
0.000463654 -7.75325 -21.5358
0.00046699 -7.17435 -22.0807
0.000470325 -6.56982 -22.6138
0.000473661 -5.93973 -23.1342
0.000476997 -5.2842 -23.6406
0.000480332 -4.60335 -24.1322
0.000483668 -3.89738 -24.6078
0.000487004 -3.16652 -25.0665
0.000490339 -2.41101 -25.5071
0.000493675 -1.63117 -25.9286
0.000497011 -0.827325 -26.3298
0.000500346 0.000125867 -26.7099
0.000503682 0.850762 -27.0676
0.000507017 1.72412 -27.4019
0.000510353 2.61967 -27.7118
0.000513689 3.53689 -27.9962
0.000517024 4.47515 -28.2541
0.00052036 5.43383 -28.4844
0.000523696 6.41223 -28.686
0.000527031 7.40963 -28.858
0.000530367 8.42525 -28.9994
0.000533703 9.45828 -29.1091
0.000537038 10.5079 -29.1862
0.000540374 11.5731 -29.2298
0.000543709 12.6529 -29.2388
0.000547045 13.7465 -29.2125
0.000550381 14.8528 -29.1498
0.000553716 15.9706 -29.05
0.000557052 17.0988 -28.9122
0.000560388 18.2363 -28.7355
0.000563723 19.382 -28.5194
0.000567059 20.5344 -28.2628
0.000570395 21.6924 -27.9653
0.00057373 22.8546 -27.6261
0.000577066 24.0196 -27.2446
0.000580402 25.1861 -26.8201
0.000583737 26.3526 -26.3523
0.000587073 27.5176 -25.8404
0.000590408 28.6796 -25.2842
0.000593744 29.8371 -24.6831
0.00059708 30.9885 -24.0369
0.000600415 32.1323 -23.3452
0.000603751 33.2667 -22.6077
0.000607087 34.3901 -21.8244
0.000610422 35.5009 -20.9949
0.000613758 36.5972 -20.1192
0.000617094 37.6775 -19.1974
0.000620429 38.74 -18.2294
0.000623765 39.7828 -17.2153
0.0006271 40.8042 -16.1553
0.000630436 41.8024 -15.0495
0.000633772 42.7757 -13.8984
0.000637107 43.7221 -12.7022
0.000640443 44.6399 -11.4613
0.000643779 45.5272 -10.1762
0.000647114 46.3822 -8.84759
0.00065045 47.2032 -7.47595
0.000653786 47.9881 -6.06201
0.000657121 48.7353 -4.60654
0.000660457 49.4429 -3.11037
0.000663793 50.1091 -1.57443
0.000667128 50.7321 0.00031876
0.000670464 51.3102 1.61281
0.000673799 51.8415 3.26192
0.000677135 52.3244 4.94645
0.000680471 52.7572 6.66513
0.000683806 53.1381 8.4166
0.000687142 53.4655 10.1995
0.000690478 53.7378 12.0122
0.000693813 53.9534 13.8533
0.000697149 54.1108 15.721
0.000700485 54.2084 17.6138
0.00070382 54.2449 19.5298
0.000707156 54.2187 21.4671
0.000710492 54.1285 23.4239
0.000713827 53.9731 25.3982
0.000717163 53.7511 27.388
0.000720498 53.4614 29.3911
0.000723834 53.1028 31.4054
0.00072717 52.6744 33.4287
0.000730505 52.175 35.4586
0.000733841 51.6037 37.4929
0.000737177 50.9598 39.529
0.000740512 50.2424 41.5647
0.000743848 49.4508 43.5974
0.000747184 48.5844 45.6245
0.000750519 47.6427 47.6434
0.000753855 46.6253 49.6516
0.00075719 45.5316 51.6462
0.000760526 44.3616 53.6247
0.000763862 43.115 55.5843
0.000767197 41.7917 57.5222
0.000770533 40.3917 59.4355
0.000773869 38.9152 61.3215
0.000777204 37.3623 63.1772
0.00078054 35.7334 64.9999
0.000783876 34.0289 66.7866
0.000787211 32.2493 68.5345
0.000790547 30.3952 70.2405
0.000793883 28.4673 71.9019
0.000797218 26.4666 73.5156
0.000800554 24.394 75.0789
0.000803889 22.2504 76.5887
0.000807225 20.0372 78.0422
0.000810561 17.7555 79.4365
0.000813896 15.4068 80.7687
0.000817232 12.9926 82.0361
0.000820568 10.5145 83.2359
0.000823903 7.9742 84.3652
0.000827239 5.37358 85.4213
0.000830575 2.7146 86.4016
0.00083391 -0.000685679 87.3033
0.000837246 -2.7701 88.124
0.000840582 -5.59136 88.861
0.000843917 -8.46208 89.5118
0.000847253 -11.3797 90.0742
0.000850588 -14.3418 90.5456
0.000853924 -17.3454 90.9239
0.00085726 -20.3879 91.2067
0.000860595 -23.4663 91.3921
0.000863931 -26.5776 91.4779
0.000867267 -29.7187 91.4622
0.000870602 -32.8864 91.3432
0.000873938 -36.0775 91.1191
0.000877274 -39.2884 90.7882
0.000880609 -42.5159 90.3489
0.000883945 -45.7563 89.7999
0.00088728 -49.006 89.1398
0.000890616 -52.2613 88.3673
0.000893952 -55.5184 87.4814
0.000897287 -58.7736 86.4812
0.000900623 -62.0229 85.3656
0.000903959 -65.2623 84.1342
0.000907294 -68.4879 82.7862
0.00091063 -71.6955 81.3212
0.000913966 -74.8811 79.7388
0.000917301 -78.0404 78.0391
0.000920637 -81.1694 76.2218
0.000923973 -84.2638 74.2872
0.000927308 -87.3193 72.2355
0.000930644 -90.3316 70.0671
0.000933979 -93.2965 67.7826
0.000937315 -96.2097 65.3828
0.000940651 -99.0668 62.8685
0.000943986 -101.864 60.2408
0.000947322 -104.596 57.5008
0.000950658 -107.259 54.6499
0.000953993 -109.849 51.6898
0.000957329 -112.361 48.6219
0.000960665 -114.792 45.4482
0.000964 -117.137 42.1707
0.000967336 -119.392 38.7916
0.000970672 -121.553 35.3131
0.000974007 -123.615 31.7378
0.000977343 -125.576 28.0683
0.000980678 -127.43 24.3073
0.000984014 -129.174 20.458
0.00098735 -130.805 16.5233
0.000990685 -132.318 12.5065
0.000994021 -133.71 8.41109
0.000997357 -134.978 4.24059
0.00100069 -136.118 -0.00128288
0.00100403 -137.126 -4.31067
0.00100736 -138.001 -8.68358
0.0010107 -138.737 -13.1159
0.00101403 -139.334 -17.6033
0.00101737 -139.787 -22.1414
0.00102071 -140.094 -26.7257
0.00102404 -140.252 -31.3516
0.00102738 -140.26 -36.0142
0.00103071 -140.115 -40.7087
0.00103405 -139.815 -45.4301
0.00103738 -139.358 -50.1734
0.00104072 -138.742 -54.9332
0.00104406 -137.965 -59.7044
0.00104739 -137.027 -64.4816
0.00105073 -135.926 -69.2592
0.00105406 -134.66 -74.0318
0.0010574 -133.23 -78.7938
0.00106073 -131.634 -83.5395
0.00106407 -129.873 -88.2632
0.00106741 -127.945 -92.9591
0.00107074 -125.85 -97.6214
0.00107408 -123.59 -102.244
0.00107741 -121.163 -106.822
0.00108075 -118.571 -111.348
0.00108408 -115.815 -115.817
0.00108742 -112.895 -120.223
0.00109075 -109.812 -124.56
0.00109409 -106.569 -128.823
0.00109743 -103.166 -133.004
0.00110076 -99.6057 -137.098
0.0011041 -95.8897 -141.101
0.00110743 -92.0204 -145.004
0.00111077 -88.0003 -148.804
0.0011141 -83.832 -152.494
0.00111744 -79.5186 -156.068
0.00112078 -75.063 -159.521
0.00112411 -70.4687 -162.848
0.00112745 -65.7391 -166.043
0.00113078 -60.878 -169.101
0.00113412 -55.8894 -172.016
0.00113745 -50.7774 -174.784
0.00114079 -45.5463 -177.399
0.00114412 -40.2008 -179.857
0.00114746 -34.7455 -182.153
0.0011508 -29.1854 -184.282
0.00115413 -23.5256 -186.241
0.00115747 -17.7714 -188.024
0.0011608 -11.9283 -189.627
0.00116414 -6.00182 -191.048
0.00116747 0.00211424 -192.281
0.00117081 6.07758 -193.324
0.00117415 12.2185 -194.173
0.00117748 18.4185 -194.824
0.00118082 24.6712 -195.276
0.00118415 30.9702 -195.524
0.00118749 37.3087 -195.567
0.00119082 43.68 -195.403
0.00119416 50.0771 -195.028
0.0011975 56.4931 -194.442
0.00120083 62.9209 -193.643
0.00120417 69.3532 -192.629
0.0012075 75.7828 -191.399
0.00121084 82.2025 -189.953
0.00121417 88.6047 -188.289
0.00121751 94.982 -186.407
0.00122084 101.327 -184.308
0.00122418 107.632 -181.991
0.00122752 113.889 -179.457
0.00123085 120.092 -176.706
0.00123419 126.232 -173.739
0.00123752 132.302 -170.558
0.00124086 138.293 -167.164
0.00124419 144.2 -163.559
0.00124753 150.014 -159.744
0.00125087 155.727 -155.723
0.0012542 161.332 -151.498
0.00125754 166.823 -147.071
0.00126087 172.191 -142.445
0.00126421 177.429 -137.625
0.00126754 182.531 -132.613
0.00127088 187.489 -127.414
0.00127421 192.296 -122.031
0.00127755 196.946 -116.47
0.00128089 201.431 -110.735
0.00128422 205.746 -104.83
0.00128756 209.884 -98.7607
0.00129089 213.838 -92.5331
0.00129423 217.604 -86.1524
0.00129756 221.174 -79.6245
0.0013009 224.543 -72.9555
0.00130424 227.706 -66.1518
0.00130757 230.658 -59.2198
0.00131091 233.392 -52.1664
0.00131424 235.906 -44.9984
0.00131758 238.193 -37.723
0.00132091 240.249 -30.3475
0.00132425 242.071 -22.8794
0.00132759 243.654 -15.3264
0.00133092 244.995 -7.69621
0.00133426 246.09 0.00309247
0.00133759 246.937 7.76342
0.00134093 247.532 15.5765
0.00134426 247.873 23.434
0.0013476 247.957 31.3275
0.00135093 247.783 39.2483
0.00135427 247.349 47.1877
0.00135761 246.654 55.137
0.00136094 245.696 63.0873
0.00136428 244.474 71.0298
0.00136761 242.989 78.9555
0.00137095 241.24 86.8554
0.00137428 239.227 94.7204
0.00137762 236.951 102.542
0.00138096 234.412 110.31
0.00138429 231.612 118.016
0.00138763 228.552 125.652
0.00139096 225.234 133.207
0.0013943 221.659 140.673
0.00139763 217.831 148.042
0.00140097 213.752 155.304
0.0014043 209.424 162.451
0.00140764 204.852 169.473
0.00141098 200.039 176.363
0.00141431 194.988 183.111
0.00141765 189.705 189.71
0.00142098 184.194 196.151
0.00142432 178.458 202.427
0.00142765 172.505 208.529
0.00143099 166.339 214.449
0.00143433 159.965 220.18
0.00143766 153.391 225.714
0.001441 146.621 231.045
0.00144433 139.663 236.165
0.00144767 132.524 241.067
0.001451 125.209 245.746
0.00145434 117.728 250.193
0.00145768 110.087 254.405
0.00146101 102.293 258.374
0.00146435 94.356 262.095
0.00146768 86.2827 265.563
0.00147102 78.0817 268.773
0.00147435 69.7618 271.72
0.00147769 61.3315 274.399
0.00148102 52.7997 276.807
0.00148436 44.1757 278.939
0.0014877 35.4684 280.793
0.00149103 26.6873 282.364
0.00149437 17.8418 283.65
0.0014977 8.94143 284.649
0.00150104 -0.00403415 285.358
0.00150437 -8.98488 285.775
0.00150771 -17.9913 285.898
0.00151105 -27.0133 285.727
0.00151438 -36.041 285.261
0.00151772 -45.0644 284.499
0.00152105 -54.0734 283.44
0.00152439 -63.058 282.086
0.00152772 -72.0081 280.436
0.00153106 -80.9138 278.492
0.00153439 -89.7649 276.254
0.00153773 -98.5515 273.725
0.00154107 -107.264 270.906
0.0015444 -115.892 267.799
0.00154774 -124.425 264.407
0.00155107 -132.855 260.734
0.00155441 -141.172 256.782
0.00155774 -149.365 252.554
0.00156108 -157.426 248.056
0.00156442 -165.346 243.291
0.00156775 -173.114 238.264
0.00157109 -180.723 232.98
0.00157442 -188.164 227.444
0.00157776 -195.427 221.662
0.00158109 -202.505 215.64
0.00158443 -209.389 209.383
0.00158777 -216.072 202.899
0.0015911 -222.545 196.194
0.00159444 -228.801 189.275
0.00159777 -234.832 182.149
0.00160111 -240.633 174.824
0.00160444 -246.195 167.308
0.00160778 -251.512 159.609
0.00161111 -256.579 151.735
0.00161445 -261.388 143.694
0.00161779 -265.936 135.496
0.00162112 -270.215 127.149
0.00162446 -274.222 118.661
0.00162779 -277.951 110.044
0.00163113 -281.398 101.305
0.00163446 -284.559 92.454
0.0016378 -287.43 83.5015
0.00164114 -290.009 74.4568
0.00164447 -292.291 65.33
0.00164781 -294.274 56.1311
0.00165114 -295.956 46.8702
0.00165448 -297.335 37.5575
0.00165781 -298.41 28.2033
0.00166115 -299.178 18.818
0.00166448 -299.639 9.41183
0.00166782 -299.793 -0.00470914
0.00167116 -299.639 -9.42125
0.00167449 -299.177 -18.8274
0.00167783 -298.409 -28.2127
0.00168116 -297.334 -37.5668
0.0016845 -295.955 -46.8795
0.00168783 -294.273 -56.1403
0.00169117 -292.289 -65.3392
0.00169451 -290.006 -74.4659
0.00169784 -287.428 -83.5105
0.00170118 -284.556 -92.4629
0.00170451 -281.395 -101.313
0.00170785 -277.947 -110.052
0.00171118 -274.218 -118.67
0.00171452 -270.211 -127.157
0.00171786 -265.931 -135.504
0.00172119 -261.384 -143.703
0.00172453 -256.574 -151.743
0.00172786 -251.507 -159.617
0.0017312 -246.189 -167.316
0.00173453 -240.627 -174.832
0.00173787 -234.827 -182.156
0.0017412 -228.795 -189.282
0.00174454 -222.539 -196.201
0.00174788 -216.065 -202.906
0.00175121 -209.383 -209.39
0.00175455 -202.498 -215.646
0.00175788 -195.42 -221.668
0.00176122 -188.157 -227.45
0.00176455 -180.716 -232.986
0.00176789 -173.107 -238.27
0.00177123 -165.338 -243.296
0.00177456 -157.418 -248.061
0.0017779 -149.357 -252.559
0.00178123 -141.164 -256.786
0.00178457 -132.847 -260.738
0.0017879 -124.417 -264.411
0.00179124 -115.883 -267.803
0.00179457 -107.255 -270.909
0.00179791 -98.5429 -273.728
0.00180125 -89.7562 -276.257
0.00180458 -80.905 -278.495
0.00180792 -71.9993 -280.439
0.00181125 -63.0491 -282.088
0.00181459 -54.0645 -283.442
0.00181792 -45.0554 -284.5
0.00182126 -36.032 -285.262
0.0018246 -27.0043 -285.728
0.00182793 -17.9823 -285.899
0.00183127 -8.9759 -285.775
0.0018346 0.00493063 -285.358
0.00183794 8.95038 -284.649
0.00184127 17.8507 -283.65
0.00184461 26.6961 -282.363
0.00184795 35.4772 -280.792
0.00185128 44.1844 -278.938
0.00185462 52.8084 -276.805
0.00185795 61.3401 -274.397
0.00186129 69.7703 -271.718
0.00186462 78.0902 -268.771
0.00186796 86.291 -265.56
0.00187129 94.3642 -262.092
0.00187463 102.302 -258.371
0.00187797 110.095 -254.401
0.0018813 117.736 -250.19
0.00188464 125.217 -245.742
0.00188797 132.531 -241.063
0.00189131 139.671 -236.16
0.00189464 146.628 -231.04
0.00189798 153.398 -225.709
0.00190132 159.972 -220.175
0.00190465 166.346 -214.443
0.00190799 172.512 -208.523
0.00191132 178.465 -202.421
0.00191466 184.2 -196.146
0.00191799 189.711 -189.704
0.00192133 194.994 -183.105
0.00192466 200.044 -176.356
0.001928 204.857 -169.467
0.00193134 209.429 -162.444
0.00193467 213.757 -155.297
0.00193801 217.836 -148.035
0.00194134 221.664 -140.666
0.00194468 225.238 -133.2
0.00194801 228.556 -125.644
0.00195135 231.616 -118.009
0.00195469 234.416 -110.303
0.00195802 236.954 -102.534
0.00196136 239.23 -94.7129
0.00196469 241.243 -86.8478
0.00196803 242.992 -78.9478
0.00197136 244.477 -71.0221
0.0019747 245.698 -63.0796
0.00197804 246.656 -55.1292
0.00198137 247.351 -47.1799
0.00198471 247.785 -39.2405
0.00198804 247.958 -31.3197
0.00199138 247.874 -23.4263
0.00199471 247.532 -15.5688
0.00199805 246.937 -7.75566
0.00200138 246.09 0.0046387
0.00200472 244.995 7.7039
0.00200806 243.654 15.334
0.00201139 242.07 22.887
0.00201473 240.248 30.355
0.00201806 238.192 37.7305
0.0020214 235.904 45.0058
0.00202473 233.391 52.1737
0.00202807 230.656 59.2271
0.00203141 227.704 66.1589
0.00203474 224.541 72.9626
0.00203808 221.171 79.6314
0.00204141 217.601 86.1592
0.00204475 213.836 92.5398
0.00204808 209.881 98.7673
0.00205142 205.743 104.836
0.00205475 201.428 110.741
0.00205809 196.942 116.476
0.00206143 192.292 122.038
0.00206476 187.485 127.42
0.0020681 182.527 132.619
0.00207143 177.425 137.63
0.00207477 172.186 142.451
0.0020781 166.818 147.076
0.00208144 161.328 151.503
0.00208478 155.722 155.728
0.00208811 150.009 159.749
0.00209145 144.195 163.563
0.00209478 138.288 167.168
0.00209812 132.296 170.562
0.00210145 126.226 173.743
0.00210479 120.086 176.709
0.00210813 113.884 179.46
0.00211146 107.626 181.994
0.0021148 101.321 184.311
0.00211813 94.9761 186.41
0.00212147 88.5987 188.292
0.0021248 82.1965 189.955
0.00212814 75.7768 191.402
0.00213147 69.3472 192.631
0.00213481 62.9148 193.645
0.00213815 56.487 194.444
0.00214148 50.071 195.03
0.00214482 43.6739 195.404
0.00214815 37.3026 195.569
0.00215149 30.9641 195.525
0.00215482 24.6651 195.276
0.00215816 18.4124 194.825
0.0021615 12.2124 194.173
0.00216483 6.07151 193.324
0.00216817 -0.00392645 192.281
0.0021715 -6.00782 191.048
0.00217484 -11.9342 189.627
0.00217817 -17.7773 188.023
0.00218151 -23.5315 186.24
0.00218484 -29.1912 184.282
0.00218818 -34.7512 182.152
0.00219152 -40.2065 179.856
0.00219485 -45.5519 177.398
0.00219819 -50.7829 174.782
0.00220152 -55.8948 172.014
0.00220486 -60.8833 169.099
0.00220819 -65.7443 166.041
0.00221153 -70.4738 162.846
0.00221487 -75.068 159.519
0.0022182 -79.5235 156.066
0.00222154 -83.8368 152.491
0.00222487 -88.005 148.801
0.00222821 -92.0249 145.001
0.00223154 -95.8941 141.098
0.00223488 -99.61 137.095
0.00223822 -103.17 133.001
0.00224155 -106.573 128.819
0.00224489 -109.816 124.557
0.00224822 -112.899 120.22
0.00225156 -115.819 115.814
0.00225489 -118.575 111.344
0.00225823 -121.166 106.818
0.00226156 -123.593 102.24
0.0022649 -125.853 97.6175
0.00226824 -127.947 92.9551
0.00227157 -129.875 88.2591
0.00227491 -131.637 83.5354
0.00227824 -133.233 78.7896
0.00228158 -134.663 74.0276
0.00228491 -135.928 69.2549
0.00228825 -137.029 64.4772
0.00229159 -137.967 59.7001
0.00229492 -138.743 54.9289
0.00229826 -139.359 50.169
0.00230159 -139.816 45.4257
0.00230493 -140.116 40.7043
0.00230826 -140.261 36.0098
0.0023116 -140.253 31.3472
0.00231493 -140.095 26.7213
0.00231827 -139.787 22.137
0.00232161 -139.334 17.5989
0.00232494 -138.738 13.1115
0.00232828 -138.001 8.67924
0.00233161 -137.127 4.30636
0.00233495 -136.118 -0.00299339
0.00233828 -134.978 -4.24483
0.00234162 -133.71 -8.41529
0.00234496 -132.318 -12.5107
0.00234829 -130.804 -16.5274
0.00235163 -129.174 -20.462
0.00235496 -127.429 -24.3114
0.0023583 -125.575 -28.0722
0.00236163 -123.614 -31.7417
0.00236497 -121.552 -35.3169
0.00236831 -119.391 -38.7953
0.00237164 -117.136 -42.1744
0.00237498 -114.791 -45.4518
0.00237831 -112.36 -48.6254
0.00238165 -109.847 -51.6932
0.00238498 -107.257 -54.6533
0.00238832 -104.594 -57.5041
0.00239165 -101.862 -60.244
0.00239499 -99.0649 -62.8716
0.00239833 -96.2076 -65.3858
0.00240166 -93.2944 -67.7856
0.002405 -90.3294 -70.0699
0.00240833 -87.317 -72.2382
0.00241167 -84.2614 -74.2899
0.002415 -81.167 -76.2244
0.00241834 -78.038 -78.0415
0.00242168 -74.8786 -79.7412
0.00242501 -71.6929 -81.3234
0.00242835 -68.4853 -82.7883
0.00243168 -65.2597 -84.1362
0.00243502 -62.0202 -85.3676
0.00243835 -58.7709 -86.483
0.00244169 -55.5157 -87.4832
0.00244502 -52.2585 -88.3689
0.00244836 -49.0032 -89.1413
0.0024517 -45.7534 -89.8013
0.00245503 -42.513 -90.3502
0.00245837 -39.2856 -90.7894
0.0024617 -36.0746 -91.1202
0.00246504 -32.8836 -91.3442
0.00246837 -29.7158 -91.4632
0.00247171 -26.5747 -91.4788
0.00247505 -23.4634 -91.3928
0.00247838 -20.385 -91.2074
0.00248172 -17.3426 -90.9244
0.00248505 -14.3389 -90.5461
0.00248839 -11.3769 -90.0745
0.00249172 -8.45927 -89.5121
0.00249506 -5.58857 -88.8611
0.0024984 -2.76733 -88.124
0.00250173 0.00205704 -87.3033
0.00250507 2.71732 -86.4015
0.0025084 5.37627 -85.4211
0.00251174 7.97685 -84.3649
0.00251507 10.5171 -83.2356
0.00251841 12.9952 -82.0357
0.00252174 15.4094 -80.7683
0.00252508 17.758 -79.4359
0.00252842 20.0396 -78.0415
0.00253175 22.2528 -76.588
0.00253509 24.3963 -75.0781
0.00253842 26.4689 -73.5148
0.00254176 28.4696 -71.901
0.00254509 30.3974 -70.2396
0.00254843 32.2514 -68.5335
0.00255177 34.031 -66.7856
0.0025551 35.7354 -64.9988
0.00255844 37.3643 -63.1761
0.00256177 38.9171 -61.3202
0.00256511 40.3936 -59.4342
0.00256844 41.7935 -57.5208
0.00257178 43.1167 -55.5829
0.00257511 44.3633 -53.6233
0.00257845 45.5332 -51.6448
0.00258179 46.6268 -49.6501
0.00258512 47.6442 -47.6419
0.00258846 48.5859 -45.6229
0.00259179 49.4522 -43.5958
0.00259513 50.2437 -41.5631
0.00259846 50.961 -39.5274
0.0026018 51.6049 -37.4912
0.00260514 52.1761 -35.457
0.00260847 52.6754 -33.427
0.00261181 53.1038 -31.4037
0.00261514 53.4623 -29.3894
0.00261848 53.752 -27.3863
0.00262181 53.9739 -25.3965
0.00262515 54.1293 -23.4222
0.00262849 54.2194 -21.4654
0.00263182 54.2455 -19.5281
0.00263516 54.209 -17.6121
0.00263849 54.1113 -15.7193
0.00264183 53.9539 -13.8516
0.00264516 53.7382 -12.0105
0.0026485 53.4658 -10.1978
0.00265183 53.1384 -8.41493
0.00265517 52.7574 -6.66347
0.00265851 52.3246 -4.94481
0.00266184 51.8416 -3.26029
0.00266518 51.3102 -1.6112
0.00266851 50.7321 0.00127504
0.00267185 50.109 1.576
0.00267518 49.4428 3.11193
0.00267852 48.7351 4.60807
0.00268186 47.9879 6.06352
0.00268519 47.2029 7.47743
0.00268853 46.382 8.84905
0.00269186 45.5269 10.1777
0.0026952 44.6395 11.4627
0.00269853 43.7217 12.7035
0.00270187 42.7752 13.8997
0.0027052 41.802 15.0508
0.00270854 40.8037 16.1565
0.00271188 39.7822 17.2165
0.00271521 38.7394 18.2306
0.00271855 37.6769 19.1986
0.00272188 36.5966 20.1204
0.00272522 35.5002 20.996
0.00272855 34.3894 21.8254
0.00273189 33.266 22.6088
0.00273523 32.1315 23.3462
0.00273856 30.9878 24.0379
0.0027419 29.8363 24.6841
0.00274523 28.6788 25.2851
0.00274857 27.5168 25.8413
0.0027519 26.3517 26.3531
0.00275524 25.1852 26.8209
0.00275858 24.0187 27.2453
0.00276191 22.8537 27.6268
0.00276525 21.6915 27.966
0.00276858 20.5335 28.2635
0.00277192 19.3811 28.52
0.00277525 18.2354 28.7361
0.00277859 17.0979 28.9127
0.00278192 15.9696 29.0505
0.00278526 14.8518 29.1503
0.0027886 13.7456 29.2129
0.00279193 12.652 29.2392
0.00279527 11.5721 29.2301
0.0027986 10.5069 29.1865
0.00280194 9.45737 29.1094
0.00280527 8.42434 28.9996
0.00280861 7.40873 28.8582
0.00281195 6.41133 28.6862
0.00281528 5.43293 28.4845
0.00281862 4.47426 28.2542
0.00282195 3.53601 27.9964
0.00282529 2.6188 27.7119
0.00282862 1.72325 27.402
0.00283196 0.849912 27.0676
0.00283529 -0.000713249 26.7099
0.00283863 -0.828152 26.3298
0.00284197 -1.63198 25.9285
0.0028453 -2.41181 25.507
0.00284864 -3.1673 25.0664
0.00285197 -3.89816 24.6077
0.00285531 -4.60411 24.1321
0.00285864 -5.28494 23.6405
0.00286198 -5.94046 23.134
0.00286532 -6.57053 22.6136
0.00286865 -7.17504 22.0805
0.00287199 -7.75393 21.5355
0.00287532 -8.30714 20.9798
0.00287866 -8.83469 20.4143
0.00288199 -9.33661 19.8399
0.00288533 -9.81296 19.2577
0.00288867 -10.2638 18.6687
0.002892 -10.6894 18.0737
0.00289534 -11.0898 17.4736
0.00289867 -11.4651 16.8694
0.00290201 -11.8157 16.262
0.00290534 -12.1418 15.6522
0.00290868 -12.4436 15.0409
0.00291201 -12.7215 14.4289
0.00291535 -12.9757 13.8169
0.00291869 -13.2066 13.2058
0.00292202 -13.4145 12.5964
0.00292536 -13.5999 11.9893
0.00292869 -13.7631 11.3852
0.00293203 -13.9046 10.7849
0.00293536 -14.0248 10.189
0.0029387 -14.1242 9.59821
0.00294204 -14.2032 9.01305
0.00294537 -14.2623 8.43414
0.00294871 -14.302 7.86205
0.00295204 -14.3228 7.29732
0.00295538 -14.3253 6.74047
0.00295871 -14.3099 6.19197
0.00296205 -14.2772 5.65229
0.00296538 -14.2278 5.12188
0.00296872 -14.1622 4.60115
0.00297206 -14.081 4.09049
0.00297539 -13.9847 3.59025
0.00297873 -13.8739 3.10079
0.00298206 -13.7492 2.62241
0.0029854 -13.6112 2.15541
0.00298873 -13.4604 1.70005
0.00299207 -13.2973 1.25659
0.00299541 -13.1227 0.825237
0.00299874 -12.937 0.406196
0.00300208 -12.7408 -0.000360239
0.00300541 -12.5348 -0.394276
0.00300875 -12.3194 -0.77542
0.00301208 -12.0952 -1.14368
0.00301542 -11.8628 -1.49897
0.00301876 -11.6228 -1.84121
0.00302209 -11.3757 -2.17036
0.00302543 -11.1219 -2.48638
0.00302876 -10.8622 -2.78927
0.0030321 -10.5969 -3.07903
0.00303543 -10.3267 -3.35567
0.00303877 -10.052 -3.61926
0.0030421 -9.77326 -3.86983
0.00304544 -9.49106 -4.10747
0.00304878 -9.20584 -4.33226
0.00305211 -8.91808 -4.54431
0.00305545 -8.62824 -4.74374
0.00305878 -8.33677 -4.93068
0.00306212 -8.0441 -5.10526
0.00306545 -7.75065 -5.26766
0.00306879 -7.45684 -5.41804
0.00307213 -7.16307 -5.55658
0.00307546 -6.86973 -5.68347
0.0030788 -6.57719 -5.79891
0.00308213 -6.28582 -5.90312
0.00308547 -5.99597 -5.99632
0.0030888 -5.70797 -6.07872
0.00309214 -5.42214 -6.15058
0.00309547 -5.13881 -6.21212
0.00309881 -4.85826 -6.26361
0.00310215 -4.58079 -6.3053
0.00310548 -4.30665 -6.33744
0.00310882 -4.03612 -6.36032
0.00311215 -3.76943 -6.37419
0.00311549 -3.50682 -6.37933
0.00311882 -3.24851 -6.37602
0.00312216 -2.9947 -6.36454
0.0031255 -2.74558 -6.34517
0.00312883 -2.50134 -6.31821
0.00313217 -2.26214 -6.28393
0.0031355 -2.02815 -6.24262
0.00313884 -1.79949 -6.19458
0.00314217 -1.57631 -6.14009
0.00314551 -1.35873 -6.07944
0.00314885 -1.14684 -6.01291
0.00315218 -0.940749 -5.9408
0.00315552 -0.74054 -5.86338
0.00315885 -0.546287 -5.78094
0.00316219 -0.358051 -5.69377
0.00316552 -0.175887 -5.60213
0.00316886 0.000164337 -5.5063
0.00317219 0.17007 -5.40657
0.00317553 0.333807 -5.30318
0.00317887 0.491363 -5.19642
0.0031822 0.642733 -5.08653
0.00318554 0.787923 -4.97378
0.00318887 0.926945 -4.85842
0.00319221 1.05982 -4.7407
0.00319554 1.18658 -4.62085
0.00319888 1.30726 -4.49912
0.00320222 1.42191 -4.37574
0.00320555 1.53057 -4.25093
0.00320889 1.63331 -4.12491
0.00321222 1.73019 -3.9979
0.00321556 1.82128 -3.87012
0.00321889 1.90666 -3.74175
0.00322223 1.98641 -3.613
0.00322556 2.06061 -3.48407
0.0032289 2.12937 -3.35512
0.00323224 2.19277 -3.22635
0.00323557 2.25092 -3.09793
0.00323891 2.30393 -2.97002
0.00324224 2.35189 -2.84277
0.00324558 2.39493 -2.71635
0.00324891 2.43316 -2.59089
0.00325225 2.4667 -2.46655
0.00325559 2.49567 -2.34344
0.00325892 2.52019 -2.22171
0.00326226 2.54039 -2.10146
0.00326559 2.55639 -1.98281
0.00326893 2.56833 -1.86588
0.00327226 2.57633 -1.75076
0.0032756 2.58053 -1.63754
0.00327894 2.58106 -1.52633
0.00328227 2.57805 -1.41719
0.00328561 2.57163 -1.31021
0.00328894 2.56194 -1.20546
0.00329228 2.5491 -1.103
0.00329561 2.53327 -1.0029
0.00329895 2.51455 -0.905206
0.00330228 2.4931 -0.809971
0.00330562 2.46903 -0.717237
0.00330896 2.44249 -0.627043
0.00331229 2.41359 -0.539423
0.00331563 2.38247 -0.454404
0.00331896 2.34926 -0.37201
0.0033223 2.31407 -0.292261
0.00332563 2.27704 -0.215171
0.00332897 2.23828 -0.14075
0.00333231 2.19791 -0.069003
