0 4.79459 0
1e-06 4.85699 0.101739
2e-06 4.91796 0.206124
3e-06 4.97742 0.313153
4e-06 5.0353 0.422826
5e-06 5.0915 0.535138
6e-06 5.14596 0.650086
7e-06 5.1986 0.767662
8e-06 5.24932 0.887857
9e-06 5.29806 1.01066
1e-05 5.34473 1.13606
1.1e-05 5.38924 1.26403
1.2e-05 5.43151 1.39458
1.3e-05 5.47146 1.52766
1.4e-05 5.509 1.66326
1.5e-05 5.54404 1.80137
1.6e-05 5.57651 1.94195
1.7e-05 5.60631 2.08497
1.8e-05 5.63335 2.2304
1.9e-05 5.65756 2.37822
2e-05 5.67883 2.52838
2.1e-05 5.6971 2.68085
2.2e-05 5.71225 2.83559
2.3e-05 5.72422 2.99255
2.4e-05 5.73291 3.15169
2.5e-05 5.73823 3.31297
2.6e-05 5.7401 3.47633
2.7e-05 5.73842 3.64171
2.8e-05 5.73311 3.80907
2.9e-05 5.72409 3.97835
3e-05 5.71127 4.14948
3.1e-05 5.69455 4.3224
3.2e-05 5.67386 4.49705
3.3e-05 5.64911 4.67335
3.4e-05 5.62021 4.85124
3.5e-05 5.58709 5.03064
3.6e-05 5.54965 5.21147
3.7e-05 5.50781 5.39365
3.8e-05 5.4615 5.5771
3.9e-05 5.41063 5.76174
4e-05 5.35513 5.94747
4.1e-05 5.2949 6.1342
4.2e-05 5.22989 6.32185
4.3e-05 5.16001 6.51031
4.4e-05 5.08518 6.69948
4.5e-05 5.00534 6.88926
4.6e-05 4.92041 7.07954
4.7e-05 4.83033 7.27023
4.8e-05 4.73502 7.46119
4.9e-05 4.63442 7.65233
5e-05 4.52846 7.84352
5.1e-05 4.41709 8.03465
5.2e-05 4.30023 8.22559
5.3e-05 4.17784 8.41621
5.4e-05 4.04986 8.6064
5.5e-05 3.91624 8.79601
5.6e-05 3.77691 8.98492
5.7e-05 3.63184 9.17299
5.8e-05 3.48098 9.36008
5.9e-05 3.32429 9.54605
6e-05 3.16171 9.73076
6.1e-05 2.99323 9.91405
6.2e-05 2.8188 10.0958
6.3e-05 2.63838 10.2758
6.4e-05 2.45196 10.454
6.5e-05 2.25951 10.6301
6.6e-05 2.06099 10.8041
6.7e-05 1.85641 10.9757
6.8e-05 1.64573 11.1449
6.9e-05 1.42896 11.3114
7e-05 1.20607 11.475
7.1e-05 0.977072 11.6356
7.2e-05 0.74196 11.7931
7.3e-05 0.500738 11.9472
7.4e-05 0.253414 12.0979
7.5e-05 3.06576e-14 12.2448
7.6e-05 -0.259488 12.3878
7.7e-05 -0.525031 12.5269
7.8e-05 -0.796603 12.6616
7.9e-05 -1.07418 12.792
8e-05 -1.35771 12.9178
8.1e-05 -1.64718 13.0388
8.2e-05 -1.94254 13.1548
8.3e-05 -2.24373 13.2657
8.4e-05 -2.55071 13.3713
8.5e-05 -2.86342 13.4713
8.6e-05 -3.1818 13.5657
8.7e-05 -3.50577 13.6541
8.8e-05 -3.83528 13.7364
8.9e-05 -4.17023 13.8125
9e-05 -4.51056 13.8821
9.1e-05 -4.85616 13.945
9.2e-05 -5.20695 14.0011
9.3e-05 -5.56283 14.0501
9.4e-05 -5.9237 14.0919
9.5e-05 -6.28944 14.1263
9.6e-05 -6.65995 14.1531
9.7e-05 -7.03509 14.1721
9.8e-05 -7.41475 14.1831
9.9e-05 -7.7988 14.186
0.0001 -8.18709 14.1805
0.000101 -8.57948 14.1664
0.000102 -8.97583 14.1436
0.000103 -9.37598 14.112
0.000104 -9.77978 14.0713
0.000105 -10.187 14.0213
0.000106 -10.5976 13.9618
0.000107 -11.0113 13.8928
0.000108 -11.428 13.814
0.000109 -11.8474 13.7253
0.00011 -12.2693 13.6264
0.000111 -12.6936 13.5173
0.000112 -13.1201 13.3978
0.000113 -13.5485 13.2677
0.000114 -13.9786 13.1268
0.000115 -14.4103 12.9751
0.000116 -14.8432 12.8123
0.000117 -15.2771 12.6383
0.000118 -15.7118 12.453
0.000119 -16.1471 12.2563
0.00012 -16.5827 12.048
0.000121 -17.0183 11.828
0.000122 -17.4537 11.5962
0.000123 -17.8886 11.3524
0.000124 -18.3227 11.0966
0.000125 -18.7558 10.8287
0.000126 -19.1876 10.5485
0.000127 -19.6177 10.2559
0.000128 -20.046 9.9509
0.000129 -20.472 9.63338
0.00013 -20.8955 9.30328
0.000131 -21.3162 8.9605
0.000132 -21.7338 8.605
0.000133 -22.1479 8.23672
0.000134 -22.5582 7.8556
0.000135 -22.9645 7.4616
0.000136 -23.3663 7.05469
0.000137 -23.7633 6.63483
0.000138 -24.1552 6.20201
0.000139 -24.5417 5.75621
0.00014 -24.9224 5.29743
0.000141 -25.297 4.82566
0.000142 -25.6651 4.34093
0.000143 -26.0263 3.84323
0.000144 -26.3803 3.33261
0.000145 -26.7268 2.8091
0.000146 -27.0653 2.27274
0.000147 -27.3955 1.72358
0.000148 -27.7171 1.16169
0.000149 -28.0296 0.587136
0.00015 -28.3327 1.92203e-13
0.000151 -28.626 -0.59963
0.000152 -28.9092 -1.21165
0.000153 -29.1818 -1.83596
0.000154 -29.4435 -2.47244
0.000155 -29.6939 -3.12096
0.000156 -29.9326 -3.78137
0.000157 -30.1593 -4.45354
0.000158 -30.3736 -5.13731
0.000159 -30.575 -5.83249
0.00016 -30.7632 -6.53893
0.000161 -30.9379 -7.25642
0.000162 -31.0986 -7.98477
0.000163 -31.245 -8.72376
0.000164 -31.3767 -9.47318
0.000165 -31.4933 -10.2328
0.000166 -31.5945 -11.0024
0.000167 -31.6798 -11.7816
0.000168 -31.749 -12.5703
0.000169 -31.8016 -13.3681
0.00017 -31.8373 -14.1749
0.000171 -31.8557 -14.9901
0.000172 -31.8565 -15.8137
0.000173 -31.8393 -16.6452
0.000174 -31.8038 -17.4843
0.000175 -31.7497 -18.3307
0.000176 -31.6765 -19.184
0.000177 -31.584 -20.0438
0.000178 -31.4719 -20.9099
0.000179 -31.3398 -21.7817
0.00018 -31.1874 -22.6589
0.000181 -31.0144 -23.5412
0.000182 -30.8204 -24.428
0.000183 -30.6053 -25.3189
0.000184 -30.3688 -26.2136
0.000185 -30.1104 -27.1115
0.000186 -29.83 -28.0123
0.000187 -29.5273 -28.9153
0.000188 -29.2021 -29.8202
0.000189 -28.8541 -30.7265
0.00019 -28.483 -31.6336
0.000191 -28.0887 -32.541
0.000192 -27.6708 -33.4483
0.000193 -27.2293 -34.3549
0.000194 -26.764 -35.2602
0.000195 -26.2745 -36.1637
0.000196 -25.7608 -37.0649
0.000197 -25.2227 -37.9632
0.000198 -24.66 -38.858
0.000199 -24.0726 -39.7487
0.0002 -23.4605 -40.6347
0.000201 -22.8233 -41.5154
0.000202 -22.1611 -42.3903
0.000203 -21.4738 -43.2587
0.000204 -20.7613 -44.12
0.000205 -20.0235 -44.9735
0.000206 -19.2604 -45.8186
0.000207 -18.4719 -46.6547
0.000208 -17.6581 -47.4812
0.000209 -16.8189 -48.2972
0.00021 -15.9543 -49.1024
0.000211 -15.0644 -49.8958
0.000212 -14.1492 -50.6769
0.000213 -13.2088 -51.445
0.000214 -12.2433 -52.1994
0.000215 -11.2526 -52.9394
0.000216 -10.237 -53.6644
0.000217 -9.19661 -54.3736
0.000218 -8.1315 -55.0664
0.000219 -7.04186 -55.7421
0.00022 -5.92786 -56.3998
0.000221 -4.78971 -57.0391
0.000222 -3.6276 -57.6591
0.000223 -2.44178 -58.2592
0.000224 -1.23249 -58.8386
0.000225 -6.96723e-13 -59.3966
0.000226 1.25541 -59.9326
0.000227 2.53343 -60.4458
0.000228 3.83374 -60.9356
0.000229 5.15601 -61.4012
0.00023 6.49986 -61.842
0.000231 7.86492 -62.2572
0.000232 9.25079 -62.6462
0.000233 10.657 -63.0083
0.000234 12.0833 -63.3427
0.000235 13.529 -63.6489
0.000236 14.9937 -63.9261
0.000237 16.477 -64.1736
0.000238 17.9783 -64.3909
0.000239 19.497 -64.5773
0.00024 21.0327 -64.732
0.000241 22.5847 -64.8545
0.000242 24.1525 -64.9442
0.000243 25.7355 -65.0004
0.000244 27.3329 -65.0224
0.000245 28.9442 -65.0098
0.000246 30.5688 -64.9619
0.000247 32.2058 -64.8781
0.000248 33.8546 -64.7579
0.000249 35.5145 -64.6006
0.00025 37.1847 -64.4058
0.000251 38.8645 -64.1729
0.000252 40.5531 -63.9014
0.000253 42.2496 -63.5908
0.000254 43.9533 -63.2406
0.000255 45.6634 -62.8503
0.000256 47.3789 -62.4194
0.000257 49.099 -61.9476
0.000258 50.8229 -61.4343
0.000259 52.5496 -60.8793
0.00026 54.2781 -60.282
0.000261 56.0076 -59.6421
0.000262 57.7372 -58.9593
0.000263 59.4657 -58.2332
0.000264 61.1924 -57.4635
0.000265 62.916 -56.6499
0.000266 64.6358 -55.7921
0.000267 66.3505 -54.8899
0.000268 68.0592 -53.9431
0.000269 69.7609 -52.9514
0.00027 71.4544 -51.9147
0.000271 73.1387 -50.8327
0.000272 74.8127 -49.7055
0.000273 76.4753 -48.5327
0.000274 78.1254 -47.3144
0.000275 79.7618 -46.0505
0.000276 81.3835 -44.741
0.000277 82.9893 -43.3857
0.000278 84.578 -41.9849
0.000279 86.1484 -40.5384
0.00028 87.6995 -39.0463
0.000281 89.23 -37.5089
0.000282 90.7388 -35.9261
0.000283 92.2247 -34.2981
0.000284 93.6865 -32.6251
0.000285 95.123 -30.9073
0.000286 96.5329 -29.145
0.000287 97.9152 -27.3384
0.000288 99.2686 -25.4878
0.000289 100.592 -23.5936
0.00029 101.884 -21.6561
0.000291 103.143 -19.6756
0.000292 104.369 -17.6527
0.000293 105.56 -15.5877
0.000294 106.714 -13.4811
0.000295 107.832 -11.3336
0.000296 108.91 -9.14546
0.000297 109.949 -6.91743
0.000298 110.948 -4.65008
0.000299 111.904 -2.34405
0.0003 112.816 1.77599e-12
0.000301 113.685 2.38136
0.000302 114.507 4.79929
0.000303 115.283 7.25302
0.000304 116.012 9.74177
0.000305 116.691 12.2647
0.000306 117.32 14.8209
0.000307 117.898 17.4096
0.000308 118.423 20.0297
0.000309 118.895 22.6804
0.00031 119.313 25.3607
0.000311 119.675 28.0694
0.000312 119.98 30.8056
0.000313 120.228 33.5682
0.000314 120.417 36.3561
0.000315 120.547 39.1681
0.000316 120.616 42.0031
0.000317 120.624 44.8598
0.000318 120.57 47.737
0.000319 120.452 50.6335
0.00032 120.271 53.5479
0.000321 120.024 56.4789
0.000322 119.711 59.4252
0.000323 119.332 62.3855
0.000324 118.886 65.3582
0.000325 118.372 68.3419
0.000326 117.789 71.3353
0.000327 117.136 74.3367
0.000328 116.413 77.3448
0.000329 115.62 80.3579
0.00033 114.755 83.3745
0.000331 113.819 86.393
0.000332 112.81 89.4119
0.000333 111.728 92.4294
0.000334 110.573 95.4439
0.000335 109.344 98.4538
0.000336 108.041 101.457
0.000337 106.664 104.453
0.000338 105.212 107.439
0.000339 103.684 110.413
0.00034 102.082 113.373
0.000341 100.404 116.319
0.000342 98.6506 119.248
0.000343 96.8214 122.158
0.000344 94.9165 125.048
0.000345 92.9357 127.915
0.000346 90.8792 130.758
0.000347 88.747 133.575
0.000348 86.5392 136.364
0.000349 84.2559 139.123
0.00035 81.8973 141.85
0.000351 79.4637 144.544
0.000352 76.9554 147.202
0.000353 74.3726 149.823
0.000354 71.7159 152.404
0.000355 68.9855 154.944
0.000356 66.182 157.441
0.000357 63.3059 159.892
0.000358 60.3577 162.297
0.000359 57.3381 164.653
0.00036 54.2477 166.957
0.000361 51.0873 169.209
0.000362 47.8575 171.406
0.000363 44.5593 173.547
0.000364 41.1934 175.629
0.000365 37.7609 177.651
0.000366 34.2625 179.61
0.000367 30.6994 181.506
0.000368 27.0726 183.335
0.000369 23.3832 185.097
0.00037 19.6323 186.789
0.000371 15.8212 188.409
0.000372 11.9511 189.957
0.000373 8.02326 191.429
0.000374 4.0391 192.825
0.000375 -1.0459e-11 194.142
0.000376 -4.09261 195.379
0.000377 -8.23722 196.534
0.000378 -12.4323 197.606
0.000379 -16.6763 198.592
0.00038 -20.9675 199.492
0.000381 -25.3043 200.304
0.000382 -29.6849 201.026
0.000383 -34.1076 201.656
0.000384 -38.5705 202.193
0.000385 -43.0718 202.637
0.000386 -47.6095 202.984
0.000387 -52.1818 203.235
0.000388 -56.7867 203.387
0.000389 -61.422 203.439
0.00039 -66.0857 203.391
0.000391 -70.7758 203.24
0.000392 -75.4899 202.986
0.000393 -80.2261 202.628
0.000394 -84.9819 202.164
0.000395 -89.7552 201.593
0.000396 -94.5436 200.915
0.000397 -99.3448 200.129
0.000398 -104.156 199.233
0.000399 -108.976 198.227
0.0004 -113.801 197.109
0.000401 -118.629 195.88
0.000402 -123.458 194.539
0.000403 -128.285 193.085
0.000404 -133.107 191.516
0.000405 -137.923 189.834
0.000406 -142.728 188.037
0.000407 -147.521 186.125
0.000408 -152.299 184.098
0.000409 -157.06 181.955
0.00041 -161.799 179.696
0.000411 -166.516 177.322
0.000412 -171.207 174.831
0.000413 -175.869 172.224
0.000414 -180.5 169.501
0.000415 -185.097 166.662
0.000416 -189.656 163.707
0.000417 -194.176 160.636
0.000418 -198.653 157.45
0.000419 -203.085 154.15
0.00042 -207.468 150.734
0.000421 -211.8 147.205
0.000422 -216.078 143.562
0.000423 -220.3 139.807
0.000424 -224.462 135.939
0.000425 -228.561 131.96
0.000426 -232.595 127.87
0.000427 -236.561 123.671
0.000428 -240.456 119.363
0.000429 -244.277 114.948
0.00043 -248.021 110.426
0.000431 -251.687 105.799
0.000432 -255.27 101.068
0.000433 -258.768 96.2349
0.000434 -262.178 91.3001
0.000435 -265.499 86.2657
0.000436 -268.726 81.1331
0.000437 -271.857 75.9039
0.000438 -274.89 70.5798
0.000439 -277.822 65.1627
0.00044 -280.651 59.6542
0.000441 -283.373 54.0564
0.000442 -285.987 48.3711
0.000443 -288.49 42.6005
0.000444 -290.879 36.7465
0.000445 -293.152 30.8115
0.000446 -295.306 24.7976
0.000447 -297.34 18.707
0.000448 -299.251 12.5423
0.000449 -301.036 6.30581
0.00045 -302.694 -2.78488e-11
0.000451 -304.222 -6.37254
0.000452 -305.618 -12.8092
0.000453 -306.881 -19.3073
0.000454 -308.007 -25.8641
0.000455 -308.996 -32.4768
0.000456 -309.845 -39.1425
0.000457 -310.552 -45.8584
0.000458 -311.117 -52.6214
0.000459 -311.536 -59.4286
0.00046 -311.808 -66.2768
0.000461 -311.932 -73.163
0.000462 -311.906 -80.0839
0.000463 -311.729 -87.0364
0.000464 -311.4 -94.0171
0.000465 -310.916 -101.023
0.000466 -310.277 -108.05
0.000467 -309.482 -115.095
0.000468 -308.529 -122.155
0.000469 -307.418 -129.227
0.00047 -306.147 -136.306
0.000471 -304.716 -143.389
0.000472 -303.124 -150.472
0.000473 -301.37 -157.553
0.000474 -299.454 -164.626
0.000475 -297.375 -171.689
0.000476 -295.132 -178.738
0.000477 -292.725 -185.769
0.000478 -290.155 -192.778
0.000479 -287.42 -199.762
0.00048 -284.52 -206.716
0.000481 -281.456 -213.637
0.000482 -278.228 -220.521
0.000483 -274.836 -227.364
0.000484 -271.28 -234.162
0.000485 -267.56 -240.912
0.000486 -263.677 -247.609
0.000487 -259.631 -254.249
0.000488 -255.423 -260.83
0.000489 -251.054 -267.345
0.00049 -246.524 -273.793
0.000491 -241.835 -280.169
0.000492 -236.987 -286.468
0.000493 -231.981 -292.688
0.000494 -226.819 -298.824
0.000495 -221.502 -304.872
0.000496 -216.032 -310.829
0.000497 -210.409 -316.69
0.000498 -204.635 -322.453
0.000499 -198.712 -328.112
0.0005 -192.642 -333.665
0.000501 -186.426 -339.108
0.000502 -180.067 -344.436
0.000503 -173.566 -349.647
0.000504 -166.926 -354.736
0.000505 -160.149 -359.7
0.000506 -153.237 -364.535
0.000507 -146.192 -369.239
0.000508 -139.017 -373.806
0.000509 -131.715 -378.235
0.00051 -124.289 -382.521
0.000511 -116.74 -386.662
0.000512 -109.072 -390.653
0.000513 -101.288 -394.492
0.000514 -93.3913 -398.176
0.000515 -85.3841 -401.701
0.000516 -77.2701 -405.064
0.000517 -69.0525 -408.263
0.000518 -60.7346 -411.294
0.000519 -52.3199 -414.154
0.00052 -43.8118 -416.842
0.000521 -35.2141 -419.353
0.000522 -26.5302 -421.686
0.000523 -17.764 -423.837
0.000524 -8.91935 -425.805
0.000525 5.52637e-11 -427.587
0.000526 8.99005 -429.181
0.000527 18.0468 -430.583
0.000528 27.1661 -431.793
0.000529 36.344 -432.809
0.00053 45.576 -433.627
0.000531 54.8581 -434.247
0.000532 64.1859 -434.666
0.000533 73.5549 -434.883
0.000534 82.9608 -434.896
0.000535 92.3991 -434.704
0.000536 101.865 -434.305
0.000537 111.355 -433.698
0.000538 120.863 -432.882
0.000539 130.385 -431.855
0.00054 139.916 -430.617
0.000541 149.452 -429.167
0.000542 158.987 -427.504
0.000543 168.518 -425.628
0.000544 178.039 -423.537
0.000545 187.545 -421.232
0.000546 197.031 -418.712
0.000547 206.492 -415.976
0.000548 215.924 -413.025
0.000549 225.322 -409.859
0.00055 234.68 -406.478
0.000551 243.994 -402.882
0.000552 253.258 -399.071
0.000553 262.468 -395.046
0.000554 271.619 -390.808
0.000555 280.705 -386.357
0.000556 289.722 -381.694
0.000557 298.664 -376.82
0.000558 307.527 -371.736
0.000559 316.306 -366.444
0.00056 324.995 -360.943
0.000561 333.59 -355.237
0.000562 342.086 -349.327
0.000563 350.478 -343.213
0.000564 358.761 -336.899
0.000565 366.93 -330.385
0.000566 374.98 -323.674
0.000567 382.907 -316.769
0.000568 390.706 -309.67
0.000569 398.373 -302.381
0.00057 405.901 -294.905
0.000571 413.288 -287.243
0.000572 420.528 -279.398
0.000573 427.617 -271.374
0.000574 434.55 -263.173
0.000575 441.323 -254.798
0.000576 447.931 -246.252
0.000577 454.371 -237.54
0.000578 460.639 -228.663
0.000579 466.729 -219.626
0.00058 472.638 -210.432
0.000581 478.361 -201.085
0.000582 483.896 -191.588
0.000583 489.238 -181.946
0.000584 494.383 -172.163
0.000585 499.328 -162.242
0.000586 504.069 -152.188
0.000587 508.603 -142.005
0.000588 512.926 -131.697
0.000589 517.034 -121.269
0.00059 520.926 -110.726
0.000591 524.596 -100.072
0.000592 528.043 -89.3119
0.000593 531.264 -78.4503
0.000594 534.256 -67.4922
0.000595 537.015 -56.4426
0.000596 539.54 -45.3064
0.000597 541.828 -34.0889
0.000598 543.876 -22.7952
0.000599 545.683 -11.4304
0.0006 547.246 9.20818e-11
0.000601 548.563 11.4908
0.000602 549.632 23.0364
0.000603 550.452 34.6315
0.000604 551.02 46.2705
0.000605 551.336 57.9478
0.000606 551.398 69.6578
0.000607 551.204 81.3948
0.000608 550.754 93.1531
0.000609 550.047 104.927
0.00061 549.08 116.711
0.000611 547.855 128.498
0.000612 546.37 140.284
0.000613 544.625 152.062
0.000614 542.619 163.826
0.000615 540.352 175.571
0.000616 537.824 187.29
0.000617 535.036 198.978
0.000618 531.987 210.628
0.000619 528.677 222.236
0.00062 525.108 233.793
0.000621 521.28 245.296
0.000622 517.193 256.737
0.000623 512.849 268.111
0.000624 508.249 279.412
0.000625 503.393 290.634
0.000626 498.283 301.771
0.000627 492.921 312.817
0.000628 487.308 323.767
0.000629 481.446 334.614
0.00063 475.337 345.352
0.000631 468.982 355.977
0.000632 462.385 366.482
0.000633 455.547 376.861
0.000634 448.47 387.109
0.000635 441.158 397.22
0.000636 433.613 407.19
0.000637 425.837 417.011
0.000638 417.835 426.679
0.000639 409.608 436.188
0.00064 401.16 445.534
0.000641 392.495 454.71
0.000642 383.616 463.712
0.000643 374.526 472.535
0.000644 365.23 481.173
0.000645 355.731 489.622
0.000646 346.033 497.876
0.000647 336.14 505.932
0.000648 326.057 513.783
0.000649 315.787 521.427
0.00065 305.336 528.858
0.000651 294.708 536.071
0.000652 283.907 543.063
0.000653 272.938 549.83
0.000654 261.806 556.366
0.000655 250.516 562.669
0.000656 239.074 568.734
0.000657 227.484 574.558
0.000658 215.751 580.137
0.000659 203.881 585.467
0.00066 191.88 590.546
0.000661 179.752 595.369
0.000662 167.504 599.934
0.000663 155.142 604.237
0.000664 142.67 608.276
0.000665 130.095 612.048
0.000666 117.422 615.55
0.000667 104.659 618.78
0.000668 91.8099 621.736
0.000669 78.8819 624.414
0.00067 65.8808 626.814
0.000671 52.813 628.933
0.000672 39.6846 630.769
0.000673 26.5021 632.321
0.000674 13.2718 633.587
0.000675 -1.2928e-10 634.567
0.000676 -13.3067 635.257
0.000677 -26.642 635.658
0.000678 -39.9992 635.769
0.000679 -53.3719 635.589
0.00068 -66.7535 635.117
0.000681 -80.1374 634.353
0.000682 -93.5171 633.296
0.000683 -106.886 631.947
0.000684 -120.237 630.305
0.000685 -133.564 628.37
0.000686 -146.861 626.144
0.000687 -160.12 623.625
0.000688 -173.335 620.815
0.000689 -186.499 617.715
0.00069 -199.607 614.326
0.000691 -212.65 610.648
0.000692 -225.623 606.683
0.000693 -238.52 602.433
0.000694 -251.333 597.898
0.000695 -264.056 593.08
0.000696 -276.683 587.982
0.000697 -289.208 582.605
0.000698 -301.623 576.952
0.000699 -313.923 571.025
0.0007 -326.102 564.825
0.000701 -338.153 558.357
0.000702 -350.07 551.622
0.000703 -361.847 544.623
0.000704 -373.478 537.364
0.000705 -384.957 529.848
0.000706 -396.278 522.077
0.000707 -407.436 514.056
0.000708 -418.424 505.787
0.000709 -429.237 497.276
0.00071 -439.869 488.524
0.000711 -450.316 479.537
0.000712 -460.571 470.319
0.000713 -470.629 460.874
0.000714 -480.485 451.205
0.000715 -490.134 441.319
0.000716 -499.571 431.218
0.000717 -508.791 420.909
0.000718 -517.79 410.395
0.000719 -526.562 399.682
0.00072 -535.103 388.775
0.000721 -543.409 377.679
0.000722 -551.475 366.399
0.000723 -559.297 354.941
0.000724 -566.871 343.309
0.000725 -574.193 331.511
0.000726 -581.26 319.55
0.000727 -588.067 307.434
0.000728 -594.611 295.167
0.000729 -600.889 282.757
0.00073 -606.897 270.208
0.000731 -612.632 257.527
0.000732 -618.092 244.72
0.000733 -623.272 231.793
0.000734 -628.172 218.753
0.000735 -632.787 205.605
0.000736 -637.117 192.357
0.000737 -641.157 179.014
0.000738 -644.907 165.584
0.000739 -648.364 152.072
0.00074 -651.527 138.486
0.000741 -654.393 124.832
0.000742 -656.962 111.117
0.000743 -659.231 97.3468
0.000744 -661.201 83.5291
0.000745 -662.869 69.6704
0.000746 -664.235 55.7774
0.000747 -665.299 41.857
0.000748 -666.059 27.9161
0.000749 -666.515 13.9615
0.00075 -666.667 -1.63017e-10
0.000751 -666.515 -13.9615
0.000752 -666.059 -27.9161
0.000753 -665.299 -41.857
0.000754 -664.235 -55.7774
0.000755 -662.869 -69.6704
0.000756 -661.201 -83.5291
0.000757 -659.231 -97.3468
0.000758 -656.962 -111.117
0.000759 -654.393 -124.832
0.00076 -651.527 -138.486
0.000761 -648.364 -152.072
0.000762 -644.907 -165.584
0.000763 -641.157 -179.014
0.000764 -637.117 -192.357
0.000765 -632.787 -205.605
0.000766 -628.172 -218.753
0.000767 -623.272 -231.793
0.000768 -618.092 -244.72
0.000769 -612.632 -257.527
0.00077 -606.897 -270.208
0.000771 -600.889 -282.757
0.000772 -594.611 -295.167
0.000773 -588.067 -307.434
0.000774 -581.26 -319.55
0.000775 -574.193 -331.511
0.000776 -566.871 -343.309
0.000777 -559.297 -354.941
0.000778 -551.475 -366.399
0.000779 -543.409 -377.679
0.00078 -535.103 -388.775
0.000781 -526.562 -399.682
0.000782 -517.79 -410.395
0.000783 -508.791 -420.909
0.000784 -499.571 -431.218
0.000785 -490.134 -441.319
0.000786 -480.485 -451.205
0.000787 -470.629 -460.874
0.000788 -460.571 -470.319
0.000789 -450.316 -479.537
0.00079 -439.869 -488.524
0.000791 -429.237 -497.276
0.000792 -418.424 -505.787
0.000793 -407.436 -514.056
0.000794 -396.278 -522.077
0.000795 -384.957 -529.848
0.000796 -373.478 -537.364
0.000797 -361.847 -544.623
0.000798 -350.07 -551.622
0.000799 -338.153 -558.357
0.0008 -326.102 -564.825
0.000801 -313.923 -571.025
0.000802 -301.623 -576.952
0.000803 -289.208 -582.605
0.000804 -276.683 -587.982
0.000805 -264.056 -593.08
0.000806 -251.333 -597.898
0.000807 -238.52 -602.433
0.000808 -225.623 -606.683
0.000809 -212.65 -610.648
0.00081 -199.607 -614.326
0.000811 -186.499 -617.715
0.000812 -173.335 -620.815
0.000813 -160.12 -623.625
0.000814 -146.861 -626.144
0.000815 -133.564 -628.37
0.000816 -120.237 -630.305
0.000817 -106.886 -631.947
0.000818 -93.5171 -633.296
0.000819 -80.1374 -634.353
0.00082 -66.7535 -635.117
0.000821 -53.3719 -635.589
0.000822 -39.9992 -635.769
0.000823 -26.642 -635.658
0.000824 -13.3067 -635.257
0.000825 1.788e-10 -634.567
0.000826 13.2718 -633.587
0.000827 26.5021 -632.321
0.000828 39.6846 -630.769
0.000829 52.813 -628.933
0.00083 65.8808 -626.814
0.000831 78.8819 -624.414
0.000832 91.8099 -621.736
0.000833 104.659 -618.78
0.000834 117.422 -615.55
0.000835 130.095 -612.048
0.000836 142.67 -608.276
0.000837 155.142 -604.237
0.000838 167.504 -599.934
0.000839 179.752 -595.369
0.00084 191.88 -590.546
0.000841 203.881 -585.467
0.000842 215.751 -580.137
0.000843 227.484 -574.558
0.000844 239.074 -568.734
0.000845 250.516 -562.669
0.000846 261.806 -556.366
0.000847 272.938 -549.83
0.000848 283.907 -543.063
0.000849 294.708 -536.071
0.00085 305.336 -528.858
0.000851 315.787 -521.427
0.000852 326.057 -513.783
0.000853 336.14 -505.932
0.000854 346.033 -497.876
0.000855 355.731 -489.622
0.000856 365.23 -481.173
0.000857 374.526 -472.535
0.000858 383.616 -463.712
0.000859 392.495 -454.71
0.00086 401.16 -445.534
0.000861 409.608 -436.188
0.000862 417.835 -426.679
0.000863 425.837 -417.011
0.000864 433.613 -407.19
0.000865 441.158 -397.22
0.000866 448.47 -387.109
0.000867 455.547 -376.861
0.000868 462.385 -366.482
0.000869 468.982 -355.977
0.00087 475.337 -345.352
0.000871 481.446 -334.614
0.000872 487.308 -323.767
0.000873 492.921 -312.817
0.000874 498.283 -301.771
0.000875 503.393 -290.634
0.000876 508.249 -279.412
0.000877 512.849 -268.111
0.000878 517.193 -256.737
0.000879 521.28 -245.296
0.00088 525.108 -233.793
0.000881 528.677 -222.236
0.000882 531.987 -210.628
0.000883 535.036 -198.978
0.000884 537.824 -187.29
0.000885 540.352 -175.571
0.000886 542.619 -163.826
0.000887 544.625 -152.062
0.000888 546.37 -140.284
0.000889 547.855 -128.498
0.00089 549.08 -116.711
0.000891 550.047 -104.927
0.000892 550.754 -93.1531
0.000893 551.204 -81.3948
0.000894 551.398 -69.6578
0.000895 551.336 -57.9478
0.000896 551.02 -46.2705
0.000897 550.452 -34.6315
0.000898 549.632 -23.0364
0.000899 548.563 -11.4908
0.0009 547.246 1.74577e-10
0.000901 545.683 11.4304
0.000902 543.876 22.7952
0.000903 541.828 34.0889
0.000904 539.54 45.3064
0.000905 537.015 56.4426
0.000906 534.256 67.4922
0.000907 531.264 78.4503
0.000908 528.043 89.3119
0.000909 524.596 100.072
0.00091 520.926 110.726
0.000911 517.034 121.269
0.000912 512.926 131.697
0.000913 508.603 142.005
0.000914 504.069 152.188
0.000915 499.328 162.242
0.000916 494.383 172.163
0.000917 489.238 181.946
0.000918 483.896 191.588
0.000919 478.361 201.085
0.00092 472.638 210.432
0.000921 466.729 219.626
0.000922 460.639 228.663
0.000923 454.371 237.54
0.000924 447.931 246.252
0.000925 441.323 254.798
0.000926 434.55 263.173
0.000927 427.617 271.374
0.000928 420.528 279.398
0.000929 413.288 287.243
0.00093 405.901 294.905
0.000931 398.373 302.381
0.000932 390.706 309.67
0.000933 382.907 316.769
0.000934 374.98 323.674
0.000935 366.93 330.385
0.000936 358.761 336.899
0.000937 350.478 343.213
0.000938 342.086 349.327
0.000939 333.59 355.237
0.00094 324.995 360.943
0.000941 316.306 366.444
0.000942 307.527 371.736
0.000943 298.664 376.82
0.000944 289.722 381.694
0.000945 280.705 386.357
0.000946 271.619 390.808
0.000947 262.468 395.046
0.000948 253.258 399.071
0.000949 243.994 402.882
0.00095 234.68 406.478
0.000951 225.322 409.859
0.000952 215.924 413.025
0.000953 206.492 415.976
0.000954 197.031 418.712
0.000955 187.545 421.232
0.000956 178.039 423.537
0.000957 168.518 425.628
0.000958 158.987 427.504
0.000959 149.452 429.167
0.00096 139.916 430.617
0.000961 130.385 431.855
0.000962 120.863 432.882
0.000963 111.355 433.698
0.000964 101.865 434.305
0.000965 92.3991 434.704
0.000966 82.9608 434.896
0.000967 73.5549 434.883
0.000968 64.1859 434.666
0.000969 54.8581 434.247
0.00097 45.576 433.627
0.000971 36.344 432.809
0.000972 27.1661 431.793
0.000973 18.0468 430.583
0.000974 8.99005 429.181
0.000975 -1.52329e-10 427.587
0.000976 -8.91935 425.805
0.000977 -17.764 423.837
0.000978 -26.5302 421.686
0.000979 -35.2141 419.353
0.00098 -43.8118 416.842
0.000981 -52.3199 414.154
0.000982 -60.7346 411.294
0.000983 -69.0525 408.263
0.000984 -77.2701 405.064
0.000985 -85.3841 401.701
0.000986 -93.3913 398.176
0.000987 -101.288 394.492
0.000988 -109.072 390.653
0.000989 -116.74 386.662
0.00099 -124.289 382.521
0.000991 -131.715 378.235
0.000992 -139.017 373.806
0.000993 -146.192 369.239
0.000994 -153.237 364.535
0.000995 -160.149 359.7
0.000996 -166.926 354.736
0.000997 -173.566 349.647
0.000998 -180.067 344.436
0.000999 -186.426 339.108
0.001 -192.642 333.665
0.001001 -198.712 328.112
0.001002 -204.635 322.453
0.001003 -210.409 316.69
0.001004 -216.032 310.829
0.001005 -221.502 304.872
0.001006 -226.819 298.824
0.001007 -231.981 292.688
0.001008 -236.987 286.468
0.001009 -241.835 280.169
0.00101 -246.524 273.793
0.001011 -251.054 267.345
0.001012 -255.423 260.83
0.001013 -259.631 254.249
0.001014 -263.677 247.609
0.001015 -267.56 240.912
0.001016 -271.28 234.162
0.001017 -274.836 227.364
0.001018 -278.228 220.521
0.001019 -281.456 213.637
0.00102 -284.52 206.716
0.001021 -287.42 199.762
0.001022 -290.155 192.778
0.001023 -292.725 185.769
0.001024 -295.132 178.738
0.001025 -297.375 171.689
0.001026 -299.454 164.626
0.001027 -301.37 157.553
0.001028 -303.124 150.472
0.001029 -304.716 143.389
0.00103 -306.147 136.306
0.001031 -307.418 129.227
0.001032 -308.529 122.155
0.001033 -309.482 115.095
0.001034 -310.277 108.05
0.001035 -310.916 101.023
0.001036 -311.4 94.0171
0.001037 -311.729 87.0364
0.001038 -311.906 80.0839
0.001039 -311.932 73.163
0.00104 -311.808 66.2768
0.001041 -311.536 59.4286
0.001042 -311.117 52.6214
0.001043 -310.552 45.8584
0.001044 -309.845 39.1425
0.001045 -308.996 32.4768
0.001046 -308.007 25.8641
0.001047 -306.881 19.3073
0.001048 -305.618 12.8092
0.001049 -304.222 6.37254
0.00105 -302.694 -6.85651e-11
0.001051 -301.036 -6.30581
0.001052 -299.251 -12.5423
0.001053 -297.34 -18.707
0.001054 -295.306 -24.7976
0.001055 -293.152 -30.8115
0.001056 -290.879 -36.7465
0.001057 -288.49 -42.6005
0.001058 -285.987 -48.3711
0.001059 -283.373 -54.0564
0.00106 -280.651 -59.6542
0.001061 -277.822 -65.1627
0.001062 -274.89 -70.5798
0.001063 -271.857 -75.9039
0.001064 -268.726 -81.1331
0.001065 -265.499 -86.2657
0.001066 -262.178 -91.3001
0.001067 -258.768 -96.2349
0.001068 -255.27 -101.068
0.001069 -251.687 -105.799
0.00107 -248.021 -110.426
0.001071 -244.277 -114.948
0.001072 -240.456 -119.363
0.001073 -236.561 -123.671
0.001074 -232.595 -127.87
0.001075 -228.561 -131.96
0.001076 -224.462 -135.939
0.001077 -220.3 -139.807
0.001078 -216.078 -143.562
0.001079 -211.8 -147.205
0.00108 -207.468 -150.734
0.001081 -203.085 -154.15
0.001082 -198.653 -157.45
0.001083 -194.176 -160.636
0.001084 -189.656 -163.707
0.001085 -185.097 -166.662
0.001086 -180.5 -169.501
0.001087 -175.869 -172.224
0.001088 -171.207 -174.831
0.001089 -166.516 -177.322
0.00109 -161.799 -179.696
0.001091 -157.06 -181.955
0.001092 -152.299 -184.098
0.001093 -147.521 -186.125
0.001094 -142.728 -188.037
0.001095 -137.923 -189.834
0.001096 -133.107 -191.516
0.001097 -128.285 -193.085
0.001098 -123.458 -194.539
0.001099 -118.629 -195.88
0.0011 -113.801 -197.109
0.001101 -108.976 -198.227
0.001102 -104.156 -199.233
0.001103 -99.3448 -200.129
0.001104 -94.5436 -200.915
0.001105 -89.7552 -201.593
0.001106 -84.9819 -202.164
0.001107 -80.2261 -202.628
0.001108 -75.4899 -202.986
0.001109 -70.7758 -203.24
0.00111 -66.0857 -203.391
0.001111 -61.422 -203.439
0.001112 -56.7867 -203.387
0.001113 -52.1818 -203.235
0.001114 -47.6095 -202.984
0.001115 -43.0718 -202.637
0.001116 -38.5705 -202.193
0.001117 -34.1076 -201.656
0.001118 -29.6849 -201.026
0.001119 -25.3043 -200.304
0.00112 -20.9675 -199.492
0.001121 -16.6763 -198.592
0.001122 -12.4323 -197.606
0.001123 -8.23722 -196.534
0.001124 -4.09261 -195.379
0.001125 1.87893e-11 -194.142
0.001126 4.0391 -192.825
0.001127 8.02326 -191.429
0.001128 11.9511 -189.957
0.001129 15.8212 -188.409
0.00113 19.6323 -186.789
0.001131 23.3832 -185.097
0.001132 27.0726 -183.335
0.001133 30.6994 -181.506
0.001134 34.2625 -179.61
0.001135 37.7609 -177.651
0.001136 41.1934 -175.629
0.001137 44.5593 -173.547
0.001138 47.8575 -171.406
0.001139 51.0873 -169.209
0.00114 54.2477 -166.957
0.001141 57.3381 -164.653
0.001142 60.3577 -162.297
0.001143 63.3059 -159.892
0.001144 66.182 -157.441
0.001145 68.9855 -154.944
0.001146 71.7159 -152.404
0.001147 74.3726 -149.823
0.001148 76.9554 -147.202
0.001149 79.4637 -144.544
0.00115 81.8973 -141.85
0.001151 84.2559 -139.123
0.001152 86.5392 -136.364
0.001153 88.747 -133.575
0.001154 90.8792 -130.758
0.001155 92.9357 -127.915
0.001156 94.9165 -125.048
0.001157 96.8214 -122.158
0.001158 98.6506 -119.248
0.001159 100.404 -116.319
0.00116 102.082 -113.373
0.001161 103.684 -110.413
0.001162 105.212 -107.439
0.001163 106.664 -104.453
0.001164 108.041 -101.457
0.001165 109.344 -98.4538
0.001166 110.573 -95.4439
0.001167 111.728 -92.4294
0.001168 112.81 -89.4119
0.001169 113.819 -86.393
0.00117 114.755 -83.3745
0.001171 115.62 -80.3579
0.001172 116.413 -77.3448
0.001173 117.136 -74.3367
0.001174 117.789 -71.3353
0.001175 118.372 -68.3419
0.001176 118.886 -65.3582
0.001177 119.332 -62.3855
0.001178 119.711 -59.4252
0.001179 120.024 -56.4789
0.00118 120.271 -53.5479
0.001181 120.452 -50.6335
0.001182 120.57 -47.737
0.001183 120.624 -44.8598
0.001184 120.616 -42.0031
0.001185 120.547 -39.1681
0.001186 120.417 -36.3561
0.001187 120.228 -33.5682
0.001188 119.98 -30.8056
0.001189 119.675 -28.0694
0.00119 119.313 -25.3607
0.001191 118.895 -22.6804
0.001192 118.423 -20.0297
0.001193 117.898 -17.4096
0.001194 117.32 -14.8209
0.001195 116.691 -12.2647
0.001196 116.012 -9.74177
0.001197 115.283 -7.25302
0.001198 114.507 -4.79929
0.001199 113.685 -2.38136
0.0012 112.816 -4.11857e-12
0.001201 111.904 2.34405
0.001202 110.948 4.65008
0.001203 109.949 6.91743
0.001204 108.91 9.14546
0.001205 107.832 11.3336
0.001206 106.714 13.4811
0.001207 105.56 15.5877
0.001208 104.369 17.6527
0.001209 103.143 19.6756
0.00121 101.884 21.6561
0.001211 100.592 23.5936
0.001212 99.2686 25.4878
0.001213 97.9152 27.3384
0.001214 96.5329 29.145
0.001215 95.123 30.9073
0.001216 93.6865 32.6251
0.001217 92.2247 34.2981
0.001218 90.7388 35.9261
0.001219 89.23 37.5089
0.00122 87.6995 39.0463
0.001221 86.1484 40.5384
0.001222 84.578 41.9849
0.001223 82.9893 43.3857
0.001224 81.3835 44.741
0.001225 79.7618 46.0505
0.001226 78.1254 47.3144
0.001227 76.4753 48.5327
0.001228 74.8127 49.7055
0.001229 73.1387 50.8327
0.00123 71.4544 51.9147
0.001231 69.7609 52.9514
0.001232 68.0592 53.9431
0.001233 66.3505 54.8899
0.001234 64.6358 55.7921
0.001235 62.916 56.6499
0.001236 61.1924 57.4635
0.001237 59.4657 58.2332
0.001238 57.7372 58.9593
0.001239 56.0076 59.6421
0.00124 54.2781 60.282
0.001241 52.5496 60.8793
0.001242 50.8229 61.4343
0.001243 49.099 61.9476
0.001244 47.3789 62.4194
0.001245 45.6634 62.8503
0.001246 43.9533 63.2406
0.001247 42.2496 63.5908
0.001248 40.5531 63.9014
0.001249 38.8645 64.1729
0.00125 37.1847 64.4058
0.001251 35.5145 64.6006
0.001252 33.8546 64.7579
0.001253 32.2058 64.8781
0.001254 30.5688 64.9619
0.001255 28.9442 65.0098
0.001256 27.3329 65.0224
0.001257 25.7355 65.0004
0.001258 24.1525 64.9442
0.001259 22.5847 64.8545
0.00126 21.0327 64.732
0.001261 19.497 64.5773
0.001262 17.9783 64.3909
0.001263 16.477 64.1736
0.001264 14.9937 63.9261
0.001265 13.529 63.6489
0.001266 12.0833 63.3427
0.001267 10.657 63.0083
0.001268 9.25079 62.6462
0.001269 7.86492 62.2572
0.00127 6.49986 61.842
0.001271 5.15601 61.4012
0.001272 3.83374 60.9356
0.001273 2.53343 60.4458
0.001274 1.25541 59.9326
0.001275 1.00852e-11 59.3966
0.001276 -1.23249 58.8386
0.001277 -2.44178 58.2592
0.001278 -3.6276 57.6591
0.001279 -4.78971 57.0391
0.00128 -5.92786 56.3998
0.001281 -7.04186 55.7421
0.001282 -8.1315 55.0664
0.001283 -9.19661 54.3736
0.001284 -10.237 53.6644
0.001285 -11.2526 52.9394
0.001286 -12.2433 52.1994
0.001287 -13.2088 51.445
0.001288 -14.1492 50.6769
0.001289 -15.0644 49.8958
0.00129 -15.9543 49.1024
0.001291 -16.8189 48.2972
0.001292 -17.6581 47.4812
0.001293 -18.4719 46.6547
0.001294 -19.2604 45.8186
0.001295 -20.0235 44.9735
0.001296 -20.7613 44.12
0.001297 -21.4738 43.2587
0.001298 -22.1611 42.3903
0.001299 -22.8233 41.5154
0.0013 -23.4605 40.6347
0.001301 -24.0726 39.7487
0.001302 -24.66 38.858
0.001303 -25.2227 37.9632
0.001304 -25.7608 37.0649
0.001305 -26.2745 36.1637
0.001306 -26.764 35.2602
0.001307 -27.2293 34.3549
0.001308 -27.6708 33.4483
0.001309 -28.0887 32.541
0.00131 -28.483 31.6336
0.001311 -28.8541 30.7265
0.001312 -29.2021 29.8202
0.001313 -29.5273 28.9153
0.001314 -29.83 28.0123
0.001315 -30.1104 27.1115
0.001316 -30.3688 26.2136
0.001317 -30.6053 25.3189
0.001318 -30.8204 24.428
0.001319 -31.0144 23.5412
0.00132 -31.1874 22.6589
0.001321 -31.3398 21.7817
0.001322 -31.4719 20.9099
0.001323 -31.584 20.0438
0.001324 -31.6765 19.184
0.001325 -31.7497 18.3307
0.001326 -31.8038 17.4843
0.001327 -31.8393 16.6452
0.001328 -31.8565 15.8137
0.001329 -31.8557 14.9901
0.00133 -31.8373 14.1749
0.001331 -31.8016 13.3681
0.001332 -31.749 12.5703
0.001333 -31.6798 11.7816
0.001334 -31.5945 11.0024
0.001335 -31.4933 10.2328
0.001336 -31.3767 9.47318
0.001337 -31.245 8.72376
0.001338 -31.0986 7.98477
0.001339 -30.9379 7.25642
0.00134 -30.7632 6.53893
0.001341 -30.575 5.83249
0.001342 -30.3736 5.13731
0.001343 -30.1593 4.45354
0.001344 -29.9326 3.78137
0.001345 -29.6939 3.12096
0.001346 -29.4435 2.47244
0.001347 -29.1818 1.83596
0.001348 -28.9092 1.21165
0.001349 -28.626 0.59963
0.00135 -28.3327 8.58716e-12
0.001351 -28.0296 -0.587136
0.001352 -27.7171 -1.16169
0.001353 -27.3955 -1.72358
0.001354 -27.0653 -2.27274
0.001355 -26.7268 -2.8091
0.001356 -26.3803 -3.33261
0.001357 -26.0263 -3.84323
0.001358 -25.6651 -4.34093
0.001359 -25.297 -4.82566
0.00136 -24.9224 -5.29743
0.001361 -24.5417 -5.75621
0.001362 -24.1552 -6.20201
0.001363 -23.7633 -6.63483
0.001364 -23.3663 -7.05469
0.001365 -22.9645 -7.4616
0.001366 -22.5582 -7.8556
0.001367 -22.1479 -8.23672
0.001368 -21.7338 -8.605
0.001369 -21.3162 -8.9605
0.00137 -20.8955 -9.30328
0.001371 -20.472 -9.63338
0.001372 -20.046 -9.9509
0.001373 -19.6177 -10.2559
0.001374 -19.1876 -10.5485
0.001375 -18.7558 -10.8287
0.001376 -18.3227 -11.0966
0.001377 -17.8886 -11.3524
0.001378 -17.4537 -11.5962
0.001379 -17.0183 -11.828
0.00138 -16.5827 -12.048
0.001381 -16.1471 -12.2563
0.001382 -15.7118 -12.453
0.001383 -15.2771 -12.6383
0.001384 -14.8432 -12.8123
0.001385 -14.4103 -12.9751
0.001386 -13.9786 -13.1268
0.001387 -13.5485 -13.2677
0.001388 -13.1201 -13.3978
0.001389 -12.6936 -13.5173
0.00139 -12.2693 -13.6264
0.001391 -11.8474 -13.7253
0.001392 -11.428 -13.814
0.001393 -11.0113 -13.8928
0.001394 -10.5976 -13.9618
0.001395 -10.187 -14.0213
0.001396 -9.77978 -14.0713
0.001397 -9.37598 -14.112
0.001398 -8.97583 -14.1436
0.001399 -8.57948 -14.1664
0.0014 -8.18709 -14.1805
0.001401 -7.7988 -14.186
0.001402 -7.41475 -14.1831
0.001403 -7.03509 -14.1721
0.001404 -6.65995 -14.1531
0.001405 -6.28944 -14.1263
0.001406 -5.9237 -14.0919
0.001407 -5.56283 -14.0501
0.001408 -5.20695 -14.0011
0.001409 -4.85616 -13.945
0.00141 -4.51056 -13.8821
0.001411 -4.17023 -13.8125
0.001412 -3.83528 -13.7364
0.001413 -3.50577 -13.6541
0.001414 -3.1818 -13.5657
0.001415 -2.86342 -13.4713
0.001416 -2.55071 -13.3713
0.001417 -2.24373 -13.2657
0.001418 -1.94254 -13.1548
0.001419 -1.64718 -13.0388
0.00142 -1.35771 -12.9178
0.001421 -1.07418 -12.792
0.001422 -0.796603 -12.6616
0.001423 -0.525031 -12.5269
0.001424 -0.259488 -12.3878
0.001425 -5.34327e-12 -12.2448
0.001426 0.253414 -12.0979
0.001427 0.500738 -11.9472
0.001428 0.74196 -11.7931
0.001429 0.977072 -11.6356
0.00143 1.20607 -11.475
0.001431 1.42896 -11.3114
0.001432 1.64573 -11.1449
0.001433 1.85641 -10.9757
0.001434 2.06099 -10.8041
0.001435 2.25951 -10.6301
0.001436 2.45196 -10.454
0.001437 2.63838 -10.2758
0.001438 2.8188 -10.0958
0.001439 2.99323 -9.91405
0.00144 3.16171 -9.73076
0.001441 3.32429 -9.54605
0.001442 3.48098 -9.36008
0.001443 3.63184 -9.17299
0.001444 3.77691 -8.98492
0.001445 3.91624 -8.79601
0.001446 4.04986 -8.6064
0.001447 4.17784 -8.41621
0.001448 4.30023 -8.22559
0.001449 4.41709 -8.03465
0.00145 4.52846 -7.84352
0.001451 4.63442 -7.65233
0.001452 4.73502 -7.46119
0.001453 4.83033 -7.27023
0.001454 4.92041 -7.07954
0.001455 5.00534 -6.88926
0.001456 5.08518 -6.69948
0.001457 5.16001 -6.51031
0.001458 5.22989 -6.32185
0.001459 5.2949 -6.1342
0.00146 5.35513 -5.94747
0.001461 5.41063 -5.76174
0.001462 5.4615 -5.5771
0.001463 5.50781 -5.39365
0.001464 5.54965 -5.21147
0.001465 5.58709 -5.03064
0.001466 5.62021 -4.85124
0.001467 5.64911 -4.67335
0.001468 5.67386 -4.49705
0.001469 5.69455 -4.3224
0.00147 5.71127 -4.14948
0.001471 5.72409 -3.97835
0.001472 5.73311 -3.80907
0.001473 5.73842 -3.64171
0.001474 5.7401 -3.47633
0.001475 5.73823 -3.31297
0.001476 5.73291 -3.15169
0.001477 5.72422 -2.99255
0.001478 5.71225 -2.83559
0.001479 5.6971 -2.68085
0.00148 5.67883 -2.52838
0.001481 5.65756 -2.37822
0.001482 5.63335 -2.2304
0.001483 5.60631 -2.08497
0.001484 5.57651 -1.94195
0.001485 5.54404 -1.80137
0.001486 5.509 -1.66326
0.001487 5.47146 -1.52766
0.001488 5.43151 -1.39458
0.001489 5.38924 -1.26403
0.00149 5.34473 -1.13606
0.001491 5.29806 -1.01066
0.001492 5.24932 -0.887857
0.001493 5.1986 -0.767662
0.001494 5.14596 -0.650086
0.001495 5.0915 -0.535138
0.001496 5.0353 -0.422826
0.001497 4.97742 -0.313153
0.001498 4.91796 -0.206124
0.001499 4.85699 -0.101739
0.0015 4.79459 -2.71425e-12
0.001501 4.73083 0.0990967
0.001502 4.66579 0.195554
0.001503 4.59954 0.289378
0.001504 4.53215 0.380575
0.001505 4.4637 0.469154
0.001506 4.39426 0.555124
0.001507 4.32389 0.638497
0.001508 4.25267 0.719286
0.001509 4.18067 0.797505
0.00151 4.10794 0.873169
0.001511 4.03455 0.946296
0.001512 3.96058 1.0169
0.001513 3.88607 1.08501
0.001514 3.8111 1.15064
0.001515 3.73572 1.21381
0.001516 3.65999 1.27454
0.001517 3.58397 1.33287
0.001518 3.50771 1.3888
0.001519 3.43128 1.44238
0.00152 3.35472 1.49362
0.001521 3.27808 1.54255
0.001522 3.20143 1.5892
0.001523 3.1248 1.63361
0.001524 3.04825 1.67579
0.001525 2.97183 1.71579
0.001526 2.89557 1.75362
0.001527 2.81954 1.78933
0.001528 2.74376 1.82295
0.001529 2.66828 1.8545
0.00153 2.59315 1.88403
0.001531 2.5184 1.91157
0.001532 2.44407 1.93714
0.001533 2.3702 1.9608
0.001534 2.29682 1.98256
0.001535 2.22397 2.00247
0.001536 2.15169 2.02057
0.001537 2.08 2.03688
0.001538 2.00893 2.05146
0.001539 1.93852 2.06432
0.00154 1.8688 2.07551
0.001541 1.79979 2.08507
0.001542 1.73151 2.09304
0.001543 1.664 2.09944
0.001544 1.59727 2.10433
0.001545 1.53135 2.10773
0.001546 1.46627 2.10968
0.001547 1.40203 2.11023
0.001548 1.33867 2.10941
0.001549 1.27619 2.10725
0.00155 1.21462 2.10379
0.001551 1.15398 2.09908
0.001552 1.09427 2.09314
0.001553 1.03551 2.08602
0.001554 0.977712 2.07774
0.001555 0.920894 2.06836
0.001556 0.865062 2.0579
0.001557 0.810228 2.0464
0.001558 0.756401 2.0339
0.001559 0.703588 2.02043
0.00156 0.651797 2.00602
0.001561 0.601035 1.99072
0.001562 0.551306 1.97456
0.001563 0.502617 1.95756
0.001564 0.45497 1.93977
0.001565 0.408368 1.92122
0.001566 0.362815 1.90194
0.001567 0.318311 1.88197
0.001568 0.274857 1.86133
0.001569 0.232454 1.84006
0.00157 0.1911 1.81819
0.001571 0.150794 1.79576
0.001572 0.111534 1.77278
0.001573 0.0733175 1.7493
0.001574 0.0361408 1.72534
0.001575 1.18358e-12 1.70094
0.001576 -0.0351095 1.67611
0.001577 -0.0691929 1.65089
0.001578 -0.102256 1.62531
0.001579 -0.134305 1.59939
0.00158 -0.165346 1.57317
0.001581 -0.195388 1.54666
0.001582 -0.224437 1.51989
0.001583 -0.252503 1.49289
0.001584 -0.279593 1.46568
0.001585 -0.305717 1.43829
0.001586 -0.330885 1.41074
0.001587 -0.355107 1.38305
0.001588 -0.378392 1.35525
0.001589 -0.400751 1.32735
0.00159 -0.422196 1.29939
0.001591 -0.442738 1.27137
0.001592 -0.462389 1.24333
0.001593 -0.48116 1.21527
0.001594 -0.499065 1.18723
0.001595 -0.516114 1.15921
0.001596 -0.532322 1.13124
0.001597 -0.5477 1.10334
0.001598 -0.562263 1.07551
0.001599 -0.576024 1.04778
0.0016 -0.588996 1.02017
0.001601 -0.601193 0.992687
0.001602 -0.612628 0.965348
0.001603 -0.623317 0.938168
0.001604 -0.633273 0.911161
0.001605 -0.64251 0.88434
0.001606 -0.651043 0.857718
0.001607 -0.658887 0.831308
0.001608 -0.666055 0.805122
0.001609 -0.672562 0.779171
0.00161 -0.678424 0.753466
0.001611 -0.683654 0.728018
0.001612 -0.688268 0.702836
0.001613 -0.69228 0.67793
0.001614 -0.695705 0.65331
0.001615 -0.698557 0.628984
0.001616 -0.700852 0.604959
0.001617 -0.702604 0.581244
0.001618 -0.703827 0.557847
0.001619 -0.704537 0.534773
0.00162 -0.704748 0.512029
0.001621 -0.704474 0.489622
0.001622 -0.70373 0.467557
0.001623 -0.702529 0.445839
0.001624 -0.700888 0.424473
0.001625 -0.698818 0.403463
0.001626 -0.696335 0.382813
0.001627 -0.693452 0.362528
0.001628 -0.690184 0.34261
0.001629 -0.686543 0.323063
0.00163 -0.682544 0.303888
0.001631 -0.678199 0.285089
0.001632 -0.673522 0.266666
0.001633 -0.668527 0.248623
0.001634 -0.663226 0.23096
0.001635 -0.657632 0.213677
0.001636 -0.651757 0.196777
0.001637 -0.645614 0.180259
0.001638 -0.639216 0.164123
0.001639 -0.632574 0.148369
0.00164 -0.625701 0.132997
0.001641 -0.618607 0.118006
0.001642 -0.611305 0.103395
0.001643 -0.603807 0.0891624
0.001644 -0.596122 0.0753078
0.001645 -0.588263 0.061829
0.001646 -0.58024 0.0487241
0.001647 -0.572064 0.0359912
0.001648 -0.563744 0.0236279
0.001649 -0.555292 0.0116317
0.00165 -0.546716 4.53299e-13
0.001651 -0.538028 -0.0112701
0.001652 -0.529236 -0.0221816
0.001653 -0.52035 -0.0327377
0.001654 -0.511379 -0.0429417
0.001655 -0.502332 -0.0527972
0.001656 -0.493217 -0.0623078
0.001657 -0.484044 -0.0714774
0.001658 -0.47482 -0.0803097
0.001659 -0.465553 -0.088809
0.00166 -0.456252 -0.0969793
0.001661 -0.446923 -0.104825
0.001662 -0.437576 -0.11235
0.001663 -0.428216 -0.11956
0.001664 -0.41885 -0.126458
0.001665 -0.409487 -0.13305
0.001666 -0.400131 -0.13934
0.001667 -0.39079 -0.145334
0.001668 -0.38147 -0.151035
0.001669 -0.372177 -0.156449
0.00167 -0.362916 -0.161581
0.001671 -0.353694 -0.166436
0.001672 -0.344515 -0.171019
0.001673 -0.335385 -0.175335
0.001674 -0.326309 -0.17939
0.001675 -0.317292 -0.183189
0.001676 -0.308338 -0.186736
0.001677 -0.299452 -0.190038
0.001678 -0.290638 -0.193099
0.001679 -0.2819 -0.195926
0.00168 -0.273242 -0.198522
0.001681 -0.264668 -0.200894
0.001682 -0.256181 -0.203047
0.001683 -0.247785 -0.204986
0.001684 -0.239483 -0.206716
0.001685 -0.231278 -0.208244
0.001686 -0.223173 -0.209573
0.001687 -0.21517 -0.21071
0.001688 -0.207272 -0.21166
0.001689 -0.199482 -0.212427
0.00169 -0.191802 -0.213018
0.001691 -0.184233 -0.213436
0.001692 -0.176778 -0.213688
0.001693 -0.169439 -0.213779
0.001694 -0.162217 -0.213713
0.001695 -0.155114 -0.213496
0.001696 -0.148131 -0.213132
0.001697 -0.141269 -0.212627
0.001698 -0.13453 -0.211985
0.001699 -0.127914 -0.211212
0.0017 -0.121423 -0.210311
0.001701 -0.115057 -0.209288
0.001702 -0.108817 -0.208148
0.001703 -0.102703 -0.206894
0.001704 -0.0967161 -0.205532
0.001705 -0.0908561 -0.204066
0.001706 -0.0851234 -0.202501
0.001707 -0.0795181 -0.20084
0.001708 -0.0740402 -0.199088
0.001709 -0.0686896 -0.19725
0.00171 -0.0634661 -0.195329
0.001711 -0.0583695 -0.193329
0.001712 -0.0533994 -0.191255
0.001713 -0.0485554 -0.189111
0.001714 -0.0438369 -0.1869
0.001715 -0.0392434 -0.184626
0.001716 -0.0347742 -0.182293
0.001717 -0.0304285 -0.179904
0.001718 -0.0262055 -0.177464
0.001719 -0.0221044 -0.174975
0.00172 -0.0181243 -0.172441
0.001721 -0.014264 -0.169865
0.001722 -0.0105226 -0.167251
0.001723 -0.00689888 -0.164602
0.001724 -0.00339176 -0.161921
0.001725 -1.53227e-13 -0.159211
0.001726 0.00327768 -0.156475
0.001727 0.00644258 -0.153715
0.001728 0.00949607 -0.150936
0.001729 0.0124395 -0.148138
0.00173 0.0152744 -0.145326
0.001731 0.0180021 -0.142502
0.001732 0.0206243 -0.139667
0.001733 0.0231423 -0.136826
0.001734 0.0255578 -0.133979
0.001735 0.0278724 -0.131129
0.001736 0.0300877 -0.128279
0.001737 0.0322053 -0.125431
0.001738 0.0342268 -0.122587
0.001739 0.0361541 -0.119748
0.00174 0.0379886 -0.116917
0.001741 0.0397323 -0.114096
0.001742 0.0413867 -0.111285
0.001743 0.0429537 -0.108489
0.001744 0.0444349 -0.105706
0.001745 0.0458321 -0.102941
0.001746 0.0471471 -0.100193
0.001747 0.0483817 -0.0974643
0.001748 0.0495376 -0.0947566
0.001749 0.0506166 -0.0920712
0.00175 0.0516204 -0.0894091
0.001751 0.0525508 -0.0867718
0.001752 0.0534097 -0.0841602
0.001753 0.0541987 -0.0815756
0.001754 0.0549197 -0.0790191
0.001755 0.0555743 -0.0764915
0.001756 0.0561644 -0.0739938
0.001757 0.0566916 -0.071527
0.001758 0.0571577 -0.0690918
0.001759 0.0575645 -0.0666891
0.00176 0.0579135 -0.0643195
0.001761 0.0582066 -0.0619837
0.001762 0.0584454 -0.0596825
0.001763 0.0586316 -0.0574163
0.001764 0.0587667 -0.0551856
0.001765 0.0588526 -0.0529911
0.001766 0.0588907 -0.0508331
0.001767 0.0588828 -0.0487121
0.001768 0.0588303 -0.0466283
0.001769 0.0587348 -0.0445822
0.00177 0.058598 -0.0425739
0.001771 0.0584212 -0.0406038
0.001772 0.0582061 -0.038672
0.001773 0.0579541 -0.0367788
0.001774 0.0576667 -0.0349242
0.001775 0.0573453 -0.0331083
0.001776 0.0569913 -0.0313312
0.001777 0.0566062 -0.029593
0.001778 0.0561913 -0.0278936
0.001779 0.055748 -0.026233
0.00178 0.0552776 -0.0246112
0.001781 0.0547813 -0.023028
0.001782 0.0542606 -0.0214833
0.001783 0.0537166 -0.019977
0.001784 0.0531506 -0.018509
0.001785 0.0525637 -0.017079
0.001786 0.0519572 -0.0156868
0.001787 0.0513323 -0.0143322
0.001788 0.05069 -0.013015
0.001789 0.0500314 -0.0117348
0.00179 0.0493577 -0.0104913
0.001791 0.0486699 -0.00928428
0.001792 0.047969 -0.00811335
0.001793 0.047256 -0.00697816
0.001794 0.046532 -0.00587836
0.001795 0.0457978 -0.00481355
0.001796 0.0450545 -0.00378333
0.001797 0.0443028 -0.0027873
0.001798 0.0435438 -0.00182503
0.001799 0.0427782 -0.000896075
0.0018 0.0420069 -4.60272e-14
0.001801 0.0412306 0.000863659
0.001802 0.0404503 0.00169537
0.001803 0.0396666 0.00249561
0.001804 0.0388803 0.00326487
0.001805 0.038092 0.00400363
0.001806 0.0373025 0.00471241
0.001807 0.0365125 0.0053917
0.001808 0.0357226 0.00604202
0.001809 0.0349333 0.00666389
0.00181 0.0341454 0.00725783
0.001811 0.0333594 0.00782437
0.001812 0.0325758 0.00836404
0.001813 0.0317952 0.00887738
0.001814 0.0310181 0.00936491
0.001815 0.0302449 0.00982717
0.001816 0.0294762 0.0102647
0.001817 0.0287125 0.0106781
0.001818 0.027954 0.0110678
0.001819 0.0272013 0.0114344
0.00182 0.0264548 0.0117784
0.001821 0.0257147 0.0121004
0.001822 0.0249816 0.012401
0.001823 0.0242556 0.0126805
0.001824 0.0235372 0.0129397
0.001825 0.0228266 0.013179
0.001826 0.0221242 0.0133989
0.001827 0.0214301 0.0135999
0.001828 0.0207446 0.0137827
0.001829 0.0200681 0.0139477
0.00183 0.0194006 0.0140954
0.001831 0.0187424 0.0142263
0.001832 0.0180938 0.0143409
0.001833 0.0174548 0.0144398
0.001834 0.0168256 0.0145235
0.001835 0.0162064 0.0145923
0.001836 0.0155974 0.0146469
0.001837 0.0149985 0.0146876
0.001838 0.01441 0.014715
0.001839 0.013832 0.0147296
0.00184 0.0132645 0.0147317
0.001841 0.0127076 0.0147219
0.001842 0.0121613 0.0147005
0.001843 0.0116258 0.0146681
0.001844 0.011101 0.014625
0.001845 0.010587 0.0145718
0.001846 0.0100838 0.0145087
0.001847 0.00959144 0.0144363
0.001848 0.00910988 0.0143549
0.001849 0.00863913 0.0142649
0.00185 0.00817917 0.0141667
0.001851 0.00772998 0.0140608
0.001852 0.00729152 0.0139474
0.001853 0.00686376 0.013827
0.001854 0.00644665 0.0136998
0.001855 0.00604013 0.0135664
0.001856 0.00564415 0.0134269
0.001857 0.00525863 0.0132818
0.001858 0.0048835 0.0131313
0.001859 0.00451868 0.0129759
0.00186 0.00416408 0.0128157
0.001861 0.00381962 0.0126512
0.001862 0.0034852 0.0124826
0.001863 0.00316072 0.0123102
0.001864 0.00284607 0.0121343
0.001865 0.00254114 0.0119551
0.001866 0.00224583 0.011773
0.001867 0.00196 0.0115882
0.001868 0.00168355 0.011401
0.001869 0.00141635 0.0112115
0.00187 0.00115826 0.0110201
0.001871 0.000909169 0.010827
0.001872 0.000668933 0.0106324
0.001873 0.000437418 0.0104365
0.001874 0.000214487 0.0102395
0.001875 1.23411e-14 0.0100416
0.001876 -0.000206184 0.00984312
0.001877 -0.000404209 0.00964413
0.001878 -0.000594219 0.00944484
0.001879 -0.000776361 0.00924544
0.00188 -0.000950782 0.00904608
0.001881 -0.00111763 0.00884695
0.001882 -0.00127705 0.00864819
0.001883 -0.0014292 0.00844997
0.001884 -0.00157423 0.00825241
0.001885 -0.00171229 0.00805567
0.001886 -0.00184352 0.00785988
0.001887 -0.00196808 0.00766516
0.001888 -0.00208612 0.00747164
0.001889 -0.00219779 0.00727944
0.00189 -0.00230325 0.00708866
0.001891 -0.00240263 0.00689942
0.001892 -0.0024961 0.0067118
0.001893 -0.00258379 0.00652592
0.001894 -0.00266587 0.00634185
0.001895 -0.00274247 0.00615968
0.001896 -0.00281374 0.0059795
0.001897 -0.00287983 0.00580138
0.001898 -0.00294088 0.00562538
0.001899 -0.00299704 0.00545159
0.0019 -0.00304844 0.00528005
0.001901 -0.00309523 0.00511083
0.001902 -0.00313755 0.00494399
0.001903 -0.00317553 0.00477956
0.001904 -0.00320932 0.0046176
0.001905 -0.00323903 0.00445815
0.001906 -0.00326482 0.00430124
0.001907 -0.00328681 0.00414692
0.001908 -0.00330512 0.0039952
0.001909 -0.00331989 0.00384613
0.00191 -0.00333124 0.00369972
0.001911 -0.0033393 0.00355599
0.001912 -0.00334419 0.00341497
0.001913 -0.00334602 0.00327667
0.001914 -0.00334492 0.00314109
0.001915 -0.003341 0.00300825
0.001916 -0.00333438 0.00287816
0.001917 -0.00332517 0.00275082
0.001918 -0.00331347 0.00262622
0.001919 -0.0032994 0.00250438
0.00192 -0.00328306 0.00238528
0.001921 -0.00326455 0.00226892
0.001922 -0.00324398 0.0021553
0.001923 -0.00322145 0.00204439
0.001924 -0.00319705 0.0019362
0.001925 -0.00317087 0.0018307
0.001926 -0.00314302 0.00172789
0.001927 -0.00311357 0.00162774
0.001928 -0.00308263 0.00153023
0.001929 -0.00305027 0.00143535
0.00193 -0.00301658 0.00134307
0.001931 -0.00298164 0.00125337
0.001932 -0.00294554 0.00116622
0.001933 -0.00290834 0.0010816
0.001934 -0.00287013 0.000999486
0.001935 -0.00283098 0.000919842
0.001936 -0.00279096 0.000842641
0.001937 -0.00275014 0.000767854
0.001938 -0.00270859 0.000695449
0.001939 -0.00266638 0.000625393
0.00194 -0.00262356 0.000557654
0.001941 -0.0025802 0.000492199
0.001942 -0.00253636 0.000428993
0.001943 -0.00249209 0.000368
0.001944 -0.00244746 0.000309186
0.001945 -0.00240251 0.000252514
0.001946 -0.0023573 0.000197948
0.001947 -0.00231188 0.000145451
0.001948 -0.0022663 9.49862e-05
0.001949 -0.0022206 4.6515e-05
0.00195 -0.00217483 2.96273e-15
0.001951 -0.00212903 -4.45969e-05
0.001952 -0.00208325 -8.7314e-05
0.001953 -0.00203752 -0.00012819
0.001954 -0.00199188 -0.000167263
0.001955 -0.00194637 -0.000204571
0.001956 -0.00190102 -0.000240154
0.001957 -0.00185586 -0.00027405
0.001958 -0.00181094 -0.000306298
0.001959 -0.00176628 -0.000336935
0.00196 -0.0017219 -0.000366001
0.001961 -0.00167784 -0.000393534
0.001962 -0.00163412 -0.000419571
0.001963 -0.00159077 -0.000444151
0.001964 -0.00154781 -0.000467312
0.001965 -0.00150526 -0.00048909
0.001966 -0.00146315 -0.000509523
0.001967 -0.00142149 -0.000528648
0.001968 -0.00138031 -0.000546502
0.001969 -0.00133961 -0.00056312
0.00197 -0.00129942 -0.000578539
0.001971 -0.00125975 -0.000592793
0.001972 -0.00122062 -0.000605919
0.001973 -0.00118203 -0.000617951
0.001974 -0.00114401 -0.000628922
0.001975 -0.00110655 -0.000638868
0.001976 -0.00106968 -0.000647821
0.001977 -0.0010334 -0.000655815
0.001978 -0.000997716 -0.000662881
0.001979 -0.00096264 -0.000669052
0.00198 -0.000928176 -0.000674359
0.001981 -0.000894331 -0.000678834
0.001982 -0.000861109 -0.000682507
0.001983 -0.000828515 -0.000685407
0.001984 -0.000796551 -0.000687565
0.001985 -0.000765222 -0.000689009
0.001986 -0.000734527 -0.000689767
0.001987 -0.00070447 -0.000689868
0.001988 -0.00067505 -0.000689339
0.001989 -0.000646268 -0.000688206
0.00199 -0.000618123 -0.000686496
0.001991 -0.000590615 -0.000684234
0.001992 -0.000563741 -0.000681446
0.001993 -0.0005375 -0.000678156
0.001994 -0.000511888 -0.000674388
0.001995 -0.000486904 -0.000670165
0.001996 -0.000462543 -0.000665511
0.001997 -0.000438801 -0.000660448
0.001998 -0.000415674 -0.000654998
0.001999 -0.000393158 -0.000649182
0.002 -0.000371248 -0.00064302
