1000 , -6 , 0 , 0 , -1.30777e-12 , -1.6415e-13
1000 , -5.9 , -5.42787e-05 , -0.0001968 , -2.41774e-12 , -3.93742e-13
1000 , -5.8 , -8.30718e-05 , -0.000398992 , -2.04226e-12 , -7.99743e-13
1000 , -5.7 , -0.000162152 , -0.00035172 , -2.02616e-12 , -1.57099e-12
1000 , -5.6 , -0.00117383 , 0.000550008 , -2.64802e-12 , -2.20629e-12
1000 , -5.5 , -0.000431957 , 0.00694332 , -3.56026e-12 , -2.19968e-12
1000 , -5.4 , 0.0191581 , 0.0148896 , -4.20758e-12 , -1.62879e-12
1000 , -5.3 , 0.0498785 , -0.0110754 , -4.3297e-12 , -8.4009e-13
1000 , -5.2 , 0.0306837 , -0.0651943 , -4.03174e-12 , -1.6932e-13
1000 , -5.1 , -0.0395416 , -0.0645423 , -3.501e-12 , 2.16252e-13
1000 , -5 , -0.0756185 , 0.00799862 , -2.8767e-12 , 5.38233e-13
1000 , -4.9 , -0.0360686 , 0.0783057 , -2.24779e-12 , 8.49042e-13
1000 , -4.8 , 0.0244748 , 0.08078 , -1.64981e-12 , 6.78519e-13
1000 , -4.7 , 0.0379863 , 0.0174069 , -1.08479e-12 , 2.02758e-13
1000 , -4.6 , 0.00130736 , -0.0547862 , -5.3785e-13 , -1.78934e-13
1000 , -4.5 , -0.0247184 , -0.0859245 , 2.40606e-14 , -2.96164e-14
1000 , -4.4 , 0.00130574 , -0.0547841 , 5.9664e-13 , 7.1755e-14
1000 , -4.3 , 0.0379851 , 0.0174091 , 1.12769e-12 , -2.90863e-13
1000 , -4.2 , 0.0244756 , 0.0807801 , 1.64971e-12 , -6.31487e-13
1000 , -4.1 , -0.0360666 , 0.0783037 , 2.20868e-12 , -7.00436e-13
1000 , -4 , -0.0756175 , 0.00799656 , 2.84693e-12 , -5.73398e-13
1000 , -3.9 , -0.0401931 , -0.0655983 , 3.47917e-12 , -4.25888e-13
1000 , -3.8 , 0.0345714 , -0.072738 , 4.02242e-12 , 2.01985e-14
1000 , -3.7 , 0.073787 , -0.0118661 , 4.47755e-12 , 7.84276e-13
1000 , -3.6 , 0.0414953 , 0.0492574 , 4.802e-12 , 1.7232e-12
1000 , -3.5 , -0.0221366 , 0.0527977 , 4.90612e-12 , 2.67556e-12
1000 , -3.4 , -0.0496543 , 0.00282593 , 4.65835e-12 , 3.80002e-12
1000 , -3.3 , -0.0217631 , -0.0402829 , 3.8826e-12 , 5.30568e-12
1000 , -3.2 , 0.0249877 , -0.0343748 , 2.49152e-12 , 6.95265e-12
1000 , -3.1 , 0.0389872 , 0.00740741 , 4.04541e-13 , 8.25652e-12
1000 , -3 , 0.00997138 , 0.0381118 , -2.46022e-12 , 8.51467e-12
1000 , -2.9 , -0.0288309 , 0.0253199 , -6.01095e-12 , 7.93834e-12
1000 , -2.8 , -0.0371001 , -0.0135883 , -9.95967e-12 , 6.20212e-12
1000 , -2.7 , -0.00794191 , -0.0396139 , -1.38092e-11 , 2.39918e-12
1000 , -2.6 , 0.0286182 , -0.0283723 , -1.68344e-11 , -3.69245e-12
1000 , -2.5 , 0.0394695 , 0.00723166 , -1.78704e-11 , -1.16175e-11
1000 , -2.4 , 0.0158478 , 0.0336275 , -1.5632e-11 , -2.13745e-11
1000 , -2.3 , -0.0170225 , 0.0297478 , -8.50907e-12 , -3.23166e-11
1000 , -2.2 , -0.0306281 , 0.00231715 , 4.53231e-12 , -4.17961e-11
1000 , -2.1 , -0.0161121 , -0.0217956 , 2.40094e-11 , -4.6841e-11
1000 , -2 , 0.0099749 , -0.0229835 , 4.92334e-11 , -4.38869e-11
1000 , -1.9 , 0.0229168 , -0.00238857 , 7.69867e-11 , -2.90306e-11
1000 , -1.8 , 0.013316 , 0.0185647 , 1.01708e-10 , 2.19443e-12
1000 , -1.7 , -0.00883953 , 0.0214324 , 1.15277e-10 , 4.96909e-11
1000 , -1.6 , -0.0230814 , 0.00473415 , 1.07706e-10 , 1.10384e-10
1000 , -1.5 , -0.0180025 , -0.016414 , 6.78488e-11 , 1.75937e-10
1000 , -1.4 , 0.00205681 , -0.0237895 , -9.13475e-12 , 2.30119e-10
1000 , -1.3 , 0.0196975 , -0.012843 , -1.24008e-10 , 2.49783e-10
1000 , -1.2 , 0.0214455 , 0.00711964 , -2.61946e-10 , 2.12574e-10
1000 , -1.1 , 0.00722829 , 0.0199588 , -3.94631e-10 , 9.90496e-11
1000 , -1 , -0.0107972 , 0.0170402 , -4.77063e-10 , -9.88748e-11
1000 , -0.9 , -0.0183273 , 0.00158295 , -4.62093e-10 , -3.5747e-10
1000 , -0.8 , -0.011304 , -0.0129699 , -2.98871e-10 , -6.27627e-10
1000 , -0.7 , 0.00372859 , -0.0157424 , 2.55271e-11 , -8.26291e-10
1000 , -0.6 , 0.0143067 , -0.00568354 , 4.81803e-10 , -8.55109e-10
1000 , -0.5 , 0.012857 , 0.0084187 , 9.78565e-10 , -6.16837e-10
1000 , -0.4 , 0.00068825 , 0.015084 , 1.36492e-09 , -8.66143e-11
1000 , -0.3 , -0.0119424 , 0.00979071 , 1.44485e-09 , 6.94539e-10
1000 , -0.2 , -0.0154525 , -0.00344331 , 1.06851e-09 , 1.54623e-09
1000 , -0.1 , -0.00722004 , -0.0144822 , 1.77889e-10 , 2.1957e-09
1000 , -4.57967e-15 , 0.00666659 , -0.015491 , -1.12547e-09 , 2.29941e-09
1000 , 0.1 , 0.0161549 , -0.00516298 , -2.50636e-09 , 1.63105e-09
1000 , 0.2 , 0.0148995 , 0.00881777 , -3.4589e-09 , 9.44934e-11
1000 , 0.3 , 0.00355393 , 0.0171144 , -3.46214e-09 , -2.01944e-09
1000 , 0.4 , -0.0101639 , 0.0141962 , -2.15652e-09 , -4.1125e-09
1000 , 0.5 , -0.0175246 , 0.00230418 , 4.68616e-10 , -5.31052e-09
1000 , 0.6 , -0.013438 , -0.0109172 , 3.77975e-09 , -4.86469e-09
1000 , 0.7 , -0.00134167 , -0.017152 , 6.66983e-09 , -2.27059e-09
1000 , 0.8 , 0.0112642 , -0.0126764 , 7.80188e-09 , 2.06527e-09
1000 , 0.9 , 0.016574 , -0.000679856 , 6.11129e-09 , 6.94593e-09
1000 , 1 , 0.0119557 , 0.0113476 , 1.26796e-09 , 1.04252e-08
1000 , 1.1 , 0.000243501 , 0.0159186 , -5.54858e-09 , 1.06555e-08
1000 , 1.2 , -0.0110011 , 0.0111078 , -1.20445e-08 , 6.28938e-09
1000 , 1.3 , -0.015276 , -1.26399e-05 , -1.52624e-08 , -2.0347e-09
1000 , 1.4 , -0.010445 , -0.010563 , -1.27958e-08 , -1.18968e-08
1000 , 1.5 , 0.000112991 , -0.0147011 , -3.82676e-09 , -1.92435e-08
1000 , 1.6 , 0.0100836 , -0.009978 , 9.24308e-09 , -2.02061e-08
1000 , 1.7 , 0.0139337 , 2.79428e-05 , 2.17071e-08 , -1.21124e-08
1000 , 1.8 , 0.00971083 , 0.00958214 , 2.76491e-08 , 3.55343e-09
1000 , 1.9 , 0.0002277 , 0.0133115 , 2.25647e-08 , 2.17231e-08
1000 , 2 , -0.00905526 , 0.0096405 , 5.46961e-09 , 3.43651e-08
1000 , 2.1 , -0.0128194 , 0.000649619 , -1.83007e-08 , 3.44506e-08
1000 , 2.2 , -0.00958615 , -0.00829623 , -3.92545e-08 , 1.79789e-08
1000 , 2.3 , -0.00123971 , -0.0124263 , -4.67012e-08 , -1.07867e-08
1000 , 2.4 , 0.00748096 , -0.00972046 , -3.37933e-08 , -4.12494e-08
1000 , 2.5 , 0.0120895 , -0.00200129 , -1.26591e-09 , -5.85888e-08
1000 , 2.6 , 0.0100052 , 0.00657692 , 3.89857e-08 , -5.20555e-08
1000 , 2.7 , 0.00290176 , 0.0115347 , 6.88861e-08 , -1.81399e-08
1000 , 2.8 , -0.00554807 , 0.0103948 , 7.16053e-08 , 3.16353e-08
1000 , 2.9 , -0.0109459 , 0.00395348 , 3.98744e-08 , 7.64437e-08
1000 , 3 , -0.0108321 , -0.00435888 , -1.86372e-08 , 9.18661e-08
1000 , 3.1 , -0.00512975 , -0.0102547 , -7.94445e-08 , 6.55631e-08
1000 , 3.2 , 0.0029131 , -0.0110536 , -1.11667e-07 , 4.48808e-10
1000 , 3.3 , 0.00939215 , -0.00638783 , -9.4095e-08 , -7.68293e-08
1000 , 3.4 , 0.0111715 , 0.00130123 , -2.59222e-08 , -1.29906e-07
1000 , 3.5 , 0.00766504 , 0.00829316 , 6.81868e-08 , -1.25169e-07
1000 , 3.6 , 0.000463708 , 0.0110907 , 1.44287e-07 , -5.7034e-08
1000 , 3.7 , -0.00677588 , 0.00873609 , 1.57894e-07 , 5.29803e-08
1000 , 3.8 , -0.0107108 , 0.00234103 , 9.28739e-08 , 1.53534e-07
1000 , 3.9 , -0.00960855 , -0.00497586 , -3.07679e-08 , 1.91436e-07
1000 , 4 , -0.00425216 , -0.00993216 , -1.57857e-07 , 1.33434e-07
1000 , 4.1 , 0.00290153 , -0.0101489 , -2.23095e-07 , -1.73172e-09
1000 , 4.2 , 0.00852588 , -0.00599579 , -1.7829e-07 , -1.56802e-07
1000 , 4.3 , 0.0102143 , 0.000610248 , -3.36322e-08 , -2.51514e-07
1000 , 4.4 , 0.00745745 , 0.00663674 , 1.49998e-07 , -2.2711e-07
1000 , 4.5 , 0.00178191 , 0.00966676 , 2.77972e-07 , -7.53479e-08
1000 , 4.6 , -0.00428806 , 0.00844843 , 2.77108e-07 , 1.36378e-07
1000 , 4.7 , -0.00827219 , 0.00405549 , 1.23544e-07 , 3.02272e-07
1000 , 4.8 , -0.00876937 , -0.0015821 , -1.15702e-07 , 3.27051e-07
1000 , 4.9 , -0.00595949 , -0.00617022 , -3.24213e-07 , 1.78476e-07
1000 , 5 , -0.00128179 , -0.00824221 , -3.79253e-07 , -8.85157e-08
1000 , 5.1 , 0.00339296 , -0.00712459 , -2.35288e-07 , -3.37585e-07
1000 , 5.2 , 0.00603461 , -0.00360353 , 5.2218e-08 , -3.99965e-07
1000 , 5.3 , 0.0054122 , 0.000170363 , 2.72052e-07 , -2.24622e-07
1000 , 5.4 , 0.00281296 , 0.0018295 , 2.59258e-07 , 2.02007e-08
1000 , 5.5 , 0.00068883 , 0.00140885 , 9.85495e-08 , 1.1091e-07
1000 , 5.6 , -2.7339e-06 , 0.000525816 , -5.27696e-09 , 6.32304e-08
1000 , 5.7 , -4.91606e-05 , 0.000105935 , -1.46654e-08 , 1.23991e-08
1000 , 5.8 , -1.21303e-05 , 1.17842e-05 , -3.86151e-09 , -3.42247e-10
1000 , 5.9 , -1.49427e-06 , 8.11439e-07 , -2.84545e-10 , -3.87219e-10
1000 , 6 , -3.86328e-20 , 1.34547e-20 , 3.24842e-12 , -4.17838e-11
2000 , -6 , 0 , 0 , 1.48008e-11 , 5.57924e-11
2000 , -5.9 , -0.00011798 , 2.31544e-05 , 3.5681e-11 , 1.12942e-10
2000 , -5.8 , 0.000279674 , 0.000172965 , 5.13416e-11 , 1.12573e-10
2000 , -5.7 , -0.000727741 , 0.000258874 , 6.92169e-11 , 1.06598e-10
2000 , -5.6 , 0.00128894 , 0.000752619 , 8.53141e-11 , 1.00819e-10
2000 , -5.5 , 0.00412104 , 0.00501887 , 1.13002e-10 , 9.65535e-11
2000 , -5.4 , 0.00865446 , -0.000983441 , 1.55245e-10 , 6.51498e-11
2000 , -5.3 , -0.00500989 , -0.0185501 , 1.64202e-10 , -1.14738e-11
2000 , -5.2 , -0.0252335 , -0.00285009 , 1.01854e-10 , -7.91291e-11
2000 , -5.1 , 0.0166056 , 0.0186606 , 6.59575e-12 , -7.69209e-11
2000 , -5 , 0.0722325 , -0.0207004 , -5.02564e-11 , -9.20258e-12
2000 , -4.9 , 0.0430231 , -0.0456662 , -4.16834e-11 , 6.80904e-11
2000 , -4.8 , -0.0339474 , 0.0215577 , 1.80168e-11 , 1.03585e-10
2000 , -4.7 , -0.0601322 , 0.0757206 , 8.15723e-11 , 7.73698e-11
2000 , -4.6 , -0.0224761 , -0.00141035 , 1.0415e-10 , 7.118e-12
2000 , -4.5 , 0.00583732 , -0.0771892 , 6.56715e-11 , -6.26899e-11
2000 , -4.4 , -0.0224752 , -0.00140807 , -1.22179e-11 , -9.12535e-11
2000 , -4.3 , -0.0601318 , 0.075721 , -8.74123e-11 , -6.27423e-11
2000 , -4.2 , -0.0339489 , 0.0215553 , -1.21076e-10 , 6.80326e-13
2000 , -4.1 , 0.043021 , -0.0456671 , -1.01766e-10 , 5.90713e-11
2000 , -4 , 0.0722327 , -0.0206977 , -4.97878e-11 , 7.61362e-11
2000 , -3.9 , 0.016686 , 0.0196911 , -5.15211e-12 , 4.29435e-11
2000 , -3.8 , -0.0297692 , -0.00177574 , -1.7977e-12 , -2.3803e-11
2000 , -3.7 , -0.00656835 , -0.0324701 , -4.55812e-11 , -8.45758e-11
2000 , -3.6 , 0.0307639 , -0.0100228 , -1.15102e-10 , -1.08048e-10
2000 , -3.5 , 0.0189661 , 0.0291262 , -1.73838e-10 , -8.55596e-11
2000 , -3.4 , -0.0180711 , 0.0235473 , -1.94177e-10 , -4.41696e-11
2000 , -3.3 , -0.0216029 , -0.00944365 , -1.69957e-10 , -2.2526e-11
2000 , -3.2 , 0.00547596 , -0.0176569 , -1.2365e-10 , -4.3034e-11
2000 , -3.1 , 0.0156497 , 0.00478132 , -8.56471e-11 , -1.04688e-10
2000 , -3 , -0.00370613 , 0.0176691 , -7.77779e-11 , -1.84748e-10
2000 , -2.9 , -0.0187905 , 0.000391348 , -9.69805e-11 , -2.55931e-10
2000 , -2.8 , -0.00633351 , -0.0185631 , -1.21273e-10 , -2.96796e-10
2000 , -2.7 , 0.0149681 , -0.0119675 , -1.20229e-10 , -3.04499e-10
2000 , -2.6 , 0.0151647 , 0.00938921 , -7.42277e-11 , -2.95513e-10
2000 , -2.5 , -0.00364275 , 0.0165888 , 1.7097e-11 , -2.93963e-10
2000 , -2.4 , -0.0147882 , 0.00193893 , 1.31151e-10 , -3.09257e-10
2000 , -2.3 , -0.00588912 , -0.0119826 , 2.41004e-10 , -3.29498e-10
2000 , -2.2 , 0.00842909 , -0.00800075 , 3.27397e-10 , -3.31285e-10
2000 , -2.1 , 0.00851804 , 0.0055352 , 3.85505e-10 , -2.90257e-10
2000 , -2 , -0.00371238 , 0.00946612 , 4.20653e-10 , -1.9163e-10
2000 , -1.9 , -0.0103289 , -0.0012294 , 4.404e-10 , -4.44253e-11
2000 , -1.8 , -0.00261254 , -0.0111376 , 4.40492e-10 , 1.25032e-10
2000 , -1.7 , 0.00952149 , -0.00737773 , 4.06774e-10 , 2.78412e-10
2000 , -1.6 , 0.0107262 , 0.00523882 , 3.21886e-10 , 3.82283e-10
2000 , -1.5 , 5.72249e-05 , 0.0116905 , 1.78371e-10 , 4.10401e-10
2000 , -1.4 , -0.00950301 , 0.0045461 , -1.56709e-12 , 3.59528e-10
2000 , -1.3 , -0.00738711 , -0.00649858 , -1.69142e-10 , 2.31493e-10
2000 , -1.2 , 0.00298491 , -0.00886454 , -2.58108e-10 , 4.4541e-11
2000 , -1.1 , 0.00901835 , -0.000751693 , -2.07252e-10 , -1.64952e-10
2000 , -1 , 0.00458179 , 0.00788346 , 2.12337e-11 , -3.28224e-10
2000 , -0.9 , -0.00460309 , 0.00717384 , 3.97763e-10 , -3.66532e-10
2000 , -0.8 , -0.00791679 , -0.000794636 , 8.36778e-10 , -1.83441e-10
2000 , -0.7 , -0.00244672 , -0.00671194 , 1.1825e-09 , 2.83764e-10
2000 , -0.6 , 0.00467836 , -0.00426984 , 1.24782e-09 , 1.02352e-09
2000 , -0.5 , 0.00543894 , 0.0029016 , 8.37705e-10 , 1.89736e-09
2000 , -0.4 , -0.000855721 , 0.00609607 , -1.20468e-10 , 2.63939e-09
2000 , -0.3 , -0.00649647 , 0.00182793 , -1.58946e-09 , 2.8818e-09
2000 , -0.2 , -0.00507951 , -0.00528108 , -3.2744e-09 , 2.28759e-09
2000 , -0.1 , 0.00203097 , -0.00738846 , -4.69701e-09 , 6.73596e-10
2000 , -4.57967e-15 , 0.00758088 , -0.00231722 , -5.22005e-09 , -1.8545e-09
2000 , 0.1 , 0.0057495 , 0.00488468 , -4.35899e-09 , -4.74957e-09
2000 , 0.2 , -0.00108278 , 0.00707468 , -1.80526e-09 , -7.15317e-09
2000 , 0.3 , -0.00615668 , 0.00244706 , 2.0944e-09 , -8.07788e-09
2000 , 0.4 , -0.0046727 , -0.00392852 , 6.46518e-09 , -6.74618e-09
2000 , 0.5 , 0.00134975 , -0.00582679 , 9.91624e-09 , -2.87344e-09
2000 , 0.6 , 0.00562082 , -0.00143715 , 1.10751e-08 , 2.80068e-09
2000 , 0.7 , 0.00408923 , 0.00435747 , 8.7894e-09 , 8.83257e-09
2000 , 0.8 , -0.00164418 , 0.00591275 , 3.13297e-09 , 1.31639e-08
2000 , 0.9 , -0.00589116 , 0.00184001 , -4.69821e-09 , 1.38871e-08
2000 , 1 , -0.00486843 , -0.0038759 , -1.23357e-08 , 9.77894e-09
2000 , 1.1 , 0.000392655 , -0.00583401 , -1.69731e-08 , 1.50981e-09
2000 , 1.2 , 0.00473533 , -0.00275112 , -1.59855e-08 , -8.84234e-09
2000 , 1.3 , 0.00443754 , 0.00224335 , -8.73163e-09 , -1.76187e-08
2000 , 1.4 , 0.000302989 , 0.0044114 , 3.29746e-09 , -2.10507e-08
2000 , 1.5 , -0.00348825 , 0.00217653 , 1.62418e-08 , -1.62939e-08
2000 , 1.6 , -0.0032415 , -0.001999 , 2.49314e-08 , -3.86977e-09
2000 , 1.7 , 0.000374407 , -0.00386056 , 2.4305e-08 , 1.29139e-08
2000 , 1.8 , 0.00377959 , -0.0016071 , 1.27509e-08 , 2.75084e-08
2000 , 1.9 , 0.00356338 , 0.00256982 , -7.23325e-09 , 3.29333e-08
2000 , 2 , -0.000153745 , 0.00479332 , -2.85671e-08 , 2.39747e-08
2000 , 2.1 , -0.00410765 , 0.00273877 , -4.17838e-08 , 1.8618e-09
2000 , 2.2 , -0.00479647 , -0.0017186 , -3.80008e-08 , -2.67369e-08
2000 , 2.3 , -0.00153916 , -0.00486394 , -1.53199e-08 , -4.95786e-08
2000 , 2.4 , 0.00287004 , -0.00405177 , 2.02573e-08 , -5.44912e-08
2000 , 2.5 , 0.00485878 , -0.000123075 , 5.4689e-08 , -3.38955e-08
2000 , 2.6 , 0.00276146 , 0.00357934 , 7.14646e-08 , 7.31837e-09
2000 , 2.7 , -0.00128282 , 0.0040858 , 5.7168e-08 , 5.46359e-08
2000 , 2.8 , -0.00387791 , 0.00115594 , 1.27122e-08 , 8.62321e-08
2000 , 2.9 , -0.00292722 , -0.00250248 , -4.72683e-08 , 8.3641e-08
2000 , 3 , 0.000537908 , -0.00381931 , -9.65068e-08 , 3.96604e-08
2000 , 3.1 , 0.0034511 , -0.00159909 , -1.09905e-07 , -3.10925e-08
2000 , 3.2 , 0.00335625 , 0.00204916 , -7.20292e-08 , -9.98701e-08
2000 , 3.3 , 0.000272834 , 0.00407106 , 6.4013e-09 , -1.32732e-07
2000 , 3.4 , -0.00321924 , 0.0027192 , 9.48084e-08 , -1.07659e-07
2000 , 3.5 , -0.00433172 , -0.000930872 , 1.50443e-07 , -2.55691e-08
2000 , 3.6 , -0.00197951 , -0.0039906 , 1.42778e-07 , 8.04303e-08
2000 , 3.7 , 0.00187731 , -0.0041194 , 6.29301e-08 , 1.61577e-07
2000 , 3.8 , 0.00435674 , -0.00118465 , -5.76819e-08 , 1.74631e-07
2000 , 3.9 , 0.00361938 , 0.00253398 , -1.6566e-07 , 1.03763e-07
2000 , 4 , 0.000368674 , 0.00434665 , -2.02927e-07 , -2.84969e-08
2000 , 4.1 , -0.00292783 , 0.00289714 , -1.45029e-07 , -1.61938e-07
2000 , 4.2 , -0.00391004 , -0.000408596 , -5.59798e-09 , -2.27387e-07
2000 , 4.3 , -0.00202026 , -0.00310058 , 1.5134e-07 , -1.85011e-07
2000 , 4.4 , 0.00109915 , -0.0032611 , 2.48454e-07 , -4.34798e-08
2000 , 4.5 , 0.00309629 , -0.00105442 , 2.24697e-07 , 1.36273e-07
2000 , 4.6 , 0.00248735 , 0.00169857 , 8.36031e-08 , 2.64815e-07
2000 , 4.7 , 7.49728e-05 , 0.00286679 , -1.17597e-07 , 2.64731e-07
2000 , 4.8 , -0.00220187 , 0.0016603 , -2.7688e-07 , 1.25376e-07
2000 , 4.9 , -0.00255741 , -0.000820633 , -3.06078e-07 , -9.56453e-08
2000 , 5 , -0.000835156 , -0.00260326 , -1.70218e-07 , -2.87521e-07
2000 , 5.1 , 0.00157439 , -0.00217006 , 6.95279e-08 , -3.43044e-07
2000 , 5.2 , 0.00249252 , -3.17559e-05 , 2.74884e-07 , -2.00847e-07
2000 , 5.3 , 0.00120296 , 0.00154271 , 2.93389e-07 , 3.57563e-08
2000 , 5.4 , -0.000309135 , 0.00115766 , 1.35737e-07 , 1.68292e-07
2000 , 5.5 , -0.00053111 , 0.000181126 , -1.14781e-08 , 1.21745e-07
2000 , 5.6 , -0.000160426 , -0.000110748 , -4.11312e-08 , 3.13686e-08
2000 , 5.7 , -7.27003e-07 , -5.42588e-05 , -1.5235e-08 , -2.58766e-09
2000 , 5.8 , 9.20385e-06 , -8.93455e-06 , -1.57398e-09 , -2.66346e-09
2000 , 5.9 , 2.40668e-06 , -4.26334e-07 , 1.94949e-10 , -3.52353e-10
2000 , 6 , 9.21534e-20 , 1.1265e-20 , 4.45729e-11 , -3.38489e-12
3000 , -6 , 0 , 0 , -1.87467e-10 , -1.38501e-10
3000 , -5.9 , -0.000368391 , -0.000472442 , -3.84923e-10 , -2.5865e-10
3000 , -5.8 , -0.00126597 , 0.00325595 , -4.0131e-10 , -2.09653e-10
3000 , -5.7 , 0.00436551 , -0.00378682 , -4.06652e-10 , -1.4526e-10
3000 , -5.6 , -0.00350472 , 0.00628963 , -3.95853e-10 , -7.99027e-11
3000 , -5.5 , -0.00416524 , -0.00584297 , -3.68268e-10 , -1.94465e-11
3000 , -5.4 , 0.00562383 , -0.00185802 , -3.18172e-10 , 2.86839e-11
3000 , -5.3 , 0.0167346 , 0.0204427 , -2.50841e-10 , 4.2686e-11
3000 , -5.2 , 0.0203081 , 0.0143126 , -1.96586e-10 , 2.00308e-11
3000 , -5.1 , -0.0311311 , -0.0108739 , -1.74214e-10 , -1.18573e-11
3000 , -5 , -0.0467342 , -0.00987847 , -1.71524e-10 , -2.54456e-11
3000 , -4.9 , 0.0522995 , -0.0276475 , -1.63737e-10 , -1.54424e-11
3000 , -4.8 , 0.0790537 , -0.0229505 , -1.34528e-10 , 9.56348e-12
3000 , -4.7 , -0.0419657 , 0.0329983 , -8.28214e-11 , 2.91946e-11
3000 , -4.6 , -0.0504617 , 0.0155867 , -2.02648e-11 , 2.73687e-11
3000 , -4.5 , 0.0221877 , -0.0324599 , 3.54709e-11 , -2.00083e-12
3000 , -4.4 , -0.0504614 , 0.015585 , 7.17212e-11 , -4.22454e-11
3000 , -4.3 , -0.0419666 , 0.0329996 , 8.62224e-11 , -6.88043e-11
3000 , -4.2 , 0.0790529 , -0.0229466 , 9.10182e-11 , -7.30764e-11
3000 , -4.1 , 0.0522991 , -0.0276471 , 1.01601e-10 , -6.01467e-11
3000 , -4 , -0.0467356 , -0.0098809 , 1.29501e-10 , -4.80819e-11
3000 , -3.9 , -0.0310093 , -0.0118387 , 1.73694e-10 , -4.13006e-11
3000 , -3.8 , 0.0237511 , 0.0114536 , 2.25419e-10 , -3.55732e-11
3000 , -3.7 , 0.0139943 , 0.0305856 , 2.72578e-10 , -3.75623e-11
3000 , -3.6 , -0.0110881 , 0.00562514 , 3.07317e-10 , -4.83415e-11
3000 , -3.5 , 0.00238922 , -0.0146229 , 3.2927e-10 , -6.67383e-11
3000 , -3.4 , 0.0133113 , 0.00400327 , 3.46949e-10 , -6.98601e-11
3000 , -3.3 , -0.00591789 , 0.0155313 , 3.7209e-10 , -4.12336e-11
3000 , -3.2 , -0.0171266 , -0.00301237 , 4.11708e-10 , 1.9085e-12
3000 , -3.1 , -0.000260254 , -0.0148718 , 4.65485e-10 , 4.31731e-11
3000 , -3 , 0.0121225 , -0.00135208 , 5.26503e-10 , 7.44378e-11
3000 , -2.9 , 0.000700438 , 0.00892895 , 5.87199e-10 , 1.11706e-10
3000 , -2.8 , -0.0083109 , -0.000846797 , 6.42123e-10 , 1.6683e-10
3000 , -2.7 , 0.0013716 , -0.00920333 , 6.86722e-10 , 2.42011e-10
3000 , -2.6 , 0.0103732 , 0.00031257 , 7.18549e-10 , 3.45311e-10
3000 , -2.5 , 0.00229152 , 0.0111213 , 7.34187e-10 , 4.89425e-10
3000 , -2.4 , -0.00933847 , 0.00486344 , 7.30511e-10 , 6.67406e-10
3000 , -2.3 , -0.00634685 , -0.0069441 , 6.95374e-10 , 8.58959e-10
3000 , -2.2 , 0.0045175 , -0.00635587 , 6.12002e-10 , 1.05768e-09
3000 , -2.1 , 0.00550954 , 0.00314139 , 4.6216e-10 , 1.25976e-09
3000 , -2 , -0.00286526 , 0.00537994 , 2.2862e-10 , 1.45517e-09
3000 , -1.9 , -0.00549744 , -0.00238 , -9.03856e-11 , 1.60119e-09
3000 , -1.8 , 0.00156522 , -0.00627678 , -4.92641e-10 , 1.64675e-09
3000 , -1.7 , 0.00679765 , 5.33775e-05 , -9.48474e-10 , 1.5667e-09
3000 , -1.6 , 0.00177877 , 0.00671039 , -1.40807e-09 , 1.33123e-09
3000 , -1.5 , -0.0061359 , 0.00391507 , -1.79456e-09 , 9.12454e-10
3000 , -1.4 , -0.00545728 , -0.00423253 , -2.02508e-09 , 3.27887e-10
3000 , -1.3 , 0.00197108 , -0.00620416 , -1.99954e-09 , -3.58293e-10
3000 , -1.2 , 0.00573574 , -0.000209155 , -1.66249e-09 , -1.02311e-09
3000 , -1.1 , 0.00147268 , 0.00455923 , -1.01258e-09 , -1.50943e-09
3000 , -1 , -0.00381427 , 0.00204574 , -1.37582e-10 , -1.63119e-09
3000 , -0.9 , -0.00242 , -0.00322817 , 7.50215e-10 , -1.26255e-09
3000 , -0.8 , 0.00285213 , -0.00327439 , 1.34539e-09 , -3.49051e-10
3000 , -0.7 , 0.0042516 , 0.0018413 , 1.33812e-09 , 9.21695e-10
3000 , -0.6 , -0.000300487 , 0.00470868 , 5.0542e-10 , 2.18412e-09
3000 , -0.5 , -0.00465213 , 0.00140164 , -1.18257e-09 , 2.89842e-09
3000 , -0.4 , -0.00279836 , -0.00373908 , -3.37036e-09 , 2.57949e-09
3000 , -0.3 , 0.00258402 , -0.00397663 , -5.41603e-09 , 8.35218e-10
3000 , -0.2 , 0.00471776 , 0.000895729 , -6.48558e-09 , -2.20864e-09
3000 , -0.1 , 0.00108474 , 0.00461068 , -5.81953e-09 , -5.96524e-09
3000 , -4.57967e-15 , -0.00364575 , 0.00290669 , -2.94601e-09 , -9.36806e-09
3000 , 0.1 , -0.00370856 , -0.00181068 , 1.80306e-09 , -1.12221e-08
3000 , 0.2 , 0.000223216 , -0.00361675 , 7.54445e-09 , -1.03649e-08
3000 , 0.3 , 0.00302991 , -0.000814586 , 1.27209e-08 , -6.41968e-09
3000 , 0.4 , 0.00140218 , 0.00250391 , 1.56396e-08 , 1.89892e-10
3000 , 0.5 , -0.00217617 , 0.00214177 , 1.47692e-08 , 8.09725e-09
3000 , 0.6 , -0.00288088 , -0.00138301 , 9.76535e-09 , 1.51485e-08
3000 , 0.7 , 0.000109831 , -0.00342769 , 1.16351e-09 , 1.88986e-08
3000 , 0.8 , 0.00318784 , -0.00142815 , -8.85384e-09 , 1.76608e-08
3000 , 0.9 , 0.00258645 , 0.00219884 , -1.7334e-08 , 1.09654e-08
3000 , 1 , -0.000934497 , 0.0032389 , -2.10168e-08 , 3.16587e-11
3000 , 1.1 , -0.00319031 , 0.000391324 , -1.81327e-08 , -1.18716e-08
3000 , 1.2 , -0.00164671 , -0.00285023 , -8.38904e-09 , -2.05616e-08
3000 , 1.3 , 0.00194636 , -0.00281106 , 5.41376e-09 , -2.24154e-08
3000 , 1.4 , 0.00348139 , 0.000442425 , 1.87308e-08 , -1.56535e-08
3000 , 1.5 , 0.00137547 , 0.00334817 , 2.60601e-08 , -1.23322e-09
3000 , 1.6 , -0.00206131 , 0.00272584 , 2.37394e-08 , 1.62159e-08
3000 , 1.7 , -0.00315791 , -0.000399201 , 1.02755e-08 , 3.02194e-08
3000 , 1.8 , -0.00102428 , -0.00264063 , -1.08706e-08 , 3.43957e-08
3000 , 1.9 , 0.00170214 , -0.0017678 , -3.29486e-08 , 2.47371e-08
3000 , 2 , 0.00210142 , 0.000888021 , -4.67411e-08 , 1.30677e-09
3000 , 2.1 , -0.000116402 , 0.00216023 , -4.48381e-08 , -2.92244e-08
3000 , 2.2 , -0.00217101 , 0.000735596 , -2.28551e-08 , -5.59824e-08
3000 , 2.3 , -0.00172509 , -0.00174381 , 1.46499e-08 , -6.66164e-08
3000 , 2.4 , 0.000734599 , -0.00244441 , 5.60039e-08 , -5.22783e-08
3000 , 2.5 , 0.00257203 , -0.000615095 , 8.37472e-08 , -1.18151e-08
3000 , 2.6 , 0.00173941 , 0.00182564 , 8.32475e-08 , 4.25374e-08
3000 , 2.7 , -0.000734882 , 0.0023076 , 4.65703e-08 , 9.00696e-08
3000 , 2.8 , -0.00227261 , 0.00037952 , -1.64565e-08 , 1.08207e-07
3000 , 2.9 , -0.00127274 , -0.00183321 , -8.30847e-08 , 8.31545e-08
3000 , 3 , 0.00115755 , -0.00203178 , -1.22753e-07 , 1.73286e-08
3000 , 3.1 , 0.00240945 , 0.000101371 , -1.14511e-07 , -6.43875e-08
3000 , 3.2 , 0.00119281 , 0.00230226 , -5.27872e-08 , -1.26377e-07
3000 , 3.3 , -0.00137645 , 0.00235308 , 3.9095e-08 , -1.37498e-07
3000 , 3.4 , -0.00276633 , 0.000156669 , 1.2232e-07 , -8.61884e-08
3000 , 3.5 , -0.00171087 , -0.002218 , 1.54506e-07 , 1.19514e-08
3000 , 3.6 , 0.000805936 , -0.00250181 , 1.16678e-07 , 1.13977e-07
3000 , 3.7 , 0.0023654 , -0.000659753 , 1.60335e-08 , 1.69667e-07
3000 , 3.8 , 0.00164709 , 0.00149848 , -1.03565e-07 , 1.47307e-07
3000 , 3.9 , -0.00043612 , 0.00193749 , -1.86293e-07 , 4.7921e-08
3000 , 4 , -0.00180743 , 0.000462414 , -1.83277e-07 , -9.01966e-08
3000 , 4.1 , -0.00112842 , -0.001333 , -8.78417e-08 , -2.02753e-07
3000 , 4.2 , 0.000711301 , -0.00163381 , 6.88098e-08 , -2.26664e-07
3000 , 4.3 , 0.00185287 , -0.000168685 , 2.14593e-07 , -1.39084e-07
3000 , 4.4 , 0.00114012 , 0.00156367 , 2.7527e-07 , 3.3489e-08
3000 , 4.5 , -0.00072848 , 0.00190333 , 2.02752e-07 , 2.16728e-07
3000 , 4.6 , -0.00195518 , 0.000451776 , 1.87516e-08 , 3.20452e-07
3000 , 4.7 , -0.00144578 , -0.001346 , -2.03048e-07 , 2.74793e-07
3000 , 4.8 , 0.000302317 , -0.00185909 , -3.53597e-07 , 8.60484e-08
3000 , 4.9 , 0.00161207 , -0.000684056 , -3.47773e-07 , -1.70692e-07
3000 , 5 , 0.00134325 , 0.000999541 , -1.63233e-07 , -3.70985e-07
3000 , 5.1 , -0.000209009 , 0.00151765 , 1.1993e-07 , -4.06029e-07
3000 , 5.2 , -0.00128253 , 0.000453146 , 3.43115e-07 , -2.23184e-07
3000 , 5.3 , -0.000749496 , -0.000713473 , 3.48625e-07 , 4.87178e-08
3000 , 5.4 , 0.00019038 , -0.000593562 , 1.65439e-07 , 1.93195e-07
3000 , 5.5 , 0.000305822 , -2.02964e-05 , 6.16309e-10 , 1.4233e-07
3000 , 5.6 , 6.44075e-05 , 0.000102972 , -3.84569e-08 , 4.50582e-08
3000 , 5.7 , -1.54904e-05 , 3.86744e-05 , -1.68242e-08 , 4.16436e-09
3000 , 5.8 , -1.04702e-05 , 5.92086e-06 , -3.27341e-09 , -7.09237e-10
3000 , 5.9 , -2.79399e-06 , 1.61431e-07 , -4.79284e-10 , -1.13413e-10
3000 , 6 , -1.1784e-19 , -1.86612e-20 , -1.00421e-10 , -8.88816e-12
4000 , -6 , 0 , 0 , 3.577e-10 , 5.31414e-10
4000 , -5.9 , 0.00113241 , -0.0046932 , 7.43394e-10 , 1.02624e-09
4000 , -5.8 , -0.0235801 , -0.0167445 , 7.98709e-10 , 9.32225e-10
4000 , -5.7 , -3.04951e-05 , 0.0480244 , 8.49269e-10 , 8.08306e-10
4000 , -5.6 , 0.00547948 , -0.031858 , 8.76127e-10 , 6.74378e-10
4000 , -5.5 , 0.0166475 , 0.0238481 , 8.74303e-10 , 5.40799e-10
4000 , -5.4 , -0.0198393 , 0.0145972 , 8.36833e-10 , 4.23507e-10
4000 , -5.3 , -0.0195136 , -0.0240907 , 7.71899e-10 , 3.28393e-10
4000 , -5.2 , 0.0142745 , -0.0134959 , 6.85728e-10 , 2.54917e-10
4000 , -5.1 , 0.0529569 , 0.0230846 , 5.83763e-10 , 2.02139e-10
4000 , -5 , -0.0144958 , 0.0214489 , 4.73627e-10 , 1.6818e-10
4000 , -4.9 , -0.047459 , -0.00946426 , 3.63172e-10 , 1.46189e-10
4000 , -4.8 , 0.0663676 , -0.00254681 , 2.56917e-10 , 1.32448e-10
4000 , -4.7 , 0.00567176 , 0.0122391 , 1.56398e-10 , 1.2253e-10
4000 , -4.6 , -0.0555017 , -0.0171127 , 6.07239e-11 , 1.12257e-10
4000 , -4.5 , 0.025236 , -0.012911 , -3.25453e-11 , 9.93527e-11
4000 , -4.4 , -0.0555024 , -0.0171106 , -1.25695e-10 , 8.32884e-11
4000 , -4.3 , 0.00567231 , 0.0122384 , -2.19447e-10 , 6.41997e-11
4000 , -4.2 , 0.0663682 , -0.00254719 , -3.13187e-10 , 4.28845e-11
4000 , -4.1 , -0.0474596 , -0.00945858 , -4.05426e-10 , 1.89302e-11
4000 , -4 , -0.0144976 , 0.0214517 , -4.94556e-10 , -8.72573e-12
4000 , -3.9 , 0.0526488 , 0.0232086 , -5.79456e-10 , -4.27519e-11
4000 , -3.8 , 0.0105721 , -0.0070301 , -6.5895e-10 , -8.71373e-11
4000 , -3.7 , -0.013805 , -0.0247796 , -7.32806e-10 , -1.42696e-10
4000 , -3.6 , 0.000954773 , 0.000525545 , -8.00316e-10 , -2.0966e-10
4000 , -3.5 , -0.00683074 , 0.0191609 , -8.60092e-10 , -2.87162e-10
4000 , -3.4 , -0.0128306 , 0.000329694 , -9.10764e-10 , -3.75921e-10
4000 , -3.3 , 0.00314207 , -0.00900936 , -9.49602e-10 , -4.77749e-10
4000 , -3.2 , 0.00631758 , 0.00357306 , -9.74636e-10 , -5.87673e-10
4000 , -3.1 , -0.00600157 , 0.00314855 , -9.82815e-10 , -6.99776e-10
4000 , -3 , -0.00341205 , -0.00878377 , -9.70219e-10 , -8.07218e-10
4000 , -2.9 , 0.00857678 , -0.00428318 , -9.36173e-10 , -9.09715e-10
4000 , -2.8 , 0.00486589 , 0.00739919 , -8.81564e-10 , -1.00828e-09
4000 , -2.7 , -0.00553638 , 0.00429896 , -8.13752e-10 , -1.09848e-09
4000 , -2.6 , -0.00259454 , -0.00433323 , -7.43025e-10 , -1.17603e-09
4000 , -2.5 , 0.00480368 , -0.00113442 , -6.81477e-10 , -1.23739e-09
4000 , -2.4 , 0.000508413 , 0.00543879 , -6.38845e-10 , -1.28789e-09
4000 , -2.3 , -0.00629652 , 0.00107957 , -6.22703e-10 , -1.33699e-09
4000 , -2.2 , -0.00226607 , -0.00620411 , -6.32923e-10 , -1.39803e-09
4000 , -2.1 , 0.00524021 , -0.0031367 , -6.6499e-10 , -1.49461e-09
4000 , -2 , 0.00356517 , 0.0042263 , -7.079e-10 , -1.66255e-09
4000 , -1.9 , -0.00298481 , 0.0031417 , -7.39872e-10 , -1.93235e-09
4000 , -1.8 , -0.00256141 , -0.00259077 , -7.17685e-10 , -2.33504e-09
4000 , -1.7 , 0.00269982 , -0.00220926 , -5.74365e-10 , -2.8717e-09
4000 , -1.6 , 0.00239072 , 0.00302471 , -2.1716e-10 , -3.51289e-09
4000 , -1.5 , -0.00312028 , 0.00337035 , 4.69032e-10 , -4.1768e-09
4000 , -1.4 , -0.0041312 , -0.00227145 , 1.54449e-09 , -4.71345e-09
4000 , -1.3 , 0.00105521 , -0.00457139 , 3.03573e-09 , -4.89834e-09
4000 , -1.2 , 0.00428935 , -0.000203522 , 4.81735e-09 , -4.51407e-09
4000 , -1.1 , 0.000987676 , 0.00356269 , 6.63926e-09 , -3.36945e-09
4000 , -1 , -0.00303294 , 0.00139858 , 8.1033e-09 , -1.35497e-09
4000 , -0.9 , -0.00151136 , -0.00241684 , 8.78567e-09 , 1.37864e-09
4000 , -0.8 , 0.0021727 , -0.0016214 , 8.22668e-09 , 4.49132e-09
4000 , -0.7 , 0.00183413 , 0.00202127 , 6.25561e-09 , 7.3554e-09
4000 , -0.6 , -0.00187694 , 0.00222372 , 3.0031e-09 , 9.23154e-09
4000 , -0.5 , -0.00298739 , -0.00151192 , -9.85146e-10 , 9.37566e-09
4000 , -0.4 , 0.000562467 , -0.00343618 , -4.73286e-09 , 7.52936e-09
4000 , -0.3 , 0.00350984 , -0.000672979 , -7.05308e-09 , 3.83237e-09
4000 , -0.2 , 0.0017943 , 0.00287751 , -7.04377e-09 , -7.35038e-10
4000 , -0.1 , -0.00188392 , 0.00233147 , -4.36099e-09 , -4.75257e-09
4000 , -4.57967e-15 , -0.00248273 , -0.0010731 , 5.35193e-10 , -6.57254e-09
4000 , 0.1 , 0.00042649 , -0.00228386 , 6.14388e-09 , -5.17986e-09
4000 , 0.2 , 0.00221523 , -1.39683e-05 , 1.04278e-08 , -1.78434e-10
4000 , 0.3 , 0.000489487 , 0.00211042 , 1.14048e-08 , 7.34017e-09
4000 , 0.4 , -0.00189962 , 0.000929252 , 7.7547e-09 , 1.53099e-08
4000 , 0.5 , -0.00140428 , -0.00170981 , -7.32147e-10 , 2.08654e-08
4000 , 0.6 , 0.00133575 , -0.00180215 , -1.22857e-08 , 2.15253e-08
4000 , 0.7 , 0.0023236 , 0.0008266 , -2.39188e-08 , 1.54113e-08
4000 , 0.8 , 7.44052e-05 , 0.00265866 , -3.1824e-08 , 3.06181e-09
4000 , 0.9 , -0.00246738 , 0.00116329 , -3.27067e-08 , -1.30473e-08
4000 , 1 , -0.00210932 , -0.00175637 , -2.46492e-08 , -2.8623e-08
4000 , 1.1 , 0.000644961 , -0.00237679 , -9.03897e-09 , -3.89921e-08
4000 , 1.2 , 0.00218468 , -0.000248335 , 1.08011e-08 , -4.00001e-08
4000 , 1.3 , 0.00081897 , 0.00175623 , 2.93731e-08 , -3.05509e-08
4000 , 1.4 , -0.00134397 , 0.00114317 , 4.11475e-08 , -1.22607e-08
4000 , 1.5 , -0.00148658 , -0.000992569 , 4.14604e-08 , 1.0431e-08
4000 , 1.6 , 0.000460146 , -0.00166999 , 2.94473e-08 , 3.08362e-08
4000 , 1.7 , 0.00172613 , -0.000121045 , 6.98198e-09 , 4.15461e-08
4000 , 1.8 , 0.000667633 , 0.00154602 , -1.90441e-08 , 3.75983e-08
4000 , 1.9 , -0.00124765 , 0.00107528 , -3.93254e-08 , 1.80694e-08
4000 , 2 , -0.00150886 , -0.000924581 , -4.38485e-08 , -1.21568e-08
4000 , 2.1 , 0.000367147 , -0.00182782 , -2.8191e-08 , -4.17519e-08
4000 , 2.2 , 0.00200286 , -0.000444993 , 5.94328e-09 , -5.66598e-08
4000 , 2.3 , 0.00138038 , 0.00166597 , 4.63869e-08 , -4.68919e-08
4000 , 2.4 , -0.000809225 , 0.00199725 , 7.61524e-08 , -1.09155e-08
4000 , 2.5 , -0.00209571 , 0.00023118 , 7.79844e-08 , 4.16312e-08
4000 , 2.6 , -0.00103485 , -0.00156314 , 4.57467e-08 , 9.06873e-08
4000 , 2.7 , 0.000905036 , -0.00142142 , -1.58401e-08 , 1.13059e-07
4000 , 2.8 , 0.00149624 , 0.000294581 , -8.57129e-08 , 9.39327e-08
4000 , 2.9 , 0.000208739 , 0.00141985 , -1.36431e-07 , 3.24627e-08
4000 , 3 , -0.00128711 , 0.000720006 , -1.41111e-07 , -5.47431e-08
4000 , 3.1 , -0.00114618 , -0.000877897 , -9.11626e-08 , -1.35153e-07
4000 , 3.2 , 0.000319576 , -0.00139992 , 4.25557e-09 , -1.71799e-07
4000 , 3.3 , 0.00134197 , -0.000280795 , 1.096e-07 , -1.42647e-07
4000 , 3.4 , 0.000715955 , 0.00105726 , 1.80263e-07 , -5.03459e-08
4000 , 3.5 , -0.000749191 , 0.00103082 , 1.76742e-07 , 7.26282e-08
4000 , 3.6 , -0.00122661 , -0.000366195 , 9.45382e-08 , 1.72278e-07
4000 , 3.7 , -0.000133447 , -0.00141179 , -3.88099e-08 , 1.95671e-07
4000 , 3.8 , 0.00133711 , -0.000824859 , -1.61453e-07 , 1.25184e-07
4000 , 3.9 , 0.00147012 , 0.000823694 , -2.11662e-07 , -1.42076e-08
4000 , 4 , 5.88575e-05 , 0.00178809 , -1.52875e-07 , -1.58486e-07
4000 , 4.1 , -0.00144575 , 0.000959303 , -7.74852e-09 , -2.34926e-07
4000 , 4.2 , -0.00150208 , -0.000715339 , 1.60689e-07 , -1.92189e-07
4000 , 4.3 , -0.000114423 , -0.00153071 , 2.67389e-07 , -4.1762e-08
4000 , 4.4 , 0.00118171 , -0.000723979 , 2.51238e-07 , 1.54119e-07
4000 , 4.5 , 0.0010973 , 0.00072974 , 1.0079e-07 , 3.00745e-07
4000 , 4.6 , -0.0002027 , 0.00121986 , -1.2191e-07 , 3.22449e-07
4000 , 4.7 , -0.00120348 , 0.000332035 , -3.17763e-07 , 1.86177e-07
4000 , 4.8 , -0.00085665 , -0.000929432 , -3.8867e-07 , -5.69569e-08
4000 , 4.9 , 0.000398884 , -0.00118437 , -2.85624e-07 , -3.04722e-07
4000 , 5 , 0.00121476 , -0.000233061 , -3.34554e-08 , -4.34319e-07
4000 , 5.1 , 0.000711881 , 0.000847356 , 2.56059e-07 , -3.72696e-07
4000 , 5.2 , -0.000349432 , 0.000828672 , 4.16948e-07 , -1.21478e-07
4000 , 5.3 , -0.000577627 , 2.08825e-05 , 3.39663e-07 , 1.48078e-07
4000 , 5.4 , -8.9909e-05 , -0.000241812 , 1.17147e-07 , 2.37344e-07
4000 , 5.5 , 9.37275e-05 , -1.66164e-05 , -3.09039e-08 , 1.41943e-07
4000 , 5.6 , 5.9389e-06 , 5.1846e-05 , -4.41407e-08 , 3.72486e-08
4000 , 5.7 , -2.03409e-05 , 1.69087e-05 , -1.48911e-08 , 3.29632e-09
4000 , 5.8 , -9.4984e-06 , 9.11619e-07 , -2.6117e-09 , 7.9695e-10
4000 , 5.9 , -2.52379e-06 , -7.33753e-07 , -7.75433e-10 , 6.80817e-10
4000 , 6 , -1.10038e-19 , -5.3338e-20 , -2.7727e-10 , 1.67758e-10
