1.92941e-09 , -1.66106e-10 , -6.34196e-09 , -3.52612e-11 , -3.82553e-10 , 1.31051e-08 , 7.52576e-06 , 8.95338e-06 , -8.14659e-07 , 9.30863e-07 , 5.18521e-06 , -7.43233e-06 , 5.98913e-10 , -9.26108e-08 , 2.12267e-07 , -1.0191e-07 , -1.95978e-07 , 1.49545e-08 , 2.09623e-09 , -3.24138e-07 , 7.42933e-07 , -3.56685e-07 , -6.85922e-07 , 5.23406e-08
1.97493e-09 , 1.02239e-08 , -4.47133e-09 , -7.18263e-09 , 6.15349e-10 , 1.79251e-08 , 3.1855e-05 , 1.79785e-05 , -1.96496e-06 , 4.89109e-06 , 3.19263e-05 , -4.67516e-05 , -1.06033e-07 , -5.11391e-09 , 1.98902e-07 , -3.25816e-07 , -3.52924e-07 , -9.35354e-08 , -3.71116e-07 , -1.78985e-08 , 6.96156e-07 , -1.14035e-06 , -1.23523e-06 , -3.27374e-07
-1.28505e-09 , -1.06697e-08 , -6.4333e-10 , -2.10276e-09 , 1.29126e-10 , 9.05014e-09 , 9.10563e-05 , 3.41193e-05 , -9.42293e-06 , 2.16375e-05 , 8.28683e-05 , -9.45841e-05 , -1.23708e-07 , -7.29391e-08 , -9.0687e-08 , -4.72213e-07 , -4.57682e-07 , -2.77473e-07 , -4.32977e-07 , -2.55286e-07 , -3.17404e-07 , -1.65274e-06 , -1.60189e-06 , -9.71154e-07
4.5361e-09 , -5.91432e-09 , 6.06562e-10 , -2.12763e-09 , -1.90681e-08 , 1.20833e-08 , 0.000181257 , 7.74997e-05 , -2.57352e-05 , 4.39771e-05 , 0.000145258 , -0.000128244 , -4.53789e-07 , -1.225e-07 , -2.51942e-07 , -6.06422e-07 , -4.27233e-07 , -2.1243e-07 , -1.58826e-06 , -4.28742e-07 , -8.81796e-07 , -2.12248e-06 , -1.49531e-06 , -7.43503e-07
1.34801e-08 , -3.52795e-09 , 1.39098e-09 , -6.40568e-09 , -7.11945e-09 , -1.45996e-09 , 0.000283994 , 0.000128181 , -5.01408e-05 , 5.835e-05 , 0.000270625 , -0.000136399 , -9.26615e-07 , -1.37525e-07 , 1.70649e-07 , -1.43005e-06 , 1.13309e-07 , -4.75053e-08 , -3.24315e-06 , -4.81312e-07 , 5.97273e-07 , -5.00517e-06 , 3.96581e-07 , -1.66267e-07
3.32884e-08 , 8.14882e-09 , 3.06913e-09 , -1.29202e-09 , 1.80095e-08 , -1.70497e-09 , 0.000366916 , 0.000168501 , -7.33595e-05 , 6.52178e-05 , 0.000549357 , -4.58321e-05 , -1.34552e-06 , -1.48851e-07 , 8.2671e-07 , -2.46117e-06 , 1.0886e-06 , 1.97503e-07 , -4.70931e-06 , -5.20932e-07 , 2.89348e-06 , -8.61408e-06 , 3.81009e-06 , 6.91264e-07
2.93971e-08 , 2.16491e-08 , 2.25989e-09 , 1.10492e-09 , 7.02032e-08 , 2.42034e-08 , 0.000385167 , 0.000151885 , -8.54686e-05 , 5.4248e-05 , 0.00109227 , 0.000189548 , -2.02948e-06 , -4.08552e-07 , 7.81626e-07 , -2.36659e-06 , 2.7903e-06 , 5.95277e-07 , -7.10312e-06 , -1.42989e-06 , 2.73569e-06 , -8.28307e-06 , 9.76605e-06 , 2.08347e-06
1.68101e-08 , 1.35849e-08 , 6.14967e-09 , 4.72175e-09 , 1.74607e-07 , 7.28391e-08 , 0.000355837 , 7.0421e-05 , -7.05845e-05 , 1.66694e-05 , 0.00197628 , 0.000585582 , -3.0357e-06 , -1.14997e-06 , 2.93525e-07 , -2.17298e-06 , 5.27408e-06 , 1.46733e-06 , -1.06249e-05 , -4.02487e-06 , 1.02734e-06 , -7.60541e-06 , 1.84593e-05 , 5.13567e-06
4.83221e-09 , 1.76374e-08 , 9.65474e-09 , 1.35587e-08 , 3.00356e-07 , 1.1757e-07 , 0.000356903 , -3.68164e-05 , -3.82002e-05 , -5.523e-05 , 0.00323142 , 0.00113424 , -4.35876e-06 , -2.5385e-06 , -2.76125e-07 , -1.91113e-06 , 9.14198e-06 , 2.66396e-06 , -1.52555e-05 , -8.88471e-06 , -9.66436e-07 , -6.68894e-06 , 3.1997e-05 , 9.32386e-06
1.64105e-08 , 1.8737e-08 , 1.15772e-08 , 1.34108e-09 , 4.75981e-07 , 1.97547e-07 , 0.000448511 , -0.000115954 , -5.69157e-06 , -0.000148927 , 0.00484758 , 0.0018663 , -6.01892e-06 , -4.66454e-06 , 3.13506e-07 , -2.07335e-06 , 1.42624e-05 , 4.18253e-06 , -2.10661e-05 , -1.63255e-05 , 1.09727e-06 , -7.25673e-06 , 4.99188e-05 , 1.46389e-05
2.3772e-08 , 3.79975e-08 , 1.06796e-08 , -9.09224e-09 , 6.59921e-07 , 3.22452e-07 , 0.000613396 , -0.000109135 , 2.24906e-05 , -0.000223115 , 0.00673765 , 0.0028906 , -7.99256e-06 , -7.85714e-06 , 3.1812e-06 , -2.93362e-06 , 2.0933e-05 , 6.0422e-06 , -2.79738e-05 , -2.7499e-05 , 1.11342e-05 , -1.02677e-05 , 7.32661e-05 , 2.11478e-05
4.52335e-08 , 4.819e-08 , 1.24509e-08 , -4.54741e-09 , 8.57654e-07 , 4.77227e-07 , 0.000812649 , -7.19466e-06 , 3.78845e-05 , -0.000230606 , 0.00870648 , 0.0043625 , -9.64796e-06 , -1.23492e-05 , 9.71246e-06 , -5.7393e-06 , 2.95336e-05 , 8.47702e-06 , -3.37677e-05 , -4.32204e-05 , 3.39937e-05 , -2.00875e-05 , 0.000103368 , 2.96697e-05
4.64601e-08 , 7.59026e-08 , 2.22747e-08 , 1.88625e-09 , 1.02501e-06 , 6.81852e-07 , 0.00100961 , 0.000143309 , 3.50615e-05 , -0.000166307 , 0.0104608 , 0.00642044 , -1.01454e-05 , -1.77065e-05 , 1.92823e-05 , -1.05239e-05 , 3.97865e-05 , 1.18133e-05 , -3.55085e-05 , -6.19705e-05 , 6.74885e-05 , -3.68337e-05 , 0.000139254 , 4.13466e-05
8.23608e-08 , 9.35985e-08 , 2.20692e-08 , 1.71273e-08 , 1.15321e-06 , 9.31117e-07 , 0.00118833 , 0.000258899 , 7.95999e-06 , -4.33005e-05 , 0.0116516 , 0.00912753 , -8.76722e-06 , -2.37712e-05 , 2.99563e-05 , -1.64112e-05 , 5.10313e-05 , 1.60655e-05 , -3.06844e-05 , -8.31968e-05 , 0.000104848 , -5.74391e-05 , 0.000178612 , 5.62295e-05
9.28608e-08 , 8.22213e-08 , 1.45597e-08 , 3.58734e-08 , 1.18026e-06 , 1.24618e-06 , 0.00130753 , 0.000340545 , -4.43741e-05 , 0.000116408 , 0.0118266 , 0.0124125 , -4.8471e-06 , -3.05029e-05 , 4.06699e-05 , -2.27186e-05 , 6.20811e-05 , 2.08947e-05 , -1.69632e-05 , -0.000106758 , 0.000142346 , -7.95145e-05 , 0.000217288 , 7.31319e-05
1.12049e-07 , 8.65195e-08 , 1.7496e-09 , 4.93443e-08 , 1.03982e-06 , 1.59779e-06 , 0.00134511 , 0.000470248 , -0.000110472 , 0.000283814 , 0.0105479 , 0.0160401 , 1.69054e-06 , -3.73642e-05 , 5.03958e-05 , -2.67987e-05 , 7.16187e-05 , 2.61118e-05 , 5.91963e-06 , -0.000130773 , 0.000176388 , -9.37947e-05 , 0.000250671 , 9.1392e-05
9.81927e-08 , 1.09909e-07 , -5.84704e-09 , 6.61725e-08 , 7.38642e-07 , 1.97397e-06 , 0.0012949 , 0.000689514 , -0.0001645 , 0.000436208 , 0.00755368 , 0.0196578 , 1.05231e-05 , -4.34641e-05 , 5.81144e-05 , -2.58123e-05 , 7.79411e-05 , 3.18818e-05 , 3.68345e-05 , -0.000152122 , 0.000203404 , -9.03422e-05 , 0.0002728 , 0.000111587
9.2497e-08 , 1.36241e-07 , -7.07463e-09 , 7.78283e-08 , 2.57258e-07 , 2.29519e-06 , 0.00118215 , 0.000951146 , -0.000188201 , 0.000564153 , 0.00280361 , 0.0228597 , 2.06915e-05 , -4.7589e-05 , 6.34567e-05 , -1.74373e-05 , 8.00379e-05 , 3.86647e-05 , 7.24247e-05 , -0.000166556 , 0.000222102 , -6.10302e-05 , 0.000280139 , 0.000135328
8.12387e-08 , 1.55334e-07 , -2.75652e-09 , 8.77319e-08 , -3.83289e-07 , 2.55091e-06 , 0.00104604 , 0.0012078 , -0.000182671 , 0.000666787 , -0.00343399 , 0.025319 , 3.08322e-05 , -4.92253e-05 , 6.70901e-05 , -7.26028e-07 , 7.64645e-05 , 4.6775e-05 , 0.000107917 , -0.00017228 , 0.00023482 , -2.5411e-06 , 0.000267632 , 0.000163715
6.56507e-08 , 1.73269e-07 , 3.85997e-09 , 9.2091e-08 , -1.10482e-06 , 2.69025e-06 , 0.000944014 , 0.00144102 , -0.000173208 , 0.00074666 , -0.0105258 , 0.0267785 , 3.98883e-05 , -4.72534e-05 , 6.84081e-05 , 2.35257e-05 , 6.64069e-05 , 5.6637e-05 , 0.000139613 , -0.000165375 , 0.000239433 , 8.23404e-05 , 0.000232429 , 0.000198233
6.79426e-08 , 1.92544e-07 , 2.26238e-09 , 9.43804e-08 , -1.81651e-06 , 2.71507e-06 , 0.00096148 , 0.00158018 , -0.00018403 , 0.000817397 , -0.0175014 , 0.027099 , 4.57829e-05 , -4.13717e-05 , 6.68378e-05 , 5.35696e-05 , 4.97322e-05 , 6.8765e-05 , 0.000160243 , -0.000144788 , 0.000233937 , 0.000187497 , 0.000174065 , 0.000240682
9.54192e-08 , 1.67745e-07 , 7.81345e-10 , 1.08012e-07 , -2.38204e-06 , 2.61123e-06 , 0.00113006 , 0.00156647 , -0.000219718 , 0.000878139 , -0.0231385 , 0.0261868 , 4.6651e-05 , -3.18322e-05 , 6.25833e-05 , 8.69155e-05 , 2.70354e-05 , 8.31223e-05 , 0.000163281 , -0.000111401 , 0.000219045 , 0.000304212 , 9.46249e-05 , 0.000290935
1.31247e-07 , 1.51702e-07 , -8.26767e-09 , 1.03956e-07 , -2.69496e-06 , 2.40145e-06 , 0.00141529 , 0.00140755 , -0.000265833 , 0.000912605 , -0.0261206 , 0.0239614 , 3.98916e-05 , -1.86264e-05 , 5.67446e-05 , 0.000118683 , -2.19502e-07 , 9.91854e-05 , 0.000139623 , -6.51828e-05 , 0.000198609 , 0.000415405 , -7.67999e-07 , 0.000347159
1.54565e-07 , 1.07396e-07 , -2.17954e-08 , 1.07963e-07 , -2.61873e-06 , 2.03349e-06 , 0.00174873 , 0.00110242 , -0.000281412 , 0.000929631 , -0.0252878 , 0.0202739 , 2.37843e-05 , -2.4594e-06 , 5.13634e-05 , 0.000144844 , -3.05087e-05 , 0.000115819 , 8.32491e-05 , -8.60037e-06 , 0.000179775 , 0.000506973 , -0.000106779 , 0.00040538
1.80444e-07 , 6.54398e-08 , -9.74954e-09 , 1.03052e-07 , -2.1141e-06 , 1.50952e-06 , 0.00204221 , 0.000705674 , -0.000225709 , 0.000944942 , -0.019944 , 0.0149815 , -2.21626e-06 , 1.52464e-05 , 5.19771e-05 , 0.000160983 , -6.15331e-05 , 0.000131823 , -7.74791e-06 , 5.33688e-05 , 0.000181923 , 0.000563467 , -0.000215362 , 0.000461399
2.02153e-07 , 1.85034e-08 , 1.25071e-08 , 1.13503e-07 , -1.1069e-06 , 8.35288e-07 , 0.00224284 , 0.000271404 , -8.96361e-05 , 0.000978258 , -0.00998657 , 0.00806474 , -3.70259e-05 , 3.23286e-05 , 6.4513e-05 , 0.000163229 , -9.0855e-05 , 0.000145839 , -0.000129571 , 0.000113157 , 0.0002258 , 0.00057133 , -0.000317984 , 0.000510457
2.09944e-07 , -1.47457e-08 , 3.37536e-08 , 1.19283e-07 , 2.64472e-07 , -9.13452e-09 , 0.0023179 , -0.000108461 , 0.000100442 , 0.00103068 , 0.00385381 , -0.000290578 , -7.73451e-05 , 4.51748e-05 , 9.65339e-05 , 0.000147197 , -0.000115801 , 0.000156502 , -0.000270673 , 0.00015812 , 0.000337878 , 0.000515211 , -0.000405291 , 0.000547782
1.91783e-07 , -2.88526e-08 , 4.94249e-08 , 1.26076e-07 , 1.89821e-06 , -9.49732e-07 , 0.00223104 , -0.000332531 , 0.000301625 , 0.00111729 , 0.020077 , -0.0096596 , -0.000117891 , 4.84161e-05 , 0.000155124 , 0.000110564 , -0.00013343 , 0.00016225 , -0.000412563 , 0.000169464 , 0.000542957 , 0.000386985 , -0.000466988 , 0.000567903
1.68232e-07 , -3.49439e-08 , 6.75064e-08 , 1.4206e-07 , 3.53823e-06 , -1.94979e-06 , 0.00199816 , -0.000322318 , 0.000470055 , 0.00123091 , 0.0366161 , -0.0195105 , -0.000151486 , 3.47449e-05 , 0.000246426 , 5.62763e-05 , -0.000141111 , 0.000162645 , -0.000530121 , 0.000121612 , 0.000862552 , 0.00019697 , -0.00049387 , 0.000569287
1.33981e-07 , -1.68128e-08 , 7.2491e-08 , 1.53213e-07 , 4.99747e-06 , -2.93932e-06 , 0.00163443 , -2.08198e-05 , 0.000565983 , 0.001342 , 0.0511314 , -0.0293178 , -0.000170199 , -3.98151e-06 , 0.000373407 , -8.03962e-06 , -0.000137873 , 0.000157886 , -0.000595597 , -1.39323e-05 , 0.00130706 , -2.81386e-05 , -0.000482535 , 0.00055263
8.46175e-08 , 4.20831e-08 , 6.97979e-08 , 1.57563e-07 , 5.99852e-06 , -3.87628e-06 , 0.00113651 , 0.000532614 , 0.000566713 , 0.00141134 , 0.0613103 , -0.0387034 , -0.000166591 , -7.60037e-05 , 0.000531631 , -6.44933e-05 , -0.000123528 , 0.00014852 , -0.000582959 , -0.000265999 , 0.00186099 , -0.000225722 , -0.000432332 , 0.000519848
2.38702e-08 , 1.13465e-07 , 6.56625e-08 , 1.5765e-07 , 6.3891e-06 , -4.75518e-06 , 0.000544328 , 0.00120416 , 0.000459041 , 0.00141061 , 0.0652607 , -0.0474331 , -0.000136882 , -0.000186556 , 0.000706456 , -8.58111e-05 , -9.8904e-05 , 0.000135344 , -0.000478972 , -0.000652879 , 0.00247309 , -0.000300332 , -0.000346152 , 0.000473728
-4.64707e-08 , 1.87553e-07 , 4.08828e-08 , 1.47115e-07 , 6.04498e-06 , -5.55505e-06 , -3.38875e-05 , 0.00182693 , 0.000247648 , 0.00133711 , 0.0618582 , -0.0554141 , -8.30249e-05 , -0.000334899 , 0.000871723 , -3.70224e-05 , -6.66976e-05 , 0.000119079 , -0.000290475 , -0.00117194 , 0.00305179 , -0.000129577 , -0.000233434 , 0.000416795
-8.96983e-08 , 2.44831e-07 , 1.00905e-08 , 1.38943e-07 , 4.97077e-06 , -6.28967e-06 , -0.000516687 , 0.00226614 , -2.03828e-05 , 0.00120349 , 0.0510542 , -0.0626856 , -1.72296e-05 , -0.000511624 , 0.000991286 , 0.00012315 , -3.07185e-05 , 0.000100044 , -6.01925e-05 , -0.00179021 , 0.00347048 , 0.000431039 , -0.000107508 , 0.000350169
-1.42393e-07 , 2.67705e-07 , -1.37542e-08 , 1.17036e-07 , 3.2458e-06 , -6.95726e-06 , -0.00087234 , 0.00251205 , -0.000284858 , 0.00102362 , 0.0338554 , -0.0693029 , 3.71813e-05 , -0.000697496 , 0.00102616 , 0.000434206 , 4.65812e-06 , 7.80436e-05 , 0.000130236 , -0.00244037 , 0.00359261 , 0.00151991 , 1.63146e-05 , 0.000273161
-1.60074e-07 , 2.91231e-07 , -3.60627e-08 , 1.04115e-07 , 1.0644e-06 , -7.54654e-06 , -0.00107977 , 0.00265459 , -0.000479351 , 0.000843655 , 0.012143 , -0.0752192 , 4.84816e-05 , -0.000865727 , 0.000946585 , 0.000923739 , 3.48606e-05 , 5.21985e-05 , 0.000169755 , -0.00302873 , 0.00331395 , 0.00323394 , 0.000122032 , 0.0001827
-1.86053e-07 , 3.01725e-07 , -3.99776e-08 , 8.75835e-08 , -1.33045e-06 , -8.03443e-06 , -0.00113531 , 0.00278413 , -0.00053986 , 0.000705799 , -0.011786 , -0.0800766 , -1.37739e-05 , -0.000985032 , 0.000747068 , 0.00159176 , 5.63684e-05 , 2.1604e-05 , -4.81761e-05 , -0.00344591 , 0.0026153 , 0.00557371 , 0.000197319 , 7.56197e-05
-1.63284e-07 , 3.39231e-07 , -2.92523e-08 , 7.32392e-08 , -3.71581e-06 , -8.33753e-06 , -0.000923519 , 0.00299882 , -0.000439936 , 0.000650358 , -0.0357252 , -0.0830667 , -0.000165138 , -0.00102507 , 0.000459106 , 0.00239844 , 6.6096e-05 , -1.4185e-05 , -0.000577875 , -0.00358587 , 0.00160708 , 0.00840029 , 0.000231372 , -4.96362e-05
-1.11142e-07 , 3.69159e-07 , -4.74169e-09 , 7.54065e-08 , -5.92571e-06 , -8.33127e-06 , -0.00036488 , 0.00328186 , -0.000194414 , 0.000712849 , -0.0578764 , -0.0828279 , -0.000391747 , -0.000965411 , 0.000158109 , 0.00325741 , 6.2753e-05 , -5.4419e-05 , -0.0013706 , -0.00337713 , 0.000553407 , 0.0114116 , 0.000219669 , -0.000190443
-2.84122e-09 , 4.0132e-07 , 2.95483e-08 , 9.6228e-08 , -7.84983e-06 , -7.81515e-06 , 0.000531908 , 0.00351718 , 0.000150558 , 0.000895141 , -0.0771088 , -0.0776649 , -0.000642453 , -0.000807073 , -4.32208e-05 , 0.00403819 , 4.61283e-05 , -9.66776e-05 , -0.00224712 , -0.00282322 , -0.000151271 , 0.0141501 , 0.000161473 , -0.00033833
1.18848e-07 , 4.05754e-07 , 6.83652e-08 , 1.25619e-07 , -9.44315e-06 , -6.63369e-06 , 0.00169641 , 0.00356736 , 0.000513417 , 0.00116634 , -0.0930084 , -0.0657661 , -0.000829231 , -0.000585093 , -1.34639e-05 , 0.00458027 , 1.66398e-05 , -0.000136657 , -0.00289936 , -0.00204659 , -4.71236e-05 , 0.016052 , 5.82525e-05 , -0.000478235
2.67849e-07 , 3.73067e-07 , 9.51025e-08 , 1.60531e-07 , -1.07025e-05 , -4.60932e-06 , 0.00302002 , 0.00331079 , 0.000821591 , 0.00148036 , -0.105751 , -0.0455567 , -0.000840826 , -0.00036665 , 0.000366335 , 0.00472234 , -2.43885e-05 , -0.000168716 , -0.00293819 , -0.00128229 , 0.00128231 , 0.0165506 , -8.53498e-05 , -0.000590426
4.14924e-07 , 3.12465e-07 , 1.20915e-07 , 1.90202e-07 , -1.17252e-05 , -1.68114e-06 , 0.00434989 , 0.00268636 , 0.00104412 , 0.00178629 , -0.115934 , -0.0161947 , -0.00057024 , -0.000227959 , 0.00116872 , 0.00434015 , -7.4876e-05 , -0.000187515 , -0.00198943 , -0.000797136 , 0.00409188 , 0.0152094 , -0.000262046 , -0.000656216
5.3197e-07 , 2.18159e-07 , 1.39988e-07 , 2.17734e-07 , -1.2562e-05 , 2.10831e-06 , 0.00551202 , 0.00172352 , 0.00118572 , 0.00202579 , -0.124372 , 0.021683 , 5.08153e-05 , -0.000214559 , 0.00238929 , 0.00338606 , -0.000132658 , -0.000188256 , 0.000186089 , -0.000750474 , 0.00836823 , 0.0118627 , -0.00046426 , -0.000658819
6.24029e-07 , 1.02974e-07 , 1.5359e-07 , 2.30124e-07 , -1.33142e-05 , 6.42762e-06 , 0.00635372 , 0.000552667 , 0.00127442 , 0.00214034 , -0.131977 , 0.0647962 , 0.00101804 , -0.000300677 , 0.00393154 , 0.00192648 , -0.000195475 , -0.000167802 , 0.00357415 , -0.00105155 , 0.0137759 , 0.0067464 , -0.000684079 , -0.000587247
6.79321e-07 , -1.11006e-08 , 1.6006e-07 , 2.18865e-07 , -1.4077e-05 , 1.0549e-05 , 0.00676821 , -0.000671395 , 0.00135327 , 0.002094 , -0.139464 , 0.105928 , 0.00223407 , -0.000362874 , 0.00560403 , 0.000157291 , -0.000260038 , -0.000125712 , 0.00783501 , -0.0012672 , 0.0196457 , 0.000550545 , -0.000909985 , -0.000439944
6.68169e-07 , -1.35428e-07 , 1.73491e-07 , 1.93638e-07 , -1.47952e-05 , 1.32606e-05 , 0.00670104 , -0.00181625 , 0.00145495 , 0.00188718 , -0.146715 , 0.133051 , 0.00350281 , -0.00018166 , 0.00713652 , -0.00160844 , -0.000322284 , -6.40564e-05 , 0.0122823 , -0.000627993 , 0.0250292 , -0.00562697 , -0.00112775 , -0.000224148
5.9578e-07 , -2.35893e-07 , 1.747e-07 , 1.61018e-07 , -1.52971e-05 , 1.29581e-05 , 0.00615613 , -0.00278615 , 0.00157812 , 0.00152729 , -0.151704 , 0.130182 , 0.00453471 , 0.000518553 , 0.00821461 , -0.00299504 , -0.000377887 , 1.27795e-05 , 0.0159002 , 0.00183178 , 0.0288193 , -0.0104737 , -0.00132223 , 4.47953e-05
4.92896e-07 , -3.20239e-07 , 1.85048e-07 , 1.053e-07 , -1.50004e-05 , 8.04639e-06 , 0.00520624 , -0.00357004 , 0.00169459 , 0.00102373 , -0.148981 , 0.0810177 , 0.00499664 , 0.00199557 , 0.0085332 , -0.00364443 , -0.000422107 , 9.92948e-05 , 0.0175185 , 0.00701669 , 0.0299398 , -0.0127423 , -0.00147688 , 0.000347632
3.78915e-07 , -4.02919e-07 , 1.94891e-07 , 3.46084e-08 , -1.30134e-05 , -2.5816e-06 , 0.00400469 , -0.00424959 , 0.00175708 , 0.000389383 , -0.129191 , -0.0251838 , 0.00460327 , 0.00439849 , 0.00786557 , -0.00331038 , -0.000451014 , 0.000190365 , 0.0161353 , 0.015454 , 0.027592 , -0.0115755 , -0.001578 , 0.000666427
