-5.43547e-16 , 3.61782e-16 , 1.2597 , -6.55938 , -2.20859e-16 , -3.55126e-16 , -1.08709e-15 , 7.23563e-16 , 2.51939 , -13.1188 , -4.41718e-16 , -7.10252e-16 , 2.36934e-16 , -7.66523e-16 , 6.25303e-17 , 2.52449e-16 , 1.20784e-16 , 6.83164e-16 , 8.29271e-16 , -2.68283e-15 , 2.18856e-16 , 8.83573e-16 , 4.22743e-16 , 2.39107e-15
-5.13675e-16 , -1.98843e-15 , 2.65696 , 5.562 , 6.58525e-16 , -1.20385e-15 , -1.02735e-15 , -3.97686e-15 , 5.31393 , 11.124 , 1.31705e-15 , -2.40769e-15 , 1.33347e-16 , 7.97702e-16 , 7.64595e-16 , -1.02521e-15 , -4.20285e-17 , -1.29134e-15 , 4.66713e-16 , 2.79196e-15 , 2.67608e-15 , -3.58822e-15 , -1.471e-16 , -4.51971e-15
-1.29958e-16 , 2.6824e-15 , -1.71488 , -2.30269 , -1.9822e-16 , 1.54016e-15 , -2.59917e-16 , 5.3648e-15 , -3.42977 , -4.60538 , -3.9644e-16 , 3.08033e-15 , 3.42691e-16 , -1.34704e-15 , -4.83973e-16 , 6.41846e-17 , -4.13024e-16 , -1.48727e-16 , 1.19942e-15 , -4.71463e-15 , -1.6939e-15 , 2.24646e-16 , -1.44558e-15 , -5.20545e-16
-9.90522e-16 , -2.29109e-15 , 2.27606 , 4.66233 , 3.53645e-17 , -1.13383e-15 , -1.98104e-15 , -4.58219e-15 , 4.55213 , 9.32465 , 7.0729e-17 , -2.26767e-15 , 5.35988e-16 , 5.29687e-16 , 1.20566e-15 , 1.42188e-15 , 8.5853e-16 , 3.30403e-16 , 1.87596e-15 , 1.8539e-15 , 4.21982e-15 , 4.97657e-15 , 3.00486e-15 , 1.15641e-15
9.59849e-16 , 6.71598e-16 , -1.27527 , -6.0911 , -8.24555e-16 , 6.16561e-16 , 1.9197e-15 , 1.3432e-15 , -2.55055 , -12.1822 , -1.64911e-15 , 1.23312e-15 , -1.69796e-16 , -2.23992e-15 , 8.27878e-16 , -4.82037e-17 , -7.98565e-16 , -4.30483e-17 , -5.94287e-16 , -7.83973e-15 , 2.89757e-15 , -1.68713e-16 , -2.79498e-15 , -1.50669e-16
-2.62379e-15 , -2.84072e-15 , 0.328777 , 4.48184 , -1.56008e-15 , -4.52396e-15 , -5.24757e-15 , -5.68144e-15 , 0.657554 , 8.96368 , -3.12015e-15 , -9.04791e-15 , -6.51492e-16 , 1.72033e-15 , 1.03518e-15 , 4.94073e-17 , -4.07033e-17 , -1.17103e-15 , -2.28022e-15 , 6.02114e-15 , 3.62314e-15 , 1.72925e-16 , -1.42462e-16 , -4.09862e-15
1.22985e-15 , 3.2036e-15 , -0.247348 , -4.24136 , -3.13561e-15 , 5.14134e-16 , 2.4597e-15 , 6.4072e-15 , -0.494696 , -8.48271 , -6.27122e-15 , 1.02827e-15 , 3.20201e-16 , -2.51525e-15 , 1.15807e-15 , -1.71962e-16 , -7.87948e-16 , 2.07761e-15 , 1.1207e-15 , -8.80337e-15 , 4.05326e-15 , -6.01866e-16 , -2.75782e-15 , 7.27162e-15
-1.79499e-15 , -6.85776e-15 , 1.3023 , 5.12396 , -3.57862e-15 , 1.79109e-16 , -3.58997e-15 , -1.37155e-14 , 2.6046 , 10.2479 , -7.15724e-15 , 3.58217e-16 , -1.39668e-15 , -8.47622e-16 , 9.13977e-16 , 5.44825e-16 , 1.01974e-15 , -7.84476e-16 , -4.88838e-15 , -2.96668e-15 , 3.19892e-15 , 1.90689e-15 , 3.56909e-15 , -2.74567e-15
-1.95679e-15 , 2.87306e-15 , -1.33084 , -5.40517 , 1.20728e-15 , 2.36646e-15 , -3.91357e-15 , 5.74612e-15 , -2.66169 , -10.8103 , 2.41455e-15 , 4.73291e-15 , 1.20528e-15 , 1.2878e-16 , -1.81788e-15 , 4.39052e-16 , -1.58175e-15 , -1.17891e-15 , 4.21849e-15 , 4.5073e-16 , -6.36258e-15 , 1.53668e-15 , -5.53612e-15 , -4.12618e-15
-5.12395e-15 , 1.91792e-15 , 1.01594 , 5.43681 , -4.85219e-16 , -4.36006e-15 , -1.02479e-14 , 3.83584e-15 , 2.03188 , 10.8736 , -9.70437e-16 , -8.72013e-15 , -9.42801e-16 , 2.60867e-16 , 4.7358e-15 , 3.23252e-16 , 2.06156e-15 , -1.50168e-15 , -3.2998e-15 , 9.13034e-16 , 1.65753e-14 , 1.13138e-15 , 7.21545e-15 , -5.25587e-15
-2.43762e-15 , 4.22547e-16 , -1.20095 , -5.46343 , 8.48852e-17 , 2.15352e-15 , -4.87524e-15 , 8.45095e-16 , -2.40191 , -10.9269 , 1.6977e-16 , 4.30704e-15 , 1.84416e-15 , -3.50004e-16 , -1.18636e-15 , -1.29218e-15 , -8.92459e-16 , 8.56584e-16 , 6.45455e-15 , -1.22501e-15 , -4.15225e-15 , -4.52265e-15 , -3.12361e-15 , 2.99804e-15
-5.36726e-15 , -2.22039e-16 , 1.15122 , 5.39657 , -5.08935e-15 , -2.28709e-15 , -1.07345e-14 , -4.44077e-16 , 2.30244 , 10.7931 , -1.01787e-14 , -4.57418e-15 , 7.96011e-16 , -7.02176e-17 , -2.42751e-16 , 1.71308e-15 , -4.6189e-16 , 1.03707e-15 , 2.78604e-15 , -2.45762e-16 , -8.49627e-16 , 5.99579e-15 , -1.61661e-15 , 3.62975e-15
-8.05098e-16 , 4.21308e-15 , -1.26199 , -5.3587 , -3.6992e-15 , 1.75301e-15 , -1.6102e-15 , 8.42616e-15 , -2.52398 , -10.7174 , -7.39841e-15 , 3.50603e-15 , 8.53257e-16 , -2.76548e-15 , 1.04234e-15 , 7.00739e-16 , -3.55142e-15 , -6.8377e-17 , 2.9864e-15 , -9.67919e-15 , 3.64817e-15 , 2.45258e-15 , -1.243e-14 , -2.39319e-16
1.87466e-15 , -1.68902e-15 , 0.738669 , 5.58169 , -3.36791e-15 , 5.60035e-16 , 3.74931e-15 , -3.37804e-15 , 1.47734 , 11.1634 , -6.73582e-15 , 1.12007e-15 , -1.53075e-15 , -2.12137e-15 , -3.28704e-15 , -2.17409e-15 , 6.4737e-16 , 2.04376e-15 , -5.35762e-15 , -7.42481e-15 , -1.15046e-14 , -7.60931e-15 , 2.2658e-15 , 7.15315e-15
-4.47486e-15 , 1.21449e-15 , -1.29991 , -5.63313 , 5.14737e-15 , 2.15381e-15 , -8.94972e-15 , 2.42898e-15 , -2.59982 , -11.2663 , 1.02947e-14 , 4.30762e-15 , 8.67135e-16 , 7.62736e-17 , 3.38046e-15 , -2.11416e-16 , -1.72905e-15 , -6.57917e-17 , 3.03497e-15 , 2.66958e-16 , 1.18316e-14 , -7.39955e-16 , -6.05169e-15 , -2.30271e-16
-1.88344e-15 , -4.75247e-15 , 1.44617 , 5.4056 , -5.921e-16 , -2.2597e-15 , -3.76688e-15 , -9.50495e-15 , 2.89234 , 10.8112 , -1.1842e-15 , -4.51941e-15 , -3.19038e-15 , 2.04345e-15 , -4.06063e-16 , -3.32538e-16 , 3.54983e-16 , -1.08572e-15 , -1.11663e-14 , 7.15208e-15 , -1.42122e-15 , -1.16388e-15 , 1.24244e-15 , -3.80001e-15
-2.56933e-15 , 8.93364e-15 , -1.72225 , -5.63984 , -1.70936e-15 , 4.33235e-15 , -5.13866e-15 , 1.78673e-14 , -3.44449 , -11.2797 , -3.41873e-15 , 8.66471e-15 , -7.80605e-16 , -4.89742e-16 , 2.20227e-15 , -3.32927e-15 , -1.12831e-15 , 5.88796e-16 , -2.73212e-15 , -1.7141e-15 , 7.70793e-15 , -1.16524e-14 , -3.94909e-15 , 2.06079e-15
-2.56368e-15 , -5.59911e-16 , 1.08214 , 5.50638 , -1.4388e-15 , 1.76176e-15 , -5.12736e-15 , -1.11982e-15 , 2.16427 , 11.0128 , -2.8776e-15 , 3.52352e-15 , 3.71747e-16 , -1.56911e-15 , 2.54588e-15 , -4.03947e-16 , -4.81163e-17 , -2.35561e-15 , 1.30112e-15 , -5.49189e-15 , 8.91059e-15 , -1.41382e-15 , -1.68407e-16 , -8.24462e-15
2.42938e-16 , 8.07599e-15 , -1.2704 , -5.68567 , -3.56418e-15 , 4.79952e-15 , 4.85876e-16 , 1.6152e-14 , -2.5408 , -11.3713 , -7.12835e-15 , 9.59904e-15 , 1.94948e-15 , -1.14652e-15 , 8.8444e-16 , -9.26608e-16 , -1.39524e-15 , -6.30395e-16 , 6.82317e-15 , -4.01282e-15 , 3.09554e-15 , -3.24313e-15 , -4.88332e-15 , -2.20638e-15
-8.43879e-15 , 2.58349e-15 , 1.45313 , 5.48263 , -1.07015e-15 , -1.08321e-15 , -1.68776e-14 , 5.16698e-15 , 2.90625 , 10.9653 , -2.14029e-15 , -2.16642e-15 , -3.94519e-17 , 1.23848e-15 , 1.63774e-15 , 5.4593e-15 , 1.62433e-15 , -6.81386e-16 , -1.38082e-16 , 4.33467e-15 , 5.73208e-15 , 1.91076e-14 , 5.68515e-15 , -2.38485e-15
-3.24372e-15 , 2.04973e-15 , -1.41713 , -5.53692 , -1.13681e-15 , 3.05814e-16 , -6.48744e-15 , 4.09946e-15 , -2.83427 , -11.0738 , -2.27363e-15 , 6.11629e-16 , 7.77107e-16 , -3.01308e-15 , -6.99041e-16 , 6.21632e-16 , -7.67683e-16 , 9.43836e-16 , 2.71988e-15 , -1.05458e-14 , -2.44664e-15 , 2.17571e-15 , -2.68689e-15 , 3.30343e-15
-6.71326e-15 , -3.025e-15 , 1.32813 , 5.44236 , 3.47286e-16 , -6.4687e-16 , -1.34265e-14 , -6.05001e-15 , 2.65625 , 10.8847 , 6.94573e-16 , -1.29374e-15 , -1.68075e-15 , 2.6047e-15 , -2.10004e-15 , 1.2043e-16 , 3.40422e-15 , -1.28016e-15 , -5.88262e-15 , 9.11643e-15 , -7.35015e-15 , 4.21506e-16 , 1.19148e-14 , -4.48055e-15
-6.54212e-15 , 1.25281e-16 , -1.36961 , -5.81371 , -1.44588e-15 , 2.89233e-15 , -1.30842e-14 , 2.50563e-16 , -2.73922 , -11.6274 , -2.89176e-15 , 5.78465e-15 , 1.60135e-15 , -2.03594e-15 , -4.52694e-15 , -3.85112e-15 , 1.03049e-15 , -9.057e-16 , 5.60472e-15 , -7.12578e-15 , -1.58443e-14 , -1.34789e-14 , 3.60671e-15 , -3.16995e-15
-8.97514e-15 , -2.30873e-15 , 1.57567 , 4.92913 , 2.52405e-15 , -4.41851e-15 , -1.79503e-14 , -4.61745e-15 , 3.15133 , 9.85826 , 5.0481e-15 , -8.83702e-15 , 2.63381e-16 , -1.30283e-15 , -1.46996e-16 , 1.42982e-15 , 4.42174e-16 , 4.4357e-16 , 9.21834e-16 , -4.55991e-15 , -5.14484e-16 , 5.00435e-15 , 1.54761e-15 , 1.5525e-15
-4.58826e-15 , 3.09958e-15 , -1.47189 , -5.53852 , 4.31921e-16 , 2.59084e-15 , -9.17651e-15 , 6.19915e-15 , -2.94379 , -11.077 , 8.63841e-16 , 5.18169e-15 , 1.87023e-15 , -1.37086e-15 , -2.49746e-15 , 2.32966e-15 , -2.54905e-15 , -1.78054e-16 , 6.54581e-15 , -4.798e-15 , -8.74109e-15 , 8.15382e-15 , -8.92167e-15 , -6.23188e-16
-3.4857e-15 , -3.03797e-15 , 1.34265 , 5.39654 , -3.29409e-15 , 4.09122e-15 , -6.97139e-15 , -6.07594e-15 , 2.6853 , 10.7931 , -6.58818e-15 , 8.18243e-15 , -2.25811e-16 , 1.26797e-15 , -1.26296e-15 , -5.37395e-15 , -7.2075e-16 , -1.40954e-15 , -7.90338e-16 , 4.43788e-15 , -4.42034e-15 , -1.88088e-14 , -2.52262e-15 , -4.93338e-15
-7.69716e-15 , 7.30761e-15 , -1.35057 , -5.30438 , -1.22727e-15 , 6.29596e-16 , -1.53943e-14 , 1.46152e-14 , -2.70113 , -10.6088 , -2.45454e-15 , 1.25919e-15 , -6.04476e-16 , -1.42806e-15 , 5.62853e-16 , 2.87608e-15 , -1.13389e-15 , 4.12647e-16 , -2.11567e-15 , -4.9982e-15 , 1.96999e-15 , 1.00663e-14 , -3.9686e-15 , 1.44426e-15
-1.23002e-14 , -3.7061e-16 , 1.40096 , 5.53243 , 3.48941e-15 , -3.46831e-15 , -2.46004e-14 , -7.41221e-16 , 2.80192 , 11.0649 , 6.97881e-15 , -6.93662e-15 , 1.70816e-15 , 3.12807e-15 , 1.50816e-15 , 1.62469e-15 , 7.82227e-16 , -6.21609e-16 , 5.97855e-15 , 1.09482e-14 , 5.27856e-15 , 5.6864e-15 , 2.73779e-15 , -2.17563e-15
-2.61383e-15 , -3.83278e-16 , -1.2615 , -5.62865 , -3.30452e-15 , 5.99619e-15 , -5.22765e-15 , -7.66557e-16 , -2.523 , -11.2573 , -6.60905e-15 , 1.19924e-14 , -1.90534e-17 , 2.01487e-15 , -3.07045e-15 , -4.1759e-15 , -4.51642e-15 , -9.41662e-16 , -6.66869e-17 , 7.05206e-15 , -1.07466e-14 , -1.46156e-14 , -1.58075e-14 , -3.29582e-15
-2.12302e-15 , -7.83397e-15 , 1.31781 , 5.28138 , -3.78626e-15 , -4.10685e-15 , -4.24604e-15 , -1.56679e-14 , 2.63562 , 10.5628 , -7.57252e-15 , -8.21369e-15 , -4.54717e-16 , 4.72333e-16 , 4.83983e-15 , -6.38251e-15 , 2.38909e-15 , 1.55113e-15 , -1.59151e-15 , 1.65316e-15 , 1.69394e-14 , -2.23388e-14 , 8.3618e-15 , 5.42896e-15
-4.45557e-15 , 4.65204e-15 , -1.43479 , -5.42395 , 3.64987e-15 , 4.95923e-15 , -8.91115e-15 , 9.30408e-15 , -2.86958 , -10.8479 , 7.29974e-15 , 9.91846e-15 , 9.06298e-16 , -1.10874e-15 , 2.60952e-16 , 5.04128e-15 , -4.54345e-16 , 1.454e-15 , 3.17204e-15 , -3.8806e-15 , 9.13333e-16 , 1.76445e-14 , -1.59021e-15 , 5.08899e-15
-1.07581e-14 , -3.55867e-15 , 1.24324 , 5.55997 , -1.03746e-15 , 3.14748e-15 , -2.15163e-14 , -7.11733e-15 , 2.48647 , 11.1199 , -2.07492e-15 , 6.29497e-15 , -1.104e-15 , 7.02555e-16 , 1.95337e-15 , -8.37805e-15 , 1.56372e-15 , 1.13826e-15 , -3.864e-15 , 2.45894e-15 , 6.83679e-15 , -2.93232e-14 , 5.47301e-15 , 3.98392e-15
-1.88498e-15 , 2.44763e-15 , -1.30647 , -5.44787 , -4.81675e-15 , 1.40038e-15 , -3.76995e-15 , 4.89527e-15 , -2.61295 , -10.8957 , -9.6335e-15 , 2.80075e-15 , 3.33045e-15 , -1.96694e-15 , 1.38873e-15 , 5.89441e-15 , -2.15913e-15 , 2.96226e-15 , 1.16566e-14 , -6.88428e-15 , 4.86056e-15 , 2.06304e-14 , -7.55694e-15 , 1.03679e-14
-8.31843e-15 , -2.64524e-15 , 1.42487 , 5.46126 , -4.6687e-15 , 2.61335e-16 , -1.66369e-14 , -5.29048e-15 , 2.84973 , 10.9225 , -9.3374e-15 , 5.2267e-16 , 1.08175e-15 , 1.4584e-15 , 8.16884e-15 , -5.52465e-15 , -1.06224e-15 , -4.96176e-16 , 3.78613e-15 , 5.1044e-15 , 2.8591e-14 , -1.93363e-14 , -3.71784e-15 , -1.73662e-15
-6.77884e-15 , 1.89115e-15 , -1.23379 , -5.68075 , -2.51296e-15 , 1.63876e-16 , -1.35577e-14 , 3.7823e-15 , -2.46758 , -11.3615 , -5.02592e-15 , 3.27752e-16 , 2.44624e-15 , 2.29862e-15 , 2.56678e-15 , 5.75589e-15 , -2.48757e-15 , -2.10377e-15 , 8.56183e-15 , 8.04519e-15 , 8.98373e-15 , 2.01456e-14 , -8.70648e-15 , -7.3632e-15
-1.06073e-14 , -2.63339e-17 , 1.28288 , 5.50538 , 3.78988e-15 , -2.50153e-15 , -2.12145e-14 , -5.26678e-17 , 2.56576 , 11.0108 , 7.57976e-15 , -5.00306e-15 , -2.99088e-15 , 3.10614e-15 , 5.1709e-15 , 6.89739e-16 , -1.59954e-15 , -1.24995e-15 , -1.04681e-14 , 1.08715e-14 , 1.80981e-14 , 2.41409e-15 , -5.5984e-15 , -4.37482e-15
-4.60924e-15 , -8.09448e-16 , -1.40882 , -5.62063 , -7.02042e-15 , -9.89316e-16 , -9.21847e-15 , -1.6189e-15 , -2.81764 , -11.2413 , -1.40408e-14 , -1.97863e-15 , -9.33005e-16 , -4.22282e-15 , 2.47762e-15 , -1.71848e-15 , -4.11319e-15 , -3.10546e-15 , -3.26552e-15 , -1.47799e-14 , 8.67168e-15 , -6.01468e-15 , -1.43962e-14 , -1.08691e-14
-1.3465e-14 , 1.11022e-15 , 1.43412 , 5.38393 , -1.64636e-15 , -2.83008e-15 , -2.693e-14 , 2.22044e-15 , 2.86824 , 10.7679 , -3.29271e-15 , -5.66015e-15 , 1.83437e-15 , 2.39986e-15 , 4.75242e-15 , -8.19947e-16 , -3.19853e-16 , 3.42605e-15 , 6.42031e-15 , 8.3995e-15 , 1.66335e-14 , -2.86981e-15 , -1.11949e-15 , 1.19912e-14
-4.25485e-15 , 2.56789e-15 , -1.29023 , -5.41956 , -4.06193e-15 , 4.04544e-15 , -8.5097e-15 , 5.13577e-15 , -2.58045 , -10.8391 , -8.12385e-15 , 8.09089e-15 , 1.16081e-15 , -1.37143e-15 , 2.56268e-15 , 4.62213e-15 , -2.45883e-15 , 6.53922e-16 , 4.06282e-15 , -4.80001e-15 , 8.96939e-15 , 1.61774e-14 , -8.6059e-15 , 2.28873e-15
-1.81096e-14 , 1.15883e-15 , 1.32614 , 5.53632 , -7.88806e-15 , -6.49551e-15 , -3.62193e-14 , 2.31766e-15 , 2.65228 , 11.0726 , -1.57761e-14 , -1.2991e-14 , -4.06888e-16 , 4.89451e-15 , -3.28958e-15 , 5.02714e-15 , -3.92287e-16 , -2.06445e-15 , -1.42411e-15 , 1.71308e-14 , -1.15135e-14 , 1.7595e-14 , -1.373e-15 , -7.22557e-15
-8.28203e-15 , 3.49151e-15 , -1.29513 , -5.52861 , -6.21229e-15 , -8.67922e-16 , -1.65641e-14 , 6.98302e-15 , -2.59026 , -11.0572 , -1.24246e-14 , -1.73584e-15 , 1.03492e-15 , 2.78717e-17 , -2.97653e-15 , 1.232e-15 , -5.20597e-15 , 1.50085e-15 , 3.6222e-15 , 9.75511e-17 , -1.04179e-14 , 4.31199e-15 , -1.82209e-14 , 5.25298e-15
-1.25081e-14 , -4.18302e-15 , 1.4519 , 5.34924 , -2.49656e-16 , -1.93176e-15 , -2.50162e-14 , -8.36603e-15 , 2.90379 , 10.6985 , -4.99312e-16 , -3.86351e-15 , -1.2858e-17 , 2.5452e-15 , 5.70905e-16 , -1.49333e-16 , 4.25949e-16 , -9.52203e-16 , -4.50029e-17 , 8.90821e-15 , 1.99817e-15 , -5.22664e-16 , 1.49082e-15 , -3.33271e-15
-4.05999e-15 , -6.13798e-15 , -1.31255 , -5.67143 , -8.55407e-15 , 1.1812e-15 , -8.11997e-15 , -1.2276e-14 , -2.6251 , -11.3429 , -1.71081e-14 , 2.3624e-15 , 2.7627e-15 , -4.80278e-16 , 3.02393e-16 , 8.83033e-15 , -7.03529e-15 , 3.83595e-15 , 9.66945e-15 , -1.68097e-15 , 1.05838e-15 , 3.09062e-14 , -2.46235e-14 , 1.34258e-14
-5.10613e-15 , -9.23053e-15 , 1.35371 , 5.25172 , -1.17469e-14 , -8.50338e-15 , -1.02123e-14 , -1.84611e-14 , 2.70743 , 10.5034 , -2.34938e-14 , -1.70068e-14 , 4.16386e-15 , 2.91921e-16 , -8.33456e-16 , -4.78547e-15 , 4.47522e-16 , 2.4112e-15 , 1.45735e-14 , 1.02173e-15 , -2.9171e-15 , -1.67492e-14 , 1.56633e-15 , 8.43921e-15
-3.06613e-15 , 2.23232e-15 , -1.37287 , -5.48163 , -4.83796e-15 , -8.50865e-16 , -6.13226e-15 , 4.46465e-15 , -2.74573 , -10.9633 , -9.67593e-15 , -1.70173e-15 , 2.65762e-15 , 3.5685e-16 , -3.52348e-15 , 4.35827e-15 , -3.66144e-15 , 1.51005e-15 , 9.30169e-15 , 1.24897e-15 , -1.23322e-14 , 1.5254e-14 , -1.2815e-14 , 5.28517e-15
-6.57543e-15 , 2.4137e-15 , 1.32059 , 5.40913 , -6.43813e-15 , -1.42377e-15 , -1.31509e-14 , 4.82741e-15 , 2.64118 , 10.8183 , -1.28763e-14 , -2.84754e-15 , -2.48806e-15 , -1.13799e-15 , 3.97339e-15 , 5.88484e-16 , 1.30553e-15 , 5.65245e-15 , -8.70821e-15 , -3.98295e-15 , 1.39069e-14 , 2.05969e-15 , 4.56937e-15 , 1.97836e-14
-1.06034e-14 , 6.55772e-16 , -1.21881 , -5.3268 , -8.46837e-15 , 7.91967e-15 , -2.12068e-14 , 1.31154e-15 , -2.43762 , -10.6536 , -1.69367e-14 , 1.58393e-14 , 1.73872e-15 , 1.21281e-15 , -3.03971e-15 , -8.26631e-15 , 7.1048e-16 , 2.33132e-15 , 6.08551e-15 , 4.24484e-15 , -1.0639e-14 , -2.89321e-14 , 2.48668e-15 , 8.15961e-15
-1.83103e-14 , -2.32918e-15 , 1.41709 , 5.33157 , -5.0185e-15 , -2.58974e-15 , -3.66207e-14 , -4.65835e-15 , 2.83417 , 10.6631 , -1.0037e-14 , -5.17947e-15 , 3.06008e-15 , 2.0915e-16 , 5.82462e-15 , 2.0199e-15 , -6.0178e-16 , 3.85828e-15 , 1.07103e-14 , 7.32026e-16 , 2.03862e-14 , 7.06966e-15 , -2.10623e-15 , 1.3504e-14
-8.72772e-15 , -4.90986e-15 , -1.26804 , -5.46895 , 5.99175e-15 , 1.31633e-15 , -1.74554e-14 , -9.81972e-15 , -2.53608 , -10.9379 , 1.19835e-14 , 2.63265e-15 , 2.30572e-15 , -1.21184e-15 , 1.90499e-15 , 1.22974e-15 , -1.07599e-15 , 2.4205e-15 , 8.07003e-15 , -4.24143e-15 , 6.66745e-15 , 4.30408e-15 , -3.76598e-15 , 8.47176e-15
-1.71142e-14 , -6.6431e-15 , 1.31156 , 5.36301 , -6.23235e-15 , -2.8252e-15 , -3.42284e-14 , -1.32862e-14 , 2.62311 , 10.726 , -1.24647e-14 , -5.65039e-15 , -4.5499e-15 , -9.28828e-16 , -1.88533e-15 , 5.67663e-15 , 4.22605e-15 , 1.54166e-16 , -1.59247e-14 , -3.2509e-15 , -6.59864e-15 , 1.98682e-14 , 1.47912e-14 , 5.39581e-16
-1.33779e-14 , 7.16258e-15 , -1.39827 , -5.45707 , -8.96233e-15 , 5.55233e-15 , -2.67558e-14 , 1.43252e-14 , -2.79654 , -10.9141 , -1.79247e-14 , 1.11047e-14 , 5.28251e-15 , -5.43465e-15 , -1.88903e-15 , 2.67289e-15 , -5.51972e-15 , 1.01632e-15 , 1.84888e-14 , -1.90213e-14 , -6.61162e-15 , 9.35512e-15 , -1.9319e-14 , 3.55711e-15
-1.75492e-14 , -3.23349e-16 , 1.40051 , 5.48597 , -5.56878e-15 , -4.39652e-15 , -3.50985e-14 , -6.46698e-16 , 2.80101 , 10.9719 , -1.11376e-14 , -8.79304e-15 , -7.61763e-16 , 1.92058e-15 , -2.65684e-15 , 4.58945e-15 , 1.25238e-15 , -2.32553e-15 , -2.66617e-15 , 6.72203e-15 , -9.29896e-15 , 1.60631e-14 , 4.38332e-15 , -8.13935e-15
-1.50339e-14 , 4.38302e-16 , -1.20201 , -5.29785 , 2.08255e-15 , 7.75461e-16 , -3.00677e-14 , 8.76603e-16 , -2.40401 , -10.5957 , 4.1651e-15 , 1.55092e-15 , 1.18212e-15 , -4.11155e-15 , -2.60514e-15 , 4.54614e-15 , -1.08485e-15 , 2.89195e-16 , 4.13742e-15 , -1.43904e-14 , -9.11799e-15 , 1.59115e-14 , -3.79697e-15 , 1.01218e-15
-1.72477e-14 , -3.29448e-15 , 1.29598 , 5.36121 , -8.47103e-15 , -4.62524e-15 , -3.44954e-14 , -6.58896e-15 , 2.59196 , 10.7224 , -1.69421e-14 , -9.25048e-15 , -1.49629e-15 , 1.53448e-15 , -4.82723e-16 , -7.67287e-16 , 9.80586e-16 , 4.07049e-15 , -5.23703e-15 , 5.37068e-15 , -1.68953e-15 , -2.68551e-15 , 3.43205e-15 , 1.42467e-14
-8.66628e-15 , 9.91518e-16 , -1.3045 , -5.55929 , 1.22523e-15 , -6.27446e-15 , -1.73326e-14 , 1.98304e-15 , -2.609 , -11.1186 , 2.45045e-15 , -1.25489e-14 , 3.41149e-15 , -3.58097e-15 , -5.93955e-16 , -4.27754e-15 , -2.54361e-15 , 2.84159e-15 , 1.19402e-14 , -1.25334e-14 , -2.07884e-15 , -1.49714e-14 , -8.90265e-15 , 9.94556e-15
-6.85676e-15 , -4.34671e-15 , 1.48917 , 5.44813 , -6.96144e-15 , -2.89336e-15 , -1.37135e-14 , -8.69341e-15 , 2.97835 , 10.8963 , -1.39229e-14 , -5.78673e-15 , 3.56886e-16 , -2.88963e-16 , 9.34976e-16 , 2.8923e-15 , -1.64614e-15 , -3.01525e-16 , 1.2491e-15 , -1.01137e-15 , 3.27242e-15 , 1.0123e-14 , -5.7615e-15 , -1.05534e-15
-1.15834e-15 , -3.08336e-16 , -1.35653 , -5.55093 , 4.55731e-15 , -4.74808e-15 , -2.31667e-15 , -6.16672e-16 , -2.71306 , -11.1019 , 9.11462e-15 , -9.49616e-15 , 3.6147e-15 , -1.10033e-15 , -2.92003e-15 , -1.11952e-15 , -4.41811e-15 , 1.80098e-16 , 1.26514e-14 , -3.85114e-15 , -1.02201e-14 , -3.91831e-15 , -1.54634e-14 , 6.30345e-16
-6.11087e-15 , -6.13744e-15 , 1.3784 , 5.40526 , -8.19952e-15 , -7.20401e-16 , -1.22217e-14 , -1.22749e-14 , 2.75681 , 10.8105 , -1.6399e-14 , -1.4408e-15 , 5.10606e-15 , 4.80765e-15 , -1.24562e-15 , 6.28788e-15 , -3.0258e-15 , 5.00822e-15 , 1.78712e-14 , 1.68268e-14 , -4.35966e-15 , 2.20076e-14 , -1.05903e-14 , 1.75288e-14
-8.48924e-15 , 9.27321e-15 , -1.32749 , -5.446 , 3.49721e-15 , -1.82732e-15 , -1.69785e-14 , 1.85464e-14 , -2.65499 , -10.892 , 6.99441e-15 , -3.65465e-15 , 5.58187e-15 , 1.12644e-15 , -3.9032e-15 , -4.20635e-15 , -5.14123e-15 , 3.09557e-15 , 1.95366e-14 , 3.94254e-15 , -1.36612e-14 , -1.47222e-14 , -1.79943e-14 , 1.08345e-14
-1.2967e-14 , 7.02972e-15 , 1.39586 , 5.55804 , 5.94986e-15 , -3.3552e-15 , -2.5934e-14 , 1.40594e-14 , 2.79172 , 11.1161 , 1.18997e-14 , -6.71041e-15 , -2.13418e-15 , 6.41189e-15 , -5.92473e-16 , 2.52774e-16 , -2.08075e-15 , 2.41643e-15 , -7.46962e-15 , 2.24416e-14 , -2.07366e-15 , 8.84709e-16 , -7.28261e-15 , 8.45751e-15
-1.22201e-15 , 6.93966e-15 , -1.29274 , -5.37479 , -1.64796e-15 , 1.38143e-15 , -2.44402e-15 , 1.38793e-14 , -2.58547 , -10.7496 , -3.29592e-15 , 2.76285e-15 , 4.44613e-16 , 1.87683e-15 , -2.63326e-15 , 3.06382e-15 , -3.30318e-15 , 1.14268e-15 , 1.55615e-15 , 6.56891e-15 , -9.2164e-15 , 1.07234e-14 , -1.15611e-14 , 3.99939e-15
-6.7492e-15 , 1.44762e-15 , 1.41985 , 5.37924 , -3.32769e-15 , -1.08942e-14 , -1.34984e-14 , 2.89525e-15 , 2.8397 , 10.7585 , -6.65538e-15 , -2.17885e-14 , 2.75626e-15 , 1.21291e-16 , 5.58173e-15 , -4.33348e-15 , -1.61261e-15 , -1.10975e-15 , 9.6469e-15 , 4.24519e-16 , 1.95361e-14 , -1.51672e-14 , -5.64414e-15 , -3.88413e-15
-7.2194e-15 , 7.20304e-15 , -1.3188 , -5.59345 , -5.61397e-15 , -7.86229e-16 , -1.44388e-14 , 1.44061e-14 , -2.6376 , -11.1869 , -1.12279e-14 , -1.57246e-15 , 2.46978e-15 , 8.28563e-16 , 1.47048e-15 , 1.22396e-15 , -6.23087e-15 , 1.05432e-15 , 8.64423e-15 , 2.89997e-15 , 5.14668e-15 , 4.28386e-15 , -2.18081e-14 , 3.69014e-15
-7.75672e-15 , -4.2617e-16 , 1.39196 , 5.35978 , -5.5939e-15 , 1.79231e-15 , -1.55134e-14 , -8.52341e-16 , 2.78392 , 10.7196 , -1.11878e-14 , 3.58462e-15 , 2.82961e-15 , -1.72049e-15 , 4.17175e-16 , 8.27277e-15 , -5.75454e-15 , 1.88398e-15 , 9.90364e-15 , -6.02171e-15 , 1.46011e-15 , 2.89547e-14 , -2.01409e-14 , 6.59392e-15
-9.23134e-15 , 9.10397e-15 , -1.37865 , -5.39284 , -3.85477e-15 , -5.11909e-15 , -1.84627e-14 , 1.82079e-14 , -2.75729 , -10.7857 , -7.70954e-15 , -1.02382e-14 , 6.27626e-15 , -8.59075e-16 , -2.5296e-15 , -4.16184e-15 , -2.83239e-15 , 2.87745e-15 , 2.19669e-14 , -3.00676e-15 , -8.85359e-15 , -1.45664e-14 , -9.91338e-15 , 1.00711e-14
-1.09122e-14 , -4.40632e-15 , 1.38558 , 5.46068 , -6.30377e-15 , -4.60528e-15 , -2.18244e-14 , -8.81264e-15 , 2.77115 , 10.9214 , -1.26075e-14 , -9.21056e-15 , 3.21323e-15 , 1.71922e-15 , -2.48657e-15 , -8.46323e-15 , 2.25143e-15 , 3.78365e-15 , 1.12463e-14 , 6.01727e-15 , -8.703e-15 , -2.96213e-14 , 7.87999e-15 , 1.32428e-14
-3.00413e-15 , 7.39873e-15 , -1.26017 , -5.35836 , -3.54487e-15 , 2.49502e-15 , -6.00825e-15 , 1.47975e-14 , -2.52035 , -10.7167 , -7.08974e-15 , 4.99004e-15 , 1.10183e-15 , 1.35665e-16 , 1.29342e-14 , 1.64139e-15 , -4.11635e-15 , 5.46931e-15 , 3.85639e-15 , 4.74826e-16 , 4.52696e-14 , 5.74485e-15 , -1.44072e-14 , 1.91426e-14
-7.40505e-15 , -6.47469e-15 , 1.40074 , 5.56048 , -4.25688e-15 , 1.12765e-15 , -1.48101e-14 , -1.29494e-14 , 2.80148 , 11.121 , -8.51377e-15 , 2.2553e-15 , -2.20307e-15 , 3.18184e-15 , -1.18826e-15 , 4.38851e-15 , -3.10778e-15 , -8.75805e-16 , -7.71075e-15 , 1.11364e-14 , -4.1589e-15 , 1.53598e-14 , -1.08772e-14 , -3.06532e-15
-7.01989e-15 , 4.91755e-15 , -1.36387 , -5.49617 , -1.46703e-14 , 4.04723e-15 , -1.40398e-14 , 9.83511e-15 , -2.72773 , -10.9923 , -2.93407e-14 , 8.09445e-15 , 7.94532e-16 , 3.77767e-17 , -1.9497e-15 , -4.1761e-15 , -6.22047e-15 , 2.17694e-15 , 2.78086e-15 , 1.32218e-16 , -6.82395e-15 , -1.46164e-14 , -2.17716e-14 , 7.61928e-15
-8.24748e-15 , 1.50933e-15 , 1.35621 , 5.47625 , -7.61671e-15 , -5.86407e-15 , -1.6495e-14 , 3.01866e-15 , 2.71242 , 10.9525 , -1.52334e-14 , -1.17281e-14 , -3.37499e-16 , -1.50117e-15 , -3.89833e-15 , -5.31151e-15 , -4.29968e-15 , 1.11753e-15 , -1.18125e-15 , -5.2541e-15 , -1.36441e-14 , -1.85903e-14 , -1.50489e-14 , 3.91134e-15
-8.45309e-15 , 4.24855e-15 , -1.30015 , -5.32572 , -1.39432e-15 , 2.95985e-15 , -1.69062e-14 , 8.4971e-15 , -2.6003 , -10.6514 , -2.78865e-15 , 5.9197e-15 , 4.49494e-15 , -4.74337e-15 , -2.36174e-15 , -2.35873e-15 , -2.60758e-15 , 1.11881e-15 , 1.57323e-14 , -1.66018e-14 , -8.2661e-15 , -8.25555e-15 , -9.12653e-15 , 3.91585e-15
-9.58775e-15 , -3.53903e-16 , 1.36545 , 5.59018 , -6.71261e-15 , -7.85217e-15 , -1.91755e-14 , -7.07807e-16 , 2.7309 , 11.1804 , -1.34252e-14 , -1.57043e-14 , 8.47069e-16 , -3.7191e-16 , 2.1031e-15 , 4.79651e-17 , 2.56783e-15 , 2.50656e-15 , 2.96474e-15 , -1.30169e-15 , 7.36084e-15 , 1.67878e-16 , 8.98742e-15 , 8.77298e-15
-5.74557e-16 , -7.70851e-16 , -1.33857 , -5.48919 , 2.25468e-15 , -1.31569e-15 , -1.14911e-15 , -1.5417e-15 , -2.67715 , -10.9784 , 4.50936e-15 , -2.63138e-15 , 4.32494e-15 , 1.53182e-15 , 5.55717e-17 , -1.06249e-14 , -5.62785e-15 , 2.5545e-15 , 1.51373e-14 , 5.36139e-15 , 1.94501e-16 , -3.71873e-14 , -1.96975e-14 , 8.94074e-15
-1.19668e-14 , -1.41902e-15 , 1.37767 , 5.4831 , -3.03727e-15 , -2.35676e-15 , -2.39336e-14 , -2.83805e-15 , 2.75535 , 10.9662 , -6.07454e-15 , -4.71353e-15 , 3.90589e-16 , 3.12529e-15 , -3.05996e-16 , -2.20579e-15 , -4.27119e-15 , 6.11655e-16 , 1.36706e-15 , 1.09385e-14 , -1.07098e-15 , -7.72027e-15 , -1.49492e-14 , 2.14079e-15
-6.10781e-15 , 8.6397e-15 , -1.2526 , -5.42934 , 4.36483e-15 , -3.77419e-15 , -1.22156e-14 , 1.72794e-14 , -2.50519 , -10.8587 , 8.72967e-15 , -7.54837e-15 , 5.97838e-15 , -1.07819e-15 , -2.90389e-15 , 2.2813e-15 , -3.34941e-15 , -5.10764e-16 , 2.09243e-14 , -3.77367e-15 , -1.01636e-14 , 7.98456e-15 , -1.1723e-14 , -1.78767e-15
-1.11096e-15 , -5.32306e-15 , 1.34191 , 5.49878 , -9.10561e-15 , -1.06813e-14 , -2.22193e-15 , -1.06461e-14 , 2.68382 , 10.9976 , -1.82112e-14 , -2.13626e-14 , -3.91523e-16 , 1.56999e-15 , -9.80247e-15 , -4.25995e-15 , -2.5339e-15 , -6.31554e-16 , -1.37033e-15 , 5.49496e-15 , -3.43087e-14 , -1.49098e-14 , -8.86866e-15 , -2.21044e-15
-5.46791e-15 , -3.80087e-15 , -1.32207 , -5.44079 , 1.13747e-15 , -1.43502e-15 , -1.09358e-14 , -7.60175e-15 , -2.64415 , -10.8816 , 2.27494e-15 , -2.87004e-15 , 3.67764e-15 , 3.27927e-16 , -7.45147e-15 , -1.95091e-15 , -5.13757e-15 , -2.15731e-15 , 1.28717e-14 , 1.14774e-15 , -2.60801e-14 , -6.82818e-15 , -1.79815e-14 , -7.5506e-15
-2.70437e-15 , 2.68054e-15 , 1.39599 , 5.46174 , -3.32812e-15 , -1.30717e-14 , -5.40874e-15 , 5.36109e-15 , 2.79198 , 10.9235 , -6.65623e-15 , -2.61434e-14 , -2.24322e-15 , -2.59567e-17 , -9.37508e-15 , -1.61045e-15 , -4.25024e-15 , 1.21339e-15 , -7.85126e-15 , -9.08485e-17 , -3.28128e-14 , -5.63659e-15 , -1.48758e-14 , 4.24686e-15
-8.70683e-15 , 4.48156e-15 , -1.34388 , -5.38554 , 1.48688e-16 , -4.9165e-15 , -1.74137e-14 , 8.96311e-15 , -2.68776 , -10.7711 , 2.97375e-16 , -9.833e-15 , 4.66098e-15 , -1.53318e-15 , -7.50685e-15 , -3.23366e-15 , -5.30567e-15 , 9.6052e-16 , 1.63134e-14 , -5.36614e-15 , -2.6274e-14 , -1.13178e-14 , -1.85698e-14 , 3.36182e-15
-6.42621e-15 , -1.46255e-14 , 1.34763 , 5.49545 , -2.31769e-15 , -7.58834e-15 , -1.28524e-14 , -2.92509e-14 , 2.69526 , 10.9909 , -4.63538e-15 , -1.51767e-14 , -8.72033e-17 , 5.48797e-15 , 6.14525e-15 , 2.05021e-15 , -1.52683e-15 , 4.74019e-16 , -3.05211e-16 , 1.92079e-14 , 2.15084e-14 , 7.17574e-15 , -5.34389e-15 , 1.65907e-15
1.96941e-15 , -2.54471e-15 , -1.31044 , -5.44779 , -6.5416e-15 , -8.15292e-15 , 3.93882e-15 , -5.08941e-15 , -2.62089 , -10.8956 , -1.30832e-14 , -1.63058e-14 , 3.73315e-15 , -8.92714e-16 , -3.2244e-15 , -8.23983e-15 , -1.16902e-15 , -1.78306e-15 , 1.3066e-14 , -3.1245e-15 , -1.12854e-14 , -2.88394e-14 , -4.09157e-15 , -6.24072e-15
-7.07806e-15 , -6.29361e-15 , 1.34586 , 5.4446 , -7.97583e-16 , -5.78135e-15 , -1.41561e-14 , -1.25872e-14 , 2.69173 , 10.8892 , -1.59517e-15 , -1.15627e-14 , 3.91654e-15 , -1.42961e-15 , 2.81592e-15 , 2.79722e-15 , 2.31543e-15 , 1.71772e-15 , 1.37079e-14 , -5.00364e-15 , 9.8557e-15 , 9.79027e-15 , 8.10399e-15 , 6.012e-15
5.44631e-15 , -1.15773e-15 , -1.34381 , -5.36728 , -1.0242e-14 , -3.56183e-15 , 1.08926e-14 , -2.31546e-15 , -2.68762 , -10.7346 , -2.04841e-14 , -7.12366e-15 , 4.6134e-15 , -6.19743e-16 , -8.73569e-15 , 5.23299e-16 , -7.0032e-15 , -4.35987e-16 , 1.61469e-14 , -2.1691e-15 , -3.05749e-14 , 1.83155e-15 , -2.45112e-14 , -1.52596e-15
-3.58841e-15 , -8.8349e-15 , 1.34014 , 5.47809 , 8.62346e-18 , -1.60589e-14 , -7.17681e-15 , -1.76698e-14 , 2.68028 , 10.9562 , 1.72469e-17 , -3.21178e-14 , 4.86618e-15 , 5.00881e-15 , -9.91373e-18 , 8.47855e-15 , -6.78797e-16 , -2.38435e-15 , 1.70316e-14 , 1.75309e-14 , -3.46981e-17 , 2.96749e-14 , -2.37579e-15 , -8.34521e-15
3.29933e-15 , -2.17279e-15 , -1.33167 , -5.42385 , -2.81688e-15 , -3.87396e-16 , 6.59866e-15 , -4.34558e-15 , -2.66333 , -10.8477 , -5.63375e-15 , -7.74792e-16 , 8.57501e-15 , 2.77598e-15 , 1.85853e-15 , 6.81785e-15 , -7.28588e-15 , 2.85707e-15 , 3.00126e-14 , 9.71592e-15 , 6.50486e-15 , 2.38625e-14 , -2.55006e-14 , 9.99973e-15
1.53464e-15 , 4.54351e-16 , 1.36851 , 5.46886 , -2.10213e-15 , -6.24543e-15 , 3.06929e-15 , 9.08701e-16 , 2.73702 , 10.9377 , -4.20425e-15 , -1.24909e-14 , 4.96481e-15 , 8.02358e-16 , 8.62728e-15 , -3.94358e-15 , -8.09445e-16 , 5.58578e-15 , 1.73768e-14 , 2.80825e-15 , 3.01955e-14 , -1.38025e-14 , -2.83306e-15 , 1.95502e-14
-1.64619e-16 , -1.43572e-15 , -1.31336 , -5.37344 , -4.81118e-16 , -7.02614e-15 , -3.29238e-16 , -2.87144e-15 , -2.62672 , -10.7469 , -9.62236e-16 , -1.40523e-14 , 8.08929e-15 , -1.91886e-16 , 1.2218e-15 , -3.30359e-15 , -3.83738e-15 , 6.3924e-16 , 2.83125e-14 , -6.71601e-16 , 4.2763e-15 , -1.15626e-14 , -1.34308e-14 , 2.23734e-15
-4.61171e-15 , -1.30031e-14 , 1.30819 , 5.47036 , -7.53105e-15 , -1.13046e-14 , -9.22342e-15 , -2.60061e-14 , 2.61639 , 10.9407 , -1.50621e-14 , -2.26092e-14 , 5.42178e-15 , 7.99502e-15 , 2.0416e-15 , -6.04728e-15 , -9.18179e-16 , -2.40445e-15 , 1.89762e-14 , 2.79826e-14 , 7.14559e-15 , -2.11655e-14 , -3.21362e-15 , -8.41558e-15
-7.98355e-15 , -4.80588e-15 , -1.32747 , -5.35013 , -3.05874e-15 , -1.43241e-14 , -1.59671e-14 , -9.61177e-15 , -2.65493 , -10.7003 , -6.11748e-15 , -2.86482e-14 , 7.00682e-15 , -8.5455e-16 , 6.13956e-15 , 6.76251e-16 , -5.56204e-16 , 5.31868e-15 , 2.45239e-14 , -2.99093e-15 , 2.14884e-14 , 2.36688e-15 , -1.94671e-15 , 1.86154e-14
-1.11739e-14 , -4.57026e-15 , 1.35585 , 5.52213 , -2.99952e-15 , -2.51343e-15 , -2.23477e-14 , -9.14052e-15 , 2.71169 , 11.0443 , -5.99903e-15 , -5.02686e-15 , 7.70741e-16 , 6.2479e-15 , 5.3964e-15 , -1.58278e-15 , -6.47158e-15 , -2.27628e-15 , 2.69759e-15 , 2.18677e-14 , 1.88874e-14 , -5.53973e-15 , -2.26505e-14 , -7.96699e-15
-1.25492e-14 , 6.26571e-15 , -1.35741 , -5.3912 , 1.29828e-15 , -1.11546e-14 , -2.50985e-14 , 1.25314e-14 , -2.71482 , -10.7824 , 2.59657e-15 , -2.23092e-14 , 2.58972e-15 , 8.5174e-17 , -3.85262e-15 , -1.1772e-14 , -5.06633e-15 , 2.25636e-15 , 9.06403e-15 , 2.98109e-16 , -1.34842e-14 , -4.12022e-14 , -1.77321e-14 , 7.89727e-15
-1.13419e-14 , -4.13146e-15 , 1.32803 , 5.42287 , -4.02577e-15 , -1.12035e-14 , -2.26839e-14 , -8.26292e-15 , 2.65606 , 10.8457 , -8.05155e-15 , -2.24071e-14 , -4.66364e-16 , 4.69756e-15 , 3.71532e-15 , 6.66435e-15 , -1.67906e-16 , 2.97053e-15 , -1.63227e-15 , 1.64414e-14 , 1.30036e-14 , 2.33252e-14 , -5.87671e-16 , 1.03968e-14
-5.02397e-16 , 8.65824e-16 , -1.32636 , -5.39017 , -5.29537e-15 , -1.01484e-14 , -1.00479e-15 , 1.73165e-15 , -2.65271 , -10.7803 , -1.05907e-14 , -2.02967e-14 , 3.20629e-15 , 1.81841e-15 , -4.77318e-15 , 1.18491e-14 , -1.69217e-15 , -1.24771e-15 , 1.1222e-14 , 6.36444e-15 , -1.67061e-14 , 4.14719e-14 , -5.92259e-15 , -4.36698e-15
-4.99352e-15 , -6.83638e-15 , 1.34277 , 5.54296 , 3.58625e-15 , -2.00153e-14 , -9.98705e-15 , -1.36728e-14 , 2.68553 , 11.0859 , 7.17249e-15 , -4.00306e-14 , 1.27034e-15 , 3.29937e-15 , -1.49603e-15 , -5.81698e-15 , -3.20134e-15 , -4.60956e-16 , 4.4462e-15 , 1.15478e-14 , -5.23612e-15 , -2.03594e-14 , -1.12047e-14 , -1.61335e-15
-2.00915e-15 , 1.60606e-15 , -1.34153 , -5.42898 , -4.62724e-15 , -6.53043e-15 , -4.01831e-15 , 3.21212e-15 , -2.68305 , -10.858 , -9.25447e-15 , -1.30609e-14 , 6.57463e-15 , 2.90367e-16 , 2.28369e-16 , 1.68803e-15 , -6.64833e-15 , 1.65685e-15 , 2.30112e-14 , 1.01628e-15 , 7.99291e-16 , 5.9081e-15 , -2.32691e-14 , 5.79897e-15
-5.415e-15 , -2.73219e-15 , 1.36481 , 5.46266 , 8.1692e-15 , -1.51043e-14 , -1.083e-14 , -5.46439e-15 , 2.72961 , 10.9253 , 1.63384e-14 , -3.02086e-14 , -1.47151e-15 , 6.10547e-16 , -6.05502e-15 , -2.6178e-15 , -1.27095e-15 , 7.16335e-16 , -5.15029e-15 , 2.13692e-15 , -2.11926e-14 , -9.16231e-15 , -4.44834e-15 , 2.50717e-15
-2.64738e-15 , -2.02041e-15 , -1.36308 , -5.49268 , 5.57747e-15 , -9.64741e-15 , -5.29477e-15 , -4.04083e-15 , -2.72616 , -10.9854 , 1.11549e-14 , -1.92948e-14 , 4.02508e-15 , -2.62892e-15 , -9.00048e-15 , 4.792e-15 , -4.587e-15 , 6.07947e-15 , 1.40878e-14 , -9.20124e-15 , -3.15017e-14 , 1.6772e-14 , -1.60545e-14 , 2.12781e-14
3.90709e-15 , -1.33146e-14 , 1.3249 , 5.47191 , 1.05205e-15 , -7.78803e-15 , 7.81418e-15 , -2.66292e-14 , 2.6498 , 10.9438 , 2.10409e-15 , -1.55761e-14 , 2.03759e-15 , 7.20083e-16 , -7.26175e-16 , 2.95209e-15 , -2.39514e-15 , 1.69716e-15 , 7.13155e-15 , 2.52029e-15 , -2.54161e-15 , 1.03323e-14 , -8.38299e-15 , 5.94004e-15
-5.42789e-15 , -2.02099e-15 , -1.36909 , -5.46681 , -5.21726e-15 , -1.48929e-14 , -1.08558e-14 , -4.04199e-15 , -2.73818 , -10.9336 , -1.04345e-14 , -2.97859e-14 , 3.18052e-15 , -1.59652e-15 , -3.69148e-15 , 1.40157e-16 , -9.21439e-15 , 9.00013e-15 , 1.11318e-14 , -5.58781e-15 , -1.29202e-14 , 4.90551e-16 , -3.22504e-14 , 3.15005e-14
-1.5094e-14 , -1.78749e-15 , 1.35892 , 5.52593 , -8.40186e-15 , -6.71949e-15 , -3.01879e-14 , -3.57498e-15 , 2.71783 , 11.0519 , -1.68037e-14 , -1.3439e-14 , -2.66996e-15 , -6.01281e-16 , -4.83419e-15 , 6.57458e-15 , -1.68673e-15 , -9.86664e-18 , -9.34486e-15 , -2.10448e-15 , -1.69197e-14 , 2.3011e-14 , -5.90355e-15 , -3.45332e-17
