-5.37759e-18 , 8.2435e-19 , -0.00577679 , 0.00305571 , -8.23267e-19 , 5.08115e-18 , -1.07552e-17 , 1.6487e-18 , -0.0115536 , 0.00611142 , -1.64653e-18 , 1.01623e-17 , -6.59763e-18 , 1.05596e-17 , 1.10474e-17 , -3.29874e-18 , 7.92742e-18 , 1.37477e-18 , -2.30917e-17 , 3.69586e-17 , 3.86661e-17 , -1.15456e-17 , 2.7746e-17 , 4.81169e-18
-8.00349e-18 , 6.34452e-18 , -0.0093173 , 0.0102158 , -9.39192e-19 , 6.20379e-18 , -1.6007e-17 , 1.2689e-17 , -0.0186346 , 0.0204316 , -1.87838e-18 , 1.24076e-17 , -2.77071e-19 , 8.39289e-19 , 5.99349e-18 , 4.44969e-18 , 4.08345e-18 , 6.11144e-18 , -9.69747e-19 , 2.93751e-18 , 2.09772e-17 , 1.55739e-17 , 1.42921e-17 , 2.139e-17
4.15921e-19 , -6.39664e-18 , -0.00226725 , -0.00223569 , -5.94649e-18 , -3.93266e-18 , 8.31841e-19 , -1.27933e-17 , -0.00453451 , -0.00447137 , -1.1893e-17 , -7.86532e-18 , -2.1161e-18 , 1.6505e-18 , -1.79246e-18 , 1.04575e-17 , 4.36544e-18 , -1.88801e-18 , -7.40635e-18 , 5.77676e-18 , -6.27362e-18 , 3.66012e-17 , 1.5279e-17 , -6.60803e-18
-3.65625e-19 , 3.15303e-18 , 0.0019148 , -0.00171937 , -7.91943e-18 , 3.37351e-19 , -7.31249e-19 , 6.30607e-18 , 0.00382959 , -0.00343874 , -1.58389e-17 , 6.74701e-19 , -3.01299e-18 , 7.20704e-19 , -1.75393e-18 , 9.96885e-18 , 3.34553e-18 , -2.78641e-18 , -1.05455e-17 , 2.52246e-18 , -6.13874e-18 , 3.4891e-17 , 1.17094e-17 , -9.75243e-18
-1.74228e-17 , 3.22931e-18 , -0.00162739 , 0.00300643 , -2.13429e-17 , 4.39445e-18 , -3.48455e-17 , 6.45862e-18 , -0.00325478 , 0.00601287 , -4.26858e-17 , 8.78891e-18 , -4.64752e-18 , -7.96005e-18 , 2.10241e-18 , -1.98384e-18 , 9.82971e-19 , 6.21976e-18 , -1.62663e-17 , -2.78602e-17 , 7.35843e-18 , -6.94344e-18 , 3.4404e-18 , 2.17691e-17
2.2084e-17 , -1.25547e-17 , 0.00711513 , -0.00617314 , 3.75508e-18 , 9.09491e-18 , 4.41679e-17 , -2.51095e-17 , 0.0142303 , -0.0123463 , 7.51015e-18 , 1.81898e-17 , -5.39557e-18 , 1.11108e-17 , -2.51165e-17 , -1.96992e-18 , -3.075e-18 , -4.69217e-18 , -1.88845e-17 , 3.88877e-17 , -8.79077e-17 , -6.89472e-18 , -1.07625e-17 , -1.64226e-17
4.60572e-19 , 5.7923e-19 , -0.00597836 , 0.00413627 , 1.02959e-17 , 4.39068e-18 , 9.21144e-19 , 1.15846e-18 , -0.0119567 , 0.00827254 , 2.05918e-17 , 8.78136e-18 , 1.1261e-17 , -1.85742e-19 , -1.86858e-18 , 8.80073e-18 , 6.22599e-18 , 2.5803e-18 , 3.94134e-17 , -6.50098e-19 , -6.54003e-18 , 3.08025e-17 , 2.17909e-17 , 9.03106e-18
7.1765e-18 , 3.06204e-18 , 0.00746969 , -0.00482174 , 7.36491e-18 , -1.10919e-18 , 1.4353e-17 , 6.12408e-18 , 0.0149394 , -0.00964348 , 1.47298e-17 , -2.21838e-18 , 1.79453e-18 , -2.60366e-18 , 1.37519e-17 , -1.45006e-17 , -4.53825e-18 , -2.31995e-19 , 6.28086e-18 , -9.1128e-18 , 4.81317e-17 , -5.0752e-17 , -1.58839e-17 , -8.11982e-19
-1.71158e-17 , 1.86186e-18 , 0.0019761 , -0.00261357 , -2.33795e-17 , 5.20892e-19 , -3.42316e-17 , 3.72371e-18 , 0.0039522 , -0.00522714 , -4.67589e-17 , 1.04178e-18 , -1.66364e-17 , -8.49996e-18 , 9.70933e-18 , 4.70599e-18 , 1.38206e-17 , 2.71776e-20 , -5.82274e-17 , -2.97499e-17 , 3.39827e-17 , 1.6471e-17 , 4.8372e-17 , 9.51216e-20
-1.76619e-17 , 1.54858e-17 , -0.000185955 , 0.00100082 , -1.72858e-17 , -2.68129e-18 , -3.53238e-17 , 3.09715e-17 , -0.00037191 , 0.00200163 , -3.45716e-17 , -5.36259e-18 , 4.61898e-18 , -4.79534e-18 , 1.50937e-17 , 1.95112e-17 , 2.83746e-18 , 8.49372e-18 , 1.61664e-17 , -1.67837e-17 , 5.2828e-17 , 6.82892e-17 , 9.93112e-18 , 2.9728e-17
-1.32032e-17 , -1.70099e-17 , 0.00384083 , -0.00312312 , 8.36518e-18 , 4.75337e-18 , -2.64063e-17 , -3.40198e-17 , 0.00768166 , -0.00624623 , 1.67304e-17 , 9.50675e-18 , -3.13089e-18 , 1.23263e-18 , 1.76947e-18 , -2.63925e-18 , 2.29632e-18 , -7.07865e-18 , -1.09581e-17 , 4.3142e-18 , 6.19315e-18 , -9.23737e-18 , 8.03713e-18 , -2.47753e-17
-2.96238e-18 , 1.45416e-17 , 0.00372594 , -0.00420414 , -3.05369e-18 , 1.72579e-18 , -5.92476e-18 , 2.90832e-17 , 0.00745189 , -0.00840828 , -6.10739e-18 , 3.45157e-18 , -1.13498e-17 , -1.43239e-20 , 2.4012e-17 , -9.62453e-18 , 3.24569e-18 , 3.201e-18 , -3.97244e-17 , -5.01338e-20 , 8.40421e-17 , -3.36859e-17 , 1.13599e-17 , 1.12035e-17
1.11804e-17 , -1.12741e-17 , 0.00102902 , -0.0028199 , -1.37925e-18 , 1.62631e-17 , 2.23609e-17 , -2.25482e-17 , 0.00205803 , -0.00563981 , -2.7585e-18 , 3.25263e-17 , 8.76599e-18 , -1.04798e-17 , 1.4189e-17 , 1.48973e-17 , 4.94749e-18 , 5.79586e-18 , 3.0681e-17 , -3.66792e-17 , 4.96617e-17 , 5.21407e-17 , 1.73162e-17 , 2.02855e-17
-1.90427e-17 , -1.3274e-17 , 0.00919735 , -0.007899 , -1.00034e-17 , 8.51685e-18 , -3.80854e-17 , -2.65481e-17 , 0.0183947 , -0.015798 , -2.00069e-17 , 1.70337e-17 , -1.89574e-18 , -7.30425e-18 , -3.92179e-20 , 1.64855e-17 , -6.9457e-18 , -2.92957e-18 , -6.63507e-18 , -2.55649e-17 , -1.37263e-19 , 5.76994e-17 , -2.43099e-17 , -1.02535e-17
5.46846e-18 , -1.45394e-17 , -0.000231545 , -5.41046e-05 , 6.54843e-18 , 2.46878e-18 , 1.09369e-17 , -2.90787e-17 , -0.00046309 , -0.000108209 , 1.30969e-17 , 4.93757e-18 , -1.12286e-17 , -5.54242e-18 , 1.31271e-18 , -5.71128e-18 , 8.81658e-18 , 1.08586e-17 , -3.93001e-17 , -1.93985e-17 , 4.59449e-18 , -1.99895e-17 , 3.0858e-17 , 3.80051e-17
2.28811e-17 , -7.13609e-18 , -0.000630217 , 0.000605156 , 1.19283e-17 , -1.40072e-17 , 4.57622e-17 , -1.42722e-17 , -0.00126043 , 0.00121031 , 2.38566e-17 , -2.80144e-17 , -1.04849e-17 , -1.98259e-18 , 1.09547e-17 , 2.87512e-17 , -1.11472e-17 , 8.64436e-18 , -3.66971e-17 , -6.93905e-18 , 3.83414e-17 , 1.00629e-16 , -3.90152e-17 , 3.02552e-17
1.62121e-17 , -1.89739e-18 , 0.00712676 , -0.00627852 , -3.51592e-18 , 1.40716e-17 , 3.24242e-17 , -3.79478e-18 , 0.0142535 , -0.012557 , -7.03184e-18 , 2.81431e-17 , -1.58377e-17 , -7.17296e-18 , 1.34284e-17 , -2.85992e-17 , 4.27521e-18 , 1.53945e-17 , -5.54318e-17 , -2.51054e-17 , 4.69993e-17 , -1.00097e-16 , 1.49632e-17 , 5.38809e-17
-2.46081e-17 , -2.67814e-17 , 0.00246852 , -0.00348499 , -7.58438e-18 , 5.59182e-18 , -4.92162e-17 , -5.35628e-17 , 0.00493704 , -0.00696998 , -1.51688e-17 , 1.11836e-17 , -2.00777e-17 , -1.49903e-17 , 2.75328e-17 , -7.63644e-18 , -1.58621e-17 , 1.53548e-17 , -7.02718e-17 , -5.2466e-17 , 9.6365e-17 , -2.67275e-17 , -5.55173e-17 , 5.37419e-17
-3.3646e-18 , -1.58675e-19 , 0.00132188 , -0.00106808 , 2.72871e-19 , -4.20145e-18 , -6.7292e-18 , -3.17351e-19 , 0.00264376 , -0.00213615 , 5.45742e-19 , -8.4029e-18 , -2.16916e-19 , -1.49251e-17 , -1.25843e-17 , -8.35498e-18 , 6.84117e-18 , 1.12261e-17 , -7.59206e-19 , -5.22377e-17 , -4.40451e-17 , -2.92424e-17 , 2.39441e-17 , 3.92914e-17
-3.35342e-17 , -1.81085e-17 , -0.00148435 , 0.000530686 , 7.67677e-18 , 5.60389e-18 , -6.70684e-17 , -3.6217e-17 , -0.0029687 , 0.00106137 , 1.53535e-17 , 1.12078e-17 , 1.84307e-18 , -1.07218e-17 , 1.71063e-17 , -1.74367e-17 , -1.4495e-17 , 5.46408e-19 , 6.45074e-18 , -3.75265e-17 , 5.9872e-17 , -6.10283e-17 , -5.07325e-17 , 1.91243e-18
1.42371e-17 , 8.62271e-18 , 0.000121302 , -1.87719e-05 , -1.69205e-17 , 5.54435e-18 , 2.84741e-17 , 1.72454e-17 , 0.000242604 , -3.75438e-05 , -3.3841e-17 , 1.10887e-17 , 1.54767e-17 , 6.92324e-18 , -2.65191e-17 , 3.09897e-17 , -1.05757e-17 , 1.14866e-17 , 5.41686e-17 , 2.42313e-17 , -9.2817e-17 , 1.08464e-16 , -3.70149e-17 , 4.02031e-17
2.03287e-17 , -2.3924e-17 , -0.00144641 , 0.0020657 , -8.82261e-19 , 1.94204e-17 , 4.06574e-17 , -4.78479e-17 , -0.00289283 , 0.00413139 , -1.76452e-18 , 3.88408e-17 , -4.27555e-19 , 2.93179e-19 , -7.59883e-18 , -1.07057e-17 , -5.92434e-18 , 1.51058e-17 , -1.49644e-18 , 1.02613e-18 , -2.65959e-17 , -3.74701e-17 , -2.07352e-17 , 5.28702e-17
5.51511e-18 , -5.28575e-18 , -0.000176328 , 0.00121009 , -9.31051e-18 , -1.82921e-17 , 1.10302e-17 , -1.05715e-17 , -0.000352656 , 0.00242018 , -1.8621e-17 , -3.65843e-17 , -1.2921e-17 , -1.15275e-17 , -2.8351e-17 , -2.60098e-18 , 9.29369e-18 , -1.20608e-18 , -4.52237e-17 , -4.03463e-17 , -9.92286e-17 , -9.10344e-18 , 3.25279e-17 , -4.22128e-18
8.65973e-18 , -1.21315e-17 , -0.00321293 , 0.00441021 , -2.27734e-18 , 6.94554e-18 , 1.73195e-17 , -2.42629e-17 , -0.00642587 , 0.00882041 , -4.55469e-18 , 1.38911e-17 , 6.5935e-18 , -6.97545e-18 , -2.60197e-17 , 2.33325e-17 , 2.16704e-17 , 5.03461e-18 , 2.30773e-17 , -2.44141e-17 , -9.10691e-17 , 8.16636e-17 , 7.58465e-17 , 1.76211e-17
3.3043e-17 , -4.66755e-18 , 0.00488368 , -0.00390492 , -6.8361e-18 , 6.6646e-18 , 6.6086e-17 , -9.33511e-18 , 0.00976736 , -0.00780984 , -1.36722e-17 , 1.33292e-17 , -2.07503e-18 , -2.97528e-18 , -1.44e-17 , -4.7557e-19 , 5.92583e-19 , 1.31524e-17 , -7.26262e-18 , -1.04135e-17 , -5.04002e-17 , -1.6645e-18 , 2.07404e-18 , 4.60335e-17
7.68655e-18 , 5.57385e-18 , -0.00133426 , 0.00137936 , -1.8498e-18 , 2.25136e-17 , 1.53731e-17 , 1.11477e-17 , -0.00266852 , 0.00275872 , -3.6996e-18 , 4.50272e-17 , 3.73271e-18 , 3.09347e-18 , -5.56862e-18 , 1.96748e-17 , -2.50013e-18 , 5.43054e-18 , 1.30645e-17 , 1.08271e-17 , -1.94902e-17 , 6.88619e-17 , -8.75046e-18 , 1.90069e-17
2.28119e-17 , 9.42818e-18 , -0.000612794 , -0.000679696 , 8.51787e-18 , 2.78504e-17 , 4.56239e-17 , 1.88564e-17 , -0.00122559 , -0.00135939 , 1.70357e-17 , 5.57009e-17 , 8.44159e-20 , -9.5825e-18 , -1.62369e-17 , -1.71344e-18 , -1.84103e-17 , -9.87934e-18 , 2.95456e-19 , -3.35387e-17 , -5.68293e-17 , -5.99705e-18 , -6.44359e-17 , -3.45777e-17
2.13998e-17 , -1.68476e-17 , -0.00114287 , 0.000722012 , 1.23136e-17 , 8.1611e-18 , 4.27997e-17 , -3.36952e-17 , -0.00228574 , 0.00144402 , 2.46273e-17 , 1.63222e-17 , 4.56601e-18 , -1.4037e-17 , 7.78912e-18 , -9.44911e-18 , -1.05912e-17 , 7.88407e-18 , 1.5981e-17 , -4.91293e-17 , 2.72619e-17 , -3.30719e-17 , -3.70691e-17 , 2.75942e-17
-1.92059e-18 , 5.85015e-18 , -0.000887621 , 0.00153577 , -2.38643e-17 , -7.34931e-18 , -3.84119e-18 , 1.17003e-17 , -0.00177524 , 0.00307155 , -4.77285e-17 , -1.46986e-17 , 1.25996e-20 , -9.18471e-19 , -1.55393e-17 , 4.87013e-18 , -8.0466e-18 , -3.10511e-18 , 4.40987e-20 , -3.21465e-18 , -5.43874e-17 , 1.70454e-17 , -2.81631e-17 , -1.08679e-17
5.66831e-18 , -3.39216e-18 , 0.000631307 , -0.000478864 , 1.14504e-17 , 1.78728e-17 , 1.13366e-17 , -6.78431e-18 , 0.00126261 , -0.000957729 , 2.29008e-17 , 3.57456e-17 , -2.52982e-17 , -4.45132e-18 , 2.92638e-17 , -1.69829e-17 , -1.23533e-18 , 1.81689e-17 , -8.85437e-17 , -1.55796e-17 , 1.02423e-16 , -5.944e-17 , -4.32367e-18 , 6.35913e-17
5.22028e-18 , -1.70606e-17 , 0.00408891 , -0.00422914 , 8.63202e-18 , 1.24027e-17 , 1.04406e-17 , -3.41212e-17 , 0.00817782 , -0.00845829 , 1.7264e-17 , 2.48055e-17 , -3.03368e-18 , -1.65171e-18 , 1.30547e-17 , -1.85534e-17 , 6.40883e-18 , 1.36941e-17 , -1.06179e-17 , -5.781e-18 , 4.56915e-17 , -6.4937e-17 , 2.24309e-17 , 4.79292e-17
7.06013e-18 , -1.71093e-17 , 0.00277078 , -0.00363675 , -3.47748e-18 , 1.23907e-17 , 1.41203e-17 , -3.42185e-17 , 0.00554155 , -0.0072735 , -6.95495e-18 , 2.47814e-17 , 2.14632e-19 , -4.32174e-18 , 6.15136e-18 , 1.60184e-17 , 1.72299e-17 , 1.4756e-17 , 7.51212e-19 , -1.51261e-17 , 2.15298e-17 , 5.60645e-17 , 6.03045e-17 , 5.16459e-17
-8.82498e-18 , -7.65679e-18 , -0.000595924 , -0.000135393 , -2.40511e-17 , -1.4921e-17 , -1.765e-17 , -1.53136e-17 , -0.00119185 , -0.000270786 , -4.81022e-17 , -2.9842e-17 , 2.88717e-19 , -2.43304e-17 , -1.32837e-17 , 5.63197e-18 , 4.13447e-18 , 2.39324e-18 , 1.01051e-18 , -8.51562e-17 , -4.6493e-17 , 1.97119e-17 , 1.44707e-17 , 8.37634e-18
8.97495e-18 , -2.6583e-17 , -0.00236033 , 0.00209028 , -2.58016e-18 , 2.69326e-17 , 1.79499e-17 , -5.3166e-17 , -0.00472066 , 0.00418056 , -5.16031e-18 , 5.38651e-17 , -2.2055e-17 , -1.08122e-17 , 5.32104e-18 , -1.07889e-17 , -8.08331e-18 , -5.10503e-18 , -7.71925e-17 , -3.78428e-17 , 1.86236e-17 , -3.77613e-17 , -2.82916e-17 , -1.78676e-17
2.38593e-17 , -1.21405e-18 , -0.00299427 , 0.00423021 , -9.57349e-18 , -1.32791e-17 , 4.77185e-17 , -2.42811e-18 , -0.00598855 , 0.00846041 , -1.9147e-17 , -2.65582e-17 , -2.62552e-18 , 9.04969e-19 , -7.23635e-18 , -1.06125e-17 , -5.07106e-18 , -6.79682e-18 , -9.18933e-18 , 3.16739e-18 , -2.53272e-17 , -3.71437e-17 , -1.77487e-17 , -2.37889e-17
1.0212e-17 , 3.20305e-18 , 0.0013867 , -0.00200728 , -1.20143e-17 , 1.80341e-17 , 2.04239e-17 , 6.4061e-18 , 0.00277341 , -0.00401456 , -2.40285e-17 , 3.60682e-17 , 1.19566e-17 , -4.44023e-18 , 1.31433e-17 , 3.83459e-18 , 9.7036e-18 , 1.97371e-18 , 4.1848e-17 , -1.55408e-17 , 4.60016e-17 , 1.34211e-17 , 3.39626e-17 , 6.908e-18
1.98811e-17 , -1.355e-17 , 0.000971571 , -0.000650236 , 9.22048e-18 , 3.3722e-17 , 3.97622e-17 , -2.71e-17 , 0.00194314 , -0.00130047 , 1.8441e-17 , 6.7444e-17 , -1.82704e-18 , -2.73199e-18 , 4.6766e-17 , -1.03869e-17 , -5.30316e-18 , 1.48906e-17 , -6.39465e-18 , -9.56198e-18 , 1.63681e-16 , -3.6354e-17 , -1.8561e-17 , 5.2117e-17
2.41527e-18 , 1.5006e-17 , -0.00143603 , 0.00119177 , -1.24176e-19 , 2.58636e-17 , 4.83054e-18 , 3.0012e-17 , -0.00287205 , 0.00238354 , -2.48351e-19 , 5.17273e-17 , -1.76745e-17 , -1.38957e-18 , 8.38982e-18 , 9.29351e-18 , 7.5711e-18 , 7.93465e-18 , -6.18609e-17 , -4.86349e-18 , 2.93644e-17 , 3.25273e-17 , 2.64989e-17 , 2.77713e-17
9.80051e-18 , -2.38682e-17 , -0.000962771 , 0.000701544 , 2.23808e-17 , 1.47062e-18 , 1.9601e-17 , -4.77365e-17 , -0.00192554 , 0.00140309 , 4.47616e-17 , 2.94125e-18 , 3.43691e-18 , 3.31026e-18 , 1.00062e-17 , -2.05622e-18 , 4.70703e-19 , 4.3739e-18 , 1.20292e-17 , 1.15859e-17 , 3.50218e-17 , -7.19678e-18 , 1.64746e-18 , 1.53087e-17
-1.397e-17 , -1.20321e-17 , -0.000575297 , -0.000302687 , 2.45554e-17 , -6.92877e-18 , -2.79401e-17 , -2.40642e-17 , -0.00115059 , -0.000605375 , 4.91108e-17 , -1.38575e-17 , 1.26037e-17 , -1.8798e-18 , 1.33407e-17 , -8.54908e-18 , -2.22584e-18 , 3.97196e-18 , 4.41128e-17 , -6.5793e-18 , 4.66924e-17 , -2.99218e-17 , -7.79042e-18 , 1.39019e-17
2.62249e-17 , -1.42216e-17 , -0.0020382 , 0.00198507 , 8.93933e-18 , -6.66139e-18 , 5.24498e-17 , -2.84432e-17 , -0.0040764 , 0.00397013 , 1.78787e-17 , -1.33228e-17 , -1.23067e-17 , 8.90414e-18 , -7.92504e-19 , 1.33295e-17 , -2.35272e-17 , 1.74956e-17 , -4.30733e-17 , 3.11645e-17 , -2.77376e-18 , 4.66534e-17 , -8.23451e-17 , 6.12346e-17
1.70018e-17 , -8.56197e-18 , -0.00177289 , 0.00235543 , 3.28206e-17 , 3.68701e-17 , 3.40035e-17 , -1.71239e-17 , -0.00354579 , 0.00471086 , 6.56412e-17 , 7.37402e-17 , 6.50799e-18 , 8.26167e-18 , 2.56011e-17 , 5.75557e-18 , 7.72353e-18 , -1.57006e-18 , 2.2778e-17 , 2.89158e-17 , 8.96038e-17 , 2.01445e-17 , 2.70324e-17 , -5.49521e-18
-6.47964e-18 , -1.41413e-17 , 0.00019373 , 0.000739229 , 1.60162e-17 , 9.32644e-18 , -1.29593e-17 , -2.82826e-17 , 0.000387459 , 0.00147846 , 3.20325e-17 , 1.86529e-17 , 8.53444e-19 , 2.66204e-17 , 1.56486e-17 , 9.33192e-18 , -1.67918e-18 , 1.02328e-17 , 2.98705e-18 , 9.31713e-17 , 5.47702e-17 , 3.26617e-17 , -5.87712e-18 , 3.58147e-17
2.01622e-17 , -2.77414e-17 , 0.000855317 , 0.000609931 , 7.26696e-18 , 1.38056e-17 , 4.03245e-17 , -5.54828e-17 , 0.00171063 , 0.00121986 , 1.45339e-17 , 2.76113e-17 , -7.01997e-18 , -9.67484e-19 , -9.89144e-18 , -5.89789e-18 , -3.4196e-18 , 1.70417e-17 , -2.45699e-17 , -3.38619e-18 , -3.46201e-17 , -2.06426e-17 , -1.19686e-17 , 5.96461e-17
4.1016e-18 , 3.4375e-18 , 0.00117704 , -0.00122213 , -3.91314e-17 , 1.62232e-17 , 8.2032e-18 , 6.875e-18 , 0.00235408 , -0.00244425 , -7.82629e-17 , 3.24463e-17 , -9.84028e-18 , 7.25648e-18 , 2.46525e-17 , -1.91178e-17 , -5.8044e-18 , 1.17154e-17 , -3.4441e-17 , 2.53977e-17 , 8.62839e-17 , -6.69124e-17 , -2.03154e-17 , 4.10038e-17
1.18848e-18 , -1.46652e-17 , 0.00111242 , -0.000723951 , -3.54219e-18 , 1.80714e-17 , 2.37696e-18 , -2.93304e-17 , 0.00222484 , -0.0014479 , -7.08438e-18 , 3.61427e-17 , 1.03824e-17 , -2.3349e-17 , 5.49725e-18 , 1.68525e-17 , 8.59968e-18 , -8.97214e-18 , 3.63384e-17 , -8.17215e-17 , 1.92404e-17 , 5.89838e-17 , 3.00989e-17 , -3.14025e-17
6.37789e-19 , -5.0795e-17 , -0.00317878 , 0.00213891 , -2.52269e-17 , 2.70137e-17 , 1.27558e-18 , -1.0159e-16 , -0.00635756 , 0.00427781 , -5.04537e-17 , 5.40274e-17 , -3.35663e-17 , 1.14971e-17 , -3.29068e-17 , 1.72394e-17 , -1.7489e-17 , -2.21066e-18 , -1.17482e-16 , 4.02397e-17 , -1.15174e-16 , 6.03379e-17 , -6.12115e-17 , -7.7373e-18
-1.39985e-17 , -6.96822e-18 , -0.00160467 , 0.00190436 , -5.45855e-19 , 3.3965e-17 , -2.7997e-17 , -1.39364e-17 , -0.00320934 , 0.00380873 , -1.09171e-18 , 6.79301e-17 , 1.01274e-17 , -1.3442e-17 , -4.43411e-17 , -3.60678e-17 , -2.21242e-17 , 1.21875e-17 , 3.5446e-17 , -4.70471e-17 , -1.55194e-16 , -1.26237e-16 , -7.74346e-17 , 4.26563e-17
1.92439e-17 , -1.21791e-17 , -0.00232801 , 0.00203606 , 9.38368e-18 , 1.90224e-17 , 3.84878e-17 , -2.43581e-17 , -0.00465603 , 0.00407211 , 1.87674e-17 , 3.80448e-17 , 2.34572e-17 , 3.06175e-18 , 1.6213e-17 , 1.8328e-17 , -1.51744e-17 , 3.22735e-18 , 8.21001e-17 , 1.07161e-17 , 5.67454e-17 , 6.41481e-17 , -5.31103e-17 , 1.12957e-17
2.1086e-17 , -5.20515e-18 , 0.00181007 , -0.00135902 , -1.71904e-17 , 3.37178e-17 , 4.21721e-17 , -1.04103e-17 , 0.00362015 , -0.00271804 , -3.43809e-17 , 6.74355e-17 , 7.33263e-18 , -2.0073e-17 , 6.1972e-18 , -5.52137e-18 , 1.21098e-18 , -1.80365e-17 , 2.56642e-17 , -7.02556e-17 , 2.16902e-17 , -1.93248e-17 , 4.23841e-18 , -6.31278e-17
4.14857e-20 , -4.16816e-18 , 0.00260691 , -0.00283658 , -4.87805e-17 , 5.96907e-18 , 8.29713e-20 , -8.33632e-18 , 0.00521382 , -0.00567316 , -9.75609e-17 , 1.19381e-17 , -6.87248e-18 , -3.60736e-18 , -1.33478e-17 , -1.74067e-17 , -7.99898e-18 , 1.11206e-17 , -2.40537e-17 , -1.26258e-17 , -4.67173e-17 , -6.09234e-17 , -2.79964e-17 , 3.89221e-17
2.34254e-17 , -1.47984e-17 , -0.000350584 , -4.91962e-05 , 2.58991e-18 , -1.38719e-17 , 4.68508e-17 , -2.95969e-17 , -0.000701169 , -9.83923e-05 , 5.17982e-18 , -2.77439e-17 , 4.91777e-18 , 3.9739e-18 , -2.81087e-17 , -2.80214e-17 , 1.82922e-18 , -4.62738e-18 , 1.72122e-17 , 1.39087e-17 , -9.83806e-17 , -9.80748e-17 , 6.40228e-18 , -1.61958e-17
1.93385e-17 , -1.96802e-17 , -0.0034408 , 0.00248456 , 1.26835e-17 , -2.22921e-17 , 3.86771e-17 , -3.93603e-17 , -0.0068816 , 0.00496912 , 2.5367e-17 , -4.45843e-17 , -6.95059e-18 , 5.3797e-18 , 3.18103e-17 , 1.70947e-17 , 5.11449e-18 , 2.47485e-18 , -2.43271e-17 , 1.8829e-17 , 1.11336e-16 , 5.98313e-17 , 1.79007e-17 , 8.66197e-18
5.56885e-20 , -1.86272e-17 , 0.00223612 , -0.00146863 , -8.27742e-18 , 2.21405e-17 , 1.11377e-19 , -3.72544e-17 , 0.00447223 , -0.00293726 , -1.65548e-17 , 4.42811e-17 , -4.52897e-18 , -1.88916e-17 , 1.43979e-17 , 3.31483e-19 , -1.05806e-17 , 1.40654e-18 , -1.58514e-17 , -6.61207e-17 , 5.03925e-17 , 1.16019e-18 , -3.70321e-17 , 4.92289e-18
-3.75876e-18 , -7.38104e-18 , -0.00119389 , 0.0016099 , 5.74559e-18 , 9.10459e-18 , -7.51752e-18 , -1.47621e-17 , -0.00238777 , 0.0032198 , 1.14912e-17 , 1.82092e-17 , -3.44005e-18 , -1.47185e-17 , -2.47262e-17 , -7.27217e-18 , -3.1451e-17 , -5.04678e-18 , -1.20402e-17 , -5.15149e-17 , -8.65418e-17 , -2.54526e-17 , -1.10078e-16 , -1.76637e-17
2.41727e-17 , 3.95442e-18 , -0.00408245 , 0.00407306 , -3.05577e-18 , -7.01315e-18 , 4.83453e-17 , 7.90883e-18 , -0.0081649 , 0.00814612 , -6.11154e-18 , -1.40263e-17 , 1.20895e-18 , 7.435e-18 , -1.18973e-17 , 9.43708e-18 , -3.15654e-18 , 7.68269e-18 , 4.23132e-18 , 2.60225e-17 , -4.16407e-17 , 3.30298e-17 , -1.10479e-17 , 2.68894e-17
-1.16857e-17 , -4.85935e-17 , 0.00135351 , -0.000854544 , -3.36222e-17 , 1.08884e-17 , -2.33713e-17 , -9.71871e-17 , 0.00270702 , -0.00170909 , -6.72443e-17 , 2.17767e-17 , -6.14203e-18 , 1.67669e-17 , 5.67011e-18 , 8.53541e-18 , 1.37255e-17 , 1.86473e-18 , -2.14971e-17 , 5.86842e-17 , 1.98454e-17 , 2.98739e-17 , 4.80394e-17 , 6.52655e-18
5.32974e-18 , 3.32204e-19 , -0.000422251 , 0.000951827 , 1.38407e-18 , -8.40379e-19 , 1.06595e-17 , 6.64408e-19 , -0.000844503 , 0.00190365 , 2.76813e-18 , -1.68076e-18 , 1.53475e-18 , -8.07983e-18 , -6.12696e-18 , 1.22412e-17 , -1.422e-17 , 1.20318e-17 , 5.37164e-18 , -2.82794e-17 , -2.14444e-17 , 4.28441e-17 , -4.97701e-17 , 4.21114e-17
-1.12075e-17 , 1.27527e-17 , -0.000264007 , -5.62266e-05 , -3.11274e-17 , -8.54548e-18 , -2.24149e-17 , 2.55053e-17 , -0.000528013 , -0.000112453 , -6.22549e-17 , -1.7091e-17 , -8.72203e-18 , -5.54448e-18 , 8.76954e-19 , 1.78813e-17 , -9.49966e-18 , -1.06394e-18 , -3.05271e-17 , -1.94057e-17 , 3.06934e-18 , 6.25845e-17 , -3.32488e-17 , -3.72378e-18
1.24255e-17 , -2.08968e-17 , -0.00117419 , 0.000752653 , -7.75546e-19 , 2.31333e-17 , 2.4851e-17 , -4.17937e-17 , -0.00234837 , 0.00150531 , -1.55109e-18 , 4.62666e-17 , -2.57245e-18 , 4.79271e-18 , 3.29191e-17 , 1.60004e-17 , -5.81842e-18 , 1.23917e-17 , -9.00357e-18 , 1.67745e-17 , 1.15217e-16 , 5.60015e-17 , -2.03645e-17 , 4.3371e-17
1.24737e-17 , -2.5996e-17 , -0.000179268 , -0.000183286 , 1.04653e-17 , 4.06182e-17 , 2.49474e-17 , -5.1992e-17 , -0.000358536 , -0.000366571 , 2.09306e-17 , 8.12364e-17 , -6.46441e-18 , 9.18624e-19 , 8.96364e-18 , -2.49353e-17 , -1.03131e-17 , 4.2935e-18 , -2.26255e-17 , 3.21518e-18 , 3.13728e-17 , -8.72736e-17 , -3.60958e-17 , 1.50273e-17
-1.79726e-17 , 2.86122e-18 , -0.00165473 , 0.00216626 , -1.12579e-17 , 2.54551e-18 , -3.59451e-17 , 5.72245e-18 , -0.00330946 , 0.00433252 , -2.25158e-17 , 5.09102e-18 , 9.09352e-18 , 8.09856e-18 , 1.38641e-18 , 2.35539e-17 , 1.18609e-18 , 2.2339e-18 , 3.18273e-17 , 2.8345e-17 , 4.85245e-18 , 8.24387e-17 , 4.15131e-18 , 7.81865e-18
7.39701e-18 , 5.73008e-18 , -0.000203951 , 0.0011526 , 1.67697e-17 , -1.87547e-17 , 1.4794e-17 , 1.14602e-17 , -0.000407902 , 0.00230519 , 3.35394e-17 , -3.75095e-17 , 6.44984e-18 , -1.08941e-17 , -6.03012e-18 , -7.09697e-18 , 2.26176e-17 , 5.12714e-18 , 2.25745e-17 , -3.81292e-17 , -2.11054e-17 , -2.48394e-17 , 7.91616e-17 , 1.7945e-17
-2.12456e-17 , 6.51881e-18 , -0.00108576 , 0.00191673 , -3.86756e-17 , 2.07975e-17 , -4.24912e-17 , 1.30376e-17 , -0.00217152 , 0.00383347 , -7.73512e-17 , 4.15951e-17 , 1.26558e-18 , 1.9066e-18 , 2.45733e-18 , -1.72161e-17 , 5.20892e-18 , 3.77701e-18 , 4.42952e-18 , 6.67309e-18 , 8.60064e-18 , -6.02565e-17 , 1.82312e-17 , 1.32195e-17
2.73033e-17 , 4.82968e-17 , 0.00128304 , -0.00138098 , -2.43857e-17 , 3.28263e-18 , 5.46066e-17 , 9.65936e-17 , 0.00256608 , -0.00276196 , -4.87714e-17 , 6.56526e-18 , -1.61123e-17 , 2.02147e-18 , -1.21343e-17 , -3.54762e-17 , 4.52652e-18 , 1.66518e-18 , -5.63931e-17 , 7.07515e-18 , -4.24702e-17 , -1.24167e-16 , 1.58428e-17 , 5.82813e-18
4.77984e-19 , -2.81177e-18 , 0.0005854 , -0.000636591 , -1.21222e-18 , 8.52798e-19 , 9.55968e-19 , -5.62355e-18 , 0.0011708 , -0.00127318 , -2.42444e-18 , 1.7056e-18 , -4.82319e-18 , -1.09762e-17 , 3.51795e-17 , -8.61398e-18 , -1.25355e-18 , 8.5263e-18 , -1.68812e-17 , -3.84167e-17 , 1.23128e-16 , -3.01489e-17 , -4.38744e-18 , 2.9842e-17
2.81689e-17 , -1.90871e-18 , -0.00157812 , 0.000948798 , 1.47751e-17 , 2.31721e-17 , 5.63378e-17 , -3.81743e-18 , -0.00315624 , 0.0018976 , 2.95503e-17 , 4.63442e-17 , 4.7288e-18 , 4.56015e-18 , 2.45489e-18 , -7.19964e-18 , -2.89704e-17 , 1.74695e-17 , 1.65508e-17 , 1.59605e-17 , 8.59212e-18 , -2.51987e-17 , -1.01396e-16 , 6.11432e-17
1.37776e-17 , -1.2932e-18 , -0.00238156 , 0.00156647 , -1.4686e-17 , -1.10563e-17 , 2.75551e-17 , -2.5864e-18 , -0.00476311 , 0.00313295 , -2.9372e-17 , -2.21126e-17 , 1.45077e-17 , 1.01644e-17 , 3.89999e-18 , 6.97969e-18 , 2.28512e-18 , -1.64985e-18 , 5.07769e-17 , 3.55753e-17 , 1.365e-17 , 2.44289e-17 , 7.99791e-18 , -5.77448e-18
1.60078e-17 , -4.42843e-17 , 0.000996887 , -0.000536964 , -3.90819e-17 , 6.59668e-18 , 3.20157e-17 , -8.85686e-17 , 0.00199377 , -0.00107393 , -7.81638e-17 , 1.31934e-17 , -1.21653e-17 , -8.53834e-18 , -8.90875e-18 , -9.32642e-18 , 7.59833e-19 , 1.62054e-17 , -4.25785e-17 , -2.98842e-17 , -3.11806e-17 , -3.26425e-17 , 2.65942e-18 , 5.67187e-17
4.61214e-18 , -5.43219e-18 , 0.000819549 , -0.000896853 , -5.51864e-18 , 8.23866e-18 , 9.22428e-18 , -1.08644e-17 , 0.0016391 , -0.00179371 , -1.10373e-17 , 1.64773e-17 , 1.04092e-17 , 1.93695e-17 , 4.43654e-17 , -2.47644e-17 , 1.21572e-17 , 1.03273e-17 , 3.64323e-17 , 6.77933e-17 , 1.55279e-16 , -8.66753e-17 , 4.25503e-17 , 3.61454e-17
1.46617e-17 , -2.80206e-17 , -0.000737973 , 0.000148192 , -1.32973e-17 , 1.38675e-17 , 2.93234e-17 , -5.60412e-17 , -0.00147595 , 0.000296384 , -2.65947e-17 , 2.77349e-17 , -4.51438e-18 , 5.16593e-18 , -7.81919e-18 , 4.36394e-17 , -1.34558e-17 , 2.36094e-17 , -1.58003e-17 , 1.80808e-17 , -2.73672e-17 , 1.52738e-16 , -4.70953e-17 , 8.26329e-17
1.30678e-17 , -1.66527e-17 , 0.000484601 , -0.00127862 , -1.01463e-17 , 9.57274e-18 , 2.61356e-17 , -3.33053e-17 , 0.000969203 , -0.00255724 , -2.02926e-17 , 1.91455e-17 , -1.8882e-17 , -2.24254e-17 , 1.72844e-18 , -4.97369e-17 , 2.13038e-18 , -9.3616e-18 , -6.60871e-17 , -7.84889e-17 , 6.04953e-18 , -1.74079e-16 , 7.45633e-18 , -3.27656e-17
-2.09275e-18 , -1.54785e-17 , 0.000237857 , -6.8722e-05 , -4.72037e-18 , -6.77249e-18 , -4.18549e-18 , -3.0957e-17 , 0.000475713 , -0.000137444 , -9.44073e-18 , -1.3545e-17 , 5.99945e-18 , -1.35918e-17 , 4.06459e-18 , 4.12228e-17 , -1.70121e-17 , -6.22168e-18 , 2.09981e-17 , -4.75712e-17 , 1.42261e-17 , 1.4428e-16 , -5.95425e-17 , -2.17759e-17
2.08184e-17 , -5.29211e-18 , -0.00157625 , 0.00155426 , -9.83489e-19 , 1.6769e-18 , 4.16368e-17 , -1.05842e-17 , -0.00315249 , 0.00310851 , -1.96698e-18 , 3.3538e-18 , 4.98216e-18 , 6.04549e-18 , 1.18853e-17 , 2.47605e-17 , 1.08056e-17 , -1.33899e-17 , 1.74376e-17 , 2.11592e-17 , 4.15987e-17 , 8.66619e-17 , 3.78196e-17 , -4.68645e-17
1.74694e-17 , 6.83264e-18 , -0.00254812 , 0.00253037 , -1.71216e-17 , 2.13984e-17 , 3.49387e-17 , 1.36653e-17 , -0.00509623 , 0.00506074 , -3.42431e-17 , 4.27968e-17 , -1.56038e-18 , 4.36948e-18 , -9.3441e-18 , -3.26834e-18 , 8.81138e-18 , 1.41263e-17 , -5.46134e-18 , 1.52932e-17 , -3.27043e-17 , -1.14392e-17 , 3.08398e-17 , 4.94422e-17
-7.65504e-18 , -3.28814e-17 , 0.000268518 , -0.000302402 , 2.41503e-17 , 5.56333e-18 , -1.53101e-17 , -6.57629e-17 , 0.000537037 , -0.000604803 , 4.83006e-17 , 1.11267e-17 , -6.41314e-18 , -1.0427e-17 , -9.86412e-18 , -3.71957e-17 , 1.42362e-17 , -1.16917e-17 , -2.2446e-17 , -3.64945e-17 , -3.45244e-17 , -1.30185e-16 , 4.98269e-17 , -4.09208e-17
-8.09676e-18 , -7.44618e-18 , -0.000544414 , 0.000511968 , 1.98379e-17 , -1.66848e-17 , -1.61935e-17 , -1.48924e-17 , -0.00108883 , 0.00102394 , 3.96757e-17 , -3.33696e-17 , -1.47191e-18 , -1.4985e-17 , 2.00142e-18 , 1.42457e-17 , 1.0585e-18 , 3.2898e-17 , -5.1517e-18 , -5.24475e-17 , 7.00497e-18 , 4.98598e-17 , 3.70475e-18 , 1.15143e-16
4.03649e-17 , -4.9e-19 , -0.00169796 , 0.00187566 , -1.09245e-17 , -8.65168e-18 , 8.07297e-17 , -9.8e-19 , -0.00339592 , 0.00375132 , -2.18491e-17 , -1.73034e-17 , -1.60905e-17 , 1.37012e-18 , 6.31971e-18 , 2.29994e-18 , -9.61571e-18 , 7.10116e-18 , -5.63167e-17 , 4.79542e-18 , 2.2119e-17 , 8.04979e-18 , -3.3655e-17 , 2.48541e-17
-8.05889e-18 , 1.17242e-18 , -9.59661e-06 , -0.000193253 , -2.26027e-17 , -2.44493e-18 , -1.61178e-17 , 2.34485e-18 , -1.91932e-05 , -0.000386506 , -4.52053e-17 , -4.88987e-18 , -1.79848e-17 , 6.8731e-18 , 1.952e-17 , -3.57998e-18 , 2.31564e-18 , -1.84745e-18 , -6.29468e-17 , 2.40558e-17 , 6.83199e-17 , -1.25299e-17 , 8.10475e-18 , -6.46607e-18
-1.6588e-18 , -7.23304e-18 , 0.000642391 , -0.000499904 , 5.99175e-18 , 2.51961e-17 , -3.3176e-18 , -1.44661e-17 , 0.00128478 , -0.000999807 , 1.19835e-17 , 5.03923e-17 , 2.1674e-17 , -5.86982e-18 , 1.2826e-18 , -9.80103e-18 , -2.51884e-18 , -1.38595e-17 , 7.58591e-17 , -2.05444e-17 , 4.48909e-18 , -3.43036e-17 , -8.81593e-18 , -4.85082e-17
-2.11344e-18 , -3.71889e-18 , -0.000364367 , 0.000517184 , -2.3647e-17 , 1.55863e-17 , -4.22689e-18 , -7.43777e-18 , -0.000728735 , 0.00103437 , -4.7294e-17 , 3.11727e-17 , 5.37684e-18 , -4.49654e-19 , 2.70491e-17 , 7.03883e-18 , -4.81966e-18 , 2.09456e-17 , 1.8819e-17 , -1.57379e-18 , 9.4672e-17 , 2.46359e-17 , -1.68688e-17 , 7.33098e-17
-1.23198e-18 , -4.79992e-17 , 0.000571241 , -0.000218244 , -2.73945e-17 , 4.91032e-18 , -2.46397e-18 , -9.59985e-17 , 0.00114248 , -0.000436487 , -5.47891e-17 , 9.82063e-18 , -9.38137e-18 , 4.46314e-18 , 2.54665e-17 , 3.92088e-19 , -7.63898e-18 , 1.56976e-17 , -3.28348e-17 , 1.5621e-17 , 8.91329e-17 , 1.37231e-18 , -2.67364e-17 , 5.49417e-17
-2.86846e-17 , -6.29839e-17 , -0.000263271 , -0.000182303 , -1.87865e-17 , -2.01102e-17 , -5.73693e-17 , -1.25968e-16 , -0.000526541 , -0.000364607 , -3.7573e-17 , -4.02205e-17 , -1.93909e-17 , -3.29962e-18 , -2.09584e-17 , 2.66679e-17 , -8.33206e-18 , 2.5126e-18 , -6.78681e-17 , -1.15487e-17 , -7.33544e-17 , 9.33375e-17 , -2.91622e-17 , 8.7941e-18
1.16004e-17 , -2.12516e-18 , 0.00125785 , -0.00107416 , -1.0047e-17 , -9.12833e-18 , 2.32007e-17 , -4.25032e-18 , 0.00251569 , -0.00214832 , -2.0094e-17 , -1.82567e-17 , -2.09461e-17 , -6.81308e-18 , 1.93104e-18 , -7.90462e-18 , -2.47376e-17 , 2.2089e-17 , -7.33112e-17 , -2.38458e-17 , 6.75863e-18 , -2.76662e-17 , -8.65817e-17 , 7.73117e-17
-1.83441e-17 , -2.32781e-17 , -0.000101802 , 0.000253149 , -2.26396e-17 , -2.26822e-17 , -3.66881e-17 , -4.65561e-17 , -0.000203604 , 0.000506297 , -4.52791e-17 , -4.53645e-17 , -7.73671e-18 , 9.53815e-18 , 4.93078e-17 , 2.11685e-18 , -4.60926e-19 , -4.37925e-18 , -2.70785e-17 , 3.33835e-17 , 1.72577e-16 , 7.40898e-18 , -1.61324e-18 , -1.53274e-17
-6.09208e-18 , -6.4553e-17 , -0.00037987 , 0.000579659 , -1.06123e-17 , 8.76906e-18 , -1.21842e-17 , -1.29106e-16 , -0.000759741 , 0.00115932 , -2.12247e-17 , 1.75381e-17 , -9.65645e-18 , 1.09208e-17 , 2.93669e-17 , 3.64485e-17 , -2.49462e-18 , -5.15999e-18 , -3.37976e-17 , 3.82229e-17 , 1.02784e-16 , 1.2757e-16 , -8.73117e-18 , -1.80599e-17
4.12015e-17 , 1.19588e-17 , -0.00163475 , 0.00118063 , 3.37016e-18 , -4.47848e-17 , 8.24031e-17 , 2.39175e-17 , -0.0032695 , 0.00236126 , 6.74031e-18 , -8.95696e-17 , 1.20901e-17 , -1.32792e-18 , 1.1603e-18 , 1.87478e-19 , 1.6551e-17 , 1.91572e-17 , 4.23154e-17 , -4.64771e-18 , 4.06105e-18 , 6.56174e-19 , 5.79286e-17 , 6.70502e-17
-9.33989e-19 , -2.19443e-17 , 0.000975666 , -0.000966996 , 1.31986e-17 , 2.00353e-17 , -1.86798e-18 , -4.38886e-17 , 0.00195133 , -0.00193399 , 2.63971e-17 , 4.00707e-17 , -1.50144e-17 , -7.21486e-18 , 1.35801e-17 , -6.04261e-17 , 1.54261e-17 , 1.93098e-17 , -5.25505e-17 , -2.5252e-17 , 4.75305e-17 , -2.11492e-16 , 5.39914e-17 , 6.75844e-17
1.6132e-17 , 2.12633e-17 , -2.39407e-05 , -0.000480383 , -3.39206e-17 , 4.67832e-18 , 3.22641e-17 , 4.25265e-17 , -4.78813e-05 , -0.000960766 , -6.78412e-17 , 9.35664e-18 , -4.95513e-18 , -5.97208e-18 , 2.88935e-17 , 2.84311e-17 , 1.08397e-18 , 9.56917e-19 , -1.73429e-17 , -2.09023e-17 , 1.01127e-16 , 9.95088e-17 , 3.79391e-18 , 3.34921e-18
-2.08142e-17 , -1.36306e-17 , -0.00056698 , 0.000425086 , -5.38016e-17 , 1.50958e-17 , -4.16284e-17 , -2.72611e-17 , -0.00113396 , 0.000850172 , -1.07603e-16 , 3.01915e-17 , -9.02687e-18 , -1.17861e-17 , -3.86715e-18 , 3.12402e-17 , 1.70326e-17 , -1.36756e-17 , -3.15941e-17 , -4.12515e-17 , -1.3535e-17 , 1.09341e-16 , 5.9614e-17 , -4.78646e-17
-4.39899e-17 , 1.12236e-17 , 0.00078692 , -0.00118651 , 1.76554e-17 , -8.62877e-18 , -8.79797e-17 , 2.24472e-17 , 0.00157384 , -0.00237301 , 3.53109e-17 , -1.72575e-17 , 1.05776e-18 , -1.05297e-17 , 1.15752e-18 , 8.81682e-18 , 1.29805e-17 , 1.72361e-17 , 3.70217e-18 , -3.68539e-17 , 4.0513e-18 , 3.08589e-17 , 4.54318e-17 , 6.03264e-17
1.91477e-18 , -5.366e-17 , 0.000766368 , -0.000323365 , -1.76491e-17 , 7.37712e-18 , 3.82954e-18 , -1.0732e-16 , 0.00153274 , -0.000646731 , -3.52982e-17 , 1.47542e-17 , 7.1662e-18 , -9.68713e-18 , 1.61757e-18 , 5.41389e-18 , -7.09035e-18 , -1.04452e-17 , 2.50817e-17 , -3.3905e-17 , 5.66151e-18 , 1.89486e-17 , -2.48162e-17 , -3.65581e-17
-8.82878e-18 , -2.9462e-17 , -0.000986527 , 0.000887069 , -2.55388e-17 , 2.25948e-17 , -1.76576e-17 , -5.89239e-17 , -0.00197305 , 0.00177414 , -5.10776e-17 , 4.51896e-17 , 7.23851e-19 , 2.70575e-17 , 1.47708e-17 , 1.67691e-17 , 4.3193e-18 , 1.12925e-18 , 2.53348e-18 , 9.47011e-17 , 5.16979e-17 , 5.86917e-17 , 1.51175e-17 , 3.95238e-18
2.09008e-17 , -4.99322e-17 , -0.000457608 , 9.20196e-05 , -3.59134e-17 , 4.85763e-18 , 4.18016e-17 , -9.98644e-17 , -0.000915216 , 0.000184039 , -7.18267e-17 , 9.71527e-18 , -1.93571e-17 , 6.08187e-18 , -3.47641e-18 , -7.51618e-18 , 3.65827e-17 , 7.24871e-18 , -6.77497e-17 , 2.12865e-17 , -1.21674e-17 , -2.63066e-17 , 1.2804e-16 , 2.53705e-17
-1.4498e-17 , -9.94773e-18 , -0.000158248 , 0.000148652 , -1.00928e-17 , 3.57617e-17 , -2.8996e-17 , -1.98955e-17 , -0.000316495 , 0.000297304 , -2.01855e-17 , 7.15234e-17 , 1.06471e-17 , -4.21058e-18 , -2.13477e-17 , -3.68872e-18 , -4.40737e-19 , 6.83595e-18 , 3.72647e-17 , -1.4737e-17 , -7.4717e-17 , -1.29105e-17 , -1.54258e-18 , 2.39258e-17
-2.82387e-17 , -2.36304e-17 , -0.000960432 , 0.00134066 , 2.59235e-17 , 1.74647e-17 , -5.64773e-17 , -4.72608e-17 , -0.00192086 , 0.00268132 , 5.1847e-17 , 3.49294e-17 , -6.68915e-18 , -2.00983e-17 , 2.64182e-17 , 3.42428e-19 , -1.19977e-17 , -1.80112e-17 , -2.3412e-17 , -7.03442e-17 , 9.24635e-17 , 1.1985e-18 , -4.19919e-17 , -6.3039e-17
2.19534e-17 , 6.9651e-18 , -0.000123673 , 0.000481338 , 3.5228e-17 , -6.3074e-18 , 4.39068e-17 , 1.39302e-17 , -0.000247346 , 0.000962676 , 7.0456e-17 , -1.26148e-17 , 7.40562e-18 , -8.79883e-18 , 3.31447e-17 , -3.04845e-17 , -1.65097e-17 , 1.87907e-17 , 2.59197e-17 , -3.07959e-17 , 1.16007e-16 , -1.06696e-16 , -5.77838e-17 , 6.57674e-17
-3.54723e-19 , 3.70822e-17 , 0.000693277 , -0.000397315 , -2.80028e-17 , 7.40679e-18 , -7.09447e-19 , 7.41643e-17 , 0.00138655 , -0.00079463 , -5.60056e-17 , 1.48136e-17 , -1.3403e-18 , -2.78792e-18 , 2.70378e-17 , -1.84213e-17 , 6.39678e-18 , 7.65413e-18 , -4.69103e-18 , -9.75774e-18 , 9.46323e-17 , -6.44744e-17 , 2.23887e-17 , 2.67895e-17
7.20144e-18 , -9.51559e-18 , 0.000773551 , -0.000476292 , -2.14958e-18 , 1.25711e-17 , 1.44029e-17 , -1.90312e-17 , 0.0015471 , -0.000952584 , -4.29916e-18 , 2.51421e-17 , 1.25864e-17 , -8.2886e-18 , 2.8127e-17 , -3.05028e-17 , -3.51358e-18 , -1.53491e-18 , 4.40523e-17 , -2.90101e-17 , 9.84445e-17 , -1.0676e-16 , -1.22975e-17 , -5.3722e-18
-3.36873e-17 , 1.81921e-17 , -0.000565422 , 0.000344044 , -1.06948e-18 , 4.86057e-18 , -6.73745e-17 , 3.63843e-17 , -0.00113084 , 0.000688087 , -2.13896e-18 , 9.72114e-18 , 7.41112e-18 , -2.00163e-17 , 6.85685e-18 , -3.40829e-18 , -1.23896e-17 , 9.44754e-18 , 2.59389e-17 , -7.00571e-17 , 2.3999e-17 , -1.1929e-17 , -4.33637e-17 , 3.30664e-17
