6.38321e-16 , -1.19404e-15 , 1.2597 , -6.55938 , 1.60627e-16 , -9.23742e-17 , 1.27664e-15 , -2.38808e-15 , 2.51939 , -13.1188 , 3.21253e-16 , -1.84748e-16 , 3.50654e-16 , -4.87953e-16 , -1.47619e-16 , 5.14418e-16 , -3.74999e-16 , 1.37843e-15 , 1.22729e-15 , -1.70784e-15 , -5.16666e-16 , 1.80046e-15 , -1.3125e-15 , 4.82451e-15
3.34048e-16 , 7.84054e-16 , 2.65696 , 5.562 , 6.96098e-18 , 1.01987e-15 , 6.68096e-16 , 1.56811e-15 , 5.31393 , 11.124 , 1.3922e-17 , 2.03974e-15 , 1.9106e-16 , 1.38257e-15 , 4.09692e-16 , -1.52237e-16 , -5.33574e-16 , -6.68642e-16 , 6.68709e-16 , 4.83901e-15 , 1.43392e-15 , -5.32829e-16 , -1.86751e-15 , -2.34025e-15
-1.38333e-15 , -1.89953e-15 , -1.71488 , -2.30269 , 6.67099e-16 , -6.44803e-16 , -2.76667e-15 , -3.79907e-15 , -3.42977 , -4.60538 , 1.3342e-15 , -1.28961e-15 , 4.31691e-16 , -1.44397e-15 , -5.77191e-16 , -2.28394e-16 , -1.39927e-15 , 1.1206e-15 , 1.51092e-15 , -5.0539e-15 , -2.02017e-15 , -7.99379e-16 , -4.89744e-15 , 3.92209e-15
-4.31276e-16 , 3.36144e-15 , 2.27606 , 4.66233 , -7.26514e-17 , 1.46724e-15 , -8.62551e-16 , 6.72288e-15 , 4.55213 , 9.32465 , -1.45303e-16 , 2.93449e-15 , -8.58448e-16 , 7.91839e-16 , -1.49397e-15 , 1.19184e-15 , 2.47304e-16 , -1.02992e-15 , -3.00457e-15 , 2.77144e-15 , -5.22889e-15 , 4.17143e-15 , 8.65563e-16 , -3.60473e-15
-1.44947e-15 , -2.79201e-15 , -1.27527 , -6.0911 , 1.41708e-15 , -5.44071e-15 , -2.89894e-15 , -5.58402e-15 , -2.55055 , -12.1822 , 2.83416e-15 , -1.08814e-14 , -2.11587e-15 , -2.1334e-15 , -3.15899e-16 , -6.25369e-16 , -3.10267e-16 , 1.77631e-15 , -7.40556e-15 , -7.4669e-15 , -1.10565e-15 , -2.18879e-15 , -1.08594e-15 , 6.2171e-15
3.59492e-15 , 5.72089e-15 , 0.328777 , 4.48184 , 1.31902e-15 , -7.62399e-16 , 7.18985e-15 , 1.14418e-14 , 0.657554 , 8.96368 , 2.63803e-15 , -1.5248e-15 , -1.65379e-15 , 1.25328e-15 , 1.34869e-15 , 2.44822e-16 , 4.98257e-16 , -1.26985e-15 , -5.78826e-15 , 4.38647e-15 , 4.72041e-15 , 8.56876e-16 , 1.7439e-15 , -4.44449e-15
-1.46942e-15 , 4.20802e-16 , -0.247348 , -4.24136 , -7.97103e-16 , -1.20818e-15 , -2.93883e-15 , 8.41603e-16 , -0.494696 , -8.48271 , -1.59421e-15 , -2.41636e-15 , 4.99995e-16 , -4.64657e-18 , -3.72822e-16 , -5.72979e-16 , -2.75512e-15 , 2.78201e-17 , 1.74998e-15 , -1.6263e-17 , -1.30488e-15 , -2.00543e-15 , -9.64291e-15 , 9.73702e-17
1.44753e-15 , 6.07425e-15 , 1.3023 , 5.12396 , -5.25218e-16 , 4.15323e-16 , 2.89506e-15 , 1.21485e-14 , 2.6046 , 10.2479 , -1.05044e-15 , 8.30647e-16 , -2.75199e-15 , 2.55729e-15 , -1.21598e-15 , -1.01218e-15 , 2.04243e-15 , -1.08086e-15 , -9.63197e-15 , 8.95052e-15 , -4.25595e-15 , -3.54264e-15 , 7.1485e-15 , -3.78303e-15
-2.76056e-15 , 2.68071e-15 , -1.33084 , -5.40517 , -2.0137e-16 , -5.12571e-15 , -5.52112e-15 , 5.36141e-15 , -2.66169 , -10.8103 , -4.0274e-16 , -1.02514e-14 , 1.67143e-15 , -1.21121e-16 , -6.7674e-16 , -5.94719e-16 , -1.28412e-15 , -9.22492e-16 , 5.85e-15 , -4.23923e-16 , -2.36859e-15 , -2.08152e-15 , -4.49443e-15 , -3.22872e-15
4.21963e-15 , 3.12991e-15 , 1.01594 , 5.43681 , -2.31061e-16 , 4.72426e-15 , 8.43925e-15 , 6.25982e-15 , 2.03188 , 10.8736 , -4.62123e-16 , 9.44852e-15 , -2.66505e-16 , 1.2705e-15 , 1.78366e-16 , 1.01461e-15 , 1.87334e-15 , -1.20681e-15 , -9.32766e-16 , 4.44675e-15 , 6.24282e-16 , 3.55113e-15 , 6.55667e-15 , -4.22383e-15
2.15078e-15 , 3.82397e-15 , -1.20095 , -5.46343 , 1.52383e-15 , -1.71667e-15 , 4.30155e-15 , 7.64793e-15 , -2.40191 , -10.9269 , 3.04765e-15 , -3.43334e-15 , 4.1772e-16 , -2.18482e-15 , -5.05698e-16 , 1.29971e-15 , -1.60454e-15 , -7.76138e-16 , 1.46202e-15 , -7.64688e-15 , -1.76994e-15 , 4.549e-15 , -5.61589e-15 , -2.71648e-15
4.4174e-15 , 9.29198e-15 , 1.15122 , 5.39657 , -1.92326e-15 , 9.85251e-16 , 8.8348e-15 , 1.8584e-14 , 2.30244 , 10.7931 , -3.84652e-15 , 1.9705e-15 , -2.04658e-15 , 2.60376e-15 , -4.92573e-16 , -6.38899e-16 , 2.94988e-16 , -2.33045e-16 , -7.16303e-15 , 9.11315e-15 , -1.724e-15 , -2.23615e-15 , 1.03246e-15 , -8.15659e-16
-2.8841e-15 , 2.27509e-15 , -1.26199 , -5.3587 , 1.79036e-15 , -3.29009e-16 , -5.76821e-15 , 4.55018e-15 , -2.52398 , -10.7174 , 3.58072e-15 , -6.58018e-16 , 5.06315e-16 , -3.32255e-15 , -1.47794e-15 , 1.06236e-15 , -7.61903e-16 , 9.20417e-16 , 1.7721e-15 , -1.16289e-14 , -5.1728e-15 , 3.71827e-15 , -2.66666e-15 , 3.22146e-15
4.08085e-15 , 1.11953e-14 , 0.738669 , 5.58169 , -2.42085e-15 , 2.7843e-16 , 8.1617e-15 , 2.23906e-14 , 1.47734 , 11.1634 , -4.8417e-15 , 5.5686e-16 , -6.85688e-16 , 1.60826e-15 , -8.63145e-16 , 2.94526e-15 , 1.74225e-15 , -2.17293e-15 , -2.39991e-15 , 5.62891e-15 , -3.02101e-15 , 1.03084e-14 , 6.09789e-15 , -7.60525e-15
-4.23237e-15 , 1.43077e-15 , -1.29991 , -5.63313 , 2.09827e-15 , -4.44053e-15 , -8.46474e-15 , 2.86153e-15 , -2.59982 , -11.2663 , 4.19654e-15 , -8.88105e-15 , -1.05841e-15 , -2.74556e-15 , -5.14048e-16 , -1.34364e-15 , -1.00732e-15 , -7.65891e-17 , -3.70442e-15 , -9.60945e-15 , -1.79917e-15 , -4.70273e-15 , -3.52561e-15 , -2.68062e-16
4.18403e-15 , 7.82091e-15 , 1.44617 , 5.4056 , 2.06908e-15 , 9.01137e-16 , 8.36805e-15 , 1.56418e-14 , 2.89234 , 10.8112 , 4.13816e-15 , 1.80227e-15 , -1.87794e-15 , 2.77855e-15 , -6.67943e-16 , 1.81886e-15 , 1.14382e-15 , -9.36371e-17 , -6.57279e-15 , 9.72491e-15 , -2.3378e-15 , 6.366e-15 , 4.00338e-15 , -3.2773e-16
4.39192e-15 , -1.04019e-15 , -1.72225 , -5.63984 , -4.36658e-16 , -2.41796e-15 , 8.78385e-15 , -2.08039e-15 , -3.44449 , -11.2797 , -8.73315e-16 , -4.83592e-15 , -4.07885e-16 , -2.99844e-16 , -1.6611e-15 , -2.88317e-15 , -1.61739e-15 , 1.64145e-15 , -1.4276e-15 , -1.04945e-15 , -5.81387e-15 , -1.00911e-14 , -5.66086e-15 , 5.74507e-15
2.16654e-15 , 9.9321e-15 , 1.08214 , 5.50638 , -3.69983e-15 , -1.20165e-15 , 4.33308e-15 , 1.98642e-14 , 2.16427 , 11.0128 , -7.39967e-15 , -2.40331e-15 , -1.53892e-15 , 4.59468e-15 , -1.60959e-15 , 7.22777e-16 , 3.35221e-17 , 4.36436e-16 , -5.38624e-15 , 1.60814e-14 , -5.63356e-15 , 2.52972e-15 , 1.17327e-16 , 1.52753e-15
-2.70284e-15 , 5.60549e-15 , -1.2704 , -5.68567 , -2.52668e-15 , -2.31188e-15 , -5.40568e-15 , 1.1211e-14 , -2.5408 , -11.3713 , -5.05336e-15 , -4.62376e-15 , 2.71895e-15 , -2.19255e-15 , 4.66927e-15 , 1.1888e-15 , -9.71797e-16 , 5.23829e-16 , 9.51634e-15 , -7.67393e-15 , 1.63424e-14 , 4.16081e-15 , -3.40129e-15 , 1.8334e-15
-2.86156e-16 , 1.04867e-14 , 1.45313 , 5.48263 , -2.80884e-15 , 4.51459e-15 , -5.72312e-16 , 2.09733e-14 , 2.90625 , 10.9653 , -5.61769e-15 , 9.02918e-15 , 8.40768e-16 , -1.5284e-15 , -3.73653e-15 , -1.52855e-15 , -4.61576e-16 , -1.37211e-15 , 2.94269e-15 , -5.3494e-15 , -1.30778e-14 , -5.34993e-15 , -1.61552e-15 , -4.80237e-15
-5.89195e-16 , 6.22457e-15 , -1.41713 , -5.53692 , -4.18967e-15 , -4.53703e-17 , -1.17839e-15 , 1.24491e-14 , -2.83427 , -11.0738 , -8.37934e-15 , -9.07406e-17 , -6.30773e-16 , -4.97604e-15 , -1.68656e-15 , 1.62447e-15 , -1.11278e-15 , -1.2838e-15 , -2.20771e-15 , -1.74161e-14 , -5.90297e-15 , 5.68564e-15 , -3.89472e-15 , -4.49328e-15
7.88592e-16 , 7.03843e-15 , 1.32813 , 5.44236 , 7.17873e-16 , 4.23625e-15 , 1.57718e-15 , 1.40769e-14 , 2.65625 , 10.8847 , 1.43575e-15 , 8.47249e-15 , -1.81485e-15 , -5.41327e-17 , -3.13359e-15 , 3.06883e-15 , 1.18415e-15 , 9.01718e-16 , -6.35196e-15 , -1.89464e-16 , -1.09676e-14 , 1.07409e-14 , 4.14451e-15 , 3.15601e-15
-1.1395e-15 , 1.13725e-14 , -1.36961 , -5.81371 , -6.60593e-16 , 2.24175e-15 , -2.27901e-15 , 2.27451e-14 , -2.73922 , -11.6274 , -1.32119e-15 , 4.48349e-15 , -1.22826e-15 , -1.44166e-15 , 2.79016e-15 , -4.42424e-15 , -2.35436e-15 , 6.41553e-16 , -4.29892e-15 , -5.04582e-15 , 9.76556e-15 , -1.54848e-14 , -8.24027e-15 , 2.24544e-15
-5.6837e-16 , 1.40574e-14 , 1.57567 , 4.92913 , -7.41429e-15 , 7.39954e-15 , -1.13674e-15 , 2.81147e-14 , 3.15133 , 9.85826 , -1.48286e-14 , 1.47991e-14 , -1.24623e-15 , 2.77867e-15 , 9.76104e-17 , -6.14285e-15 , 2.71232e-15 , -3.34463e-15 , -4.3618e-15 , 9.72535e-15 , 3.41636e-16 , -2.15e-14 , 9.49314e-15 , -1.17062e-14
-6.31952e-15 , 6.80323e-15 , -1.47189 , -5.53852 , 1.12749e-15 , -3.38273e-15 , -1.2639e-14 , 1.36065e-14 , -2.94379 , -11.077 , 2.25499e-15 , -6.76545e-15 , -1.44547e-15 , 8.23018e-16 , 1.61594e-15 , 1.95683e-15 , -1.08183e-15 , 1.69622e-15 , -5.05916e-15 , 2.88056e-15 , 5.65577e-15 , 6.84889e-15 , -3.7864e-15 , 5.93675e-15
-1.13696e-15 , 1.19838e-14 , 1.34265 , 5.39654 , -7.94372e-15 , 3.01507e-15 , -2.27391e-15 , 2.39676e-14 , 2.6853 , 10.7931 , -1.58874e-14 , 6.03014e-15 , 4.86017e-16 , 3.43739e-16 , 6.94338e-16 , -3.36783e-16 , 3.55206e-15 , -8.30072e-16 , 1.70106e-15 , 1.20308e-15 , 2.43018e-15 , -1.17874e-15 , 1.24322e-14 , -2.90525e-15
-2.97461e-16 , 1.30137e-14 , -1.35057 , -5.30438 , -3.95839e-15 , -1.18908e-15 , -5.94923e-16 , 2.60275e-14 , -2.70113 , -10.6088 , -7.91677e-15 , -2.37816e-15 , -1.12975e-15 , -9.70237e-16 , -3.49276e-15 , 6.63942e-16 , -1.69834e-15 , 1.48966e-15 , -3.95414e-15 , -3.39583e-15 , -1.22247e-14 , 2.3238e-15 , -5.94421e-15 , 5.21382e-15
4.37088e-15 , 1.35016e-14 , 1.40096 , 5.53243 , -2.97081e-15 , 2.53556e-16 , 8.74177e-15 , 2.70033e-14 , 2.80192 , 11.0649 , -5.94163e-15 , 5.07112e-16 , -8.64094e-16 , -3.66748e-15 , -7.03564e-15 , -3.46805e-15 , 1.26597e-15 , 2.74257e-16 , -3.02433e-15 , -1.28362e-14 , -2.46247e-14 , -1.21382e-14 , 4.4309e-15 , 9.59898e-16
-7.39552e-15 , 7.06635e-15 , -1.2615 , -5.62865 , -2.53584e-15 , -1.29021e-15 , -1.4791e-14 , 1.41327e-14 , -2.523 , -11.2573 , -5.07168e-15 , -2.58042e-15 , 3.29845e-16 , -8.64667e-16 , -2.85758e-16 , 1.60617e-15 , -3.19099e-15 , 2.5859e-15 , 1.15446e-15 , -3.02633e-15 , -1.00015e-15 , 5.62158e-15 , -1.11685e-14 , 9.05064e-15
-6.03013e-16 , 1.0199e-14 , 1.31781 , 5.28138 , -6.54046e-15 , -1.60039e-15 , -1.20603e-15 , 2.0398e-14 , 2.63562 , 10.5628 , -1.30809e-14 , -3.20077e-15 , -1.11691e-15 , 2.12581e-15 , -2.81641e-16 , -3.59897e-15 , 4.12841e-15 , 1.82579e-15 , -3.9092e-15 , 7.44034e-15 , -9.85742e-16 , -1.25964e-14 , 1.44494e-14 , 6.39025e-15
2.27401e-15 , 7.02927e-15 , -1.43479 , -5.42395 , -9.14911e-15 , -3.54749e-15 , 4.54802e-15 , 1.40585e-14 , -2.86958 , -10.8479 , -1.82982e-14 , -7.09499e-15 , 6.19544e-18 , -2.54902e-15 , 2.45441e-15 , 1.09559e-15 , 6.83415e-16 , 2.47028e-15 , 2.1684e-17 , -8.92157e-15 , 8.59043e-15 , 3.83456e-15 , 2.39195e-15 , 8.64597e-15
1.05616e-15 , 9.77723e-15 , 1.24324 , 5.55997 , -9.43984e-15 , -7.78206e-15 , 2.11233e-15 , 1.95545e-14 , 2.48647 , 11.1199 , -1.88797e-14 , -1.55641e-14 , -2.23779e-16 , -1.75021e-17 , -1.10713e-15 , -1.98622e-15 , 1.43804e-15 , 4.44183e-16 , -7.83228e-16 , -6.12574e-17 , -3.87497e-15 , -6.95178e-15 , 5.03315e-15 , 1.55464e-15
-6.70515e-15 , 2.2677e-15 , -1.30647 , -5.44787 , -6.2344e-15 , -4.59697e-15 , -1.34103e-14 , 4.53541e-15 , -2.61295 , -10.8957 , -1.24688e-14 , -9.19394e-15 , -3.24393e-16 , -1.18869e-15 , 3.39713e-15 , -2.94563e-15 , -1.857e-15 , -5.16264e-15 , -1.13538e-15 , -4.16041e-15 , 1.189e-14 , -1.03097e-14 , -6.49951e-15 , -1.80692e-14
-9.2602e-16 , 1.27775e-14 , 1.42487 , 5.46126 , -1.13733e-14 , 2.64972e-15 , -1.85204e-15 , 2.55551e-14 , 2.84973 , 10.9225 , -2.27466e-14 , 5.29943e-15 , -1.68268e-16 , 1.80371e-15 , -4.40312e-15 , 1.41271e-15 , 2.67269e-15 , -1.3392e-15 , -5.88939e-16 , 6.31298e-15 , -1.54109e-14 , 4.94449e-15 , 9.35441e-15 , -4.68721e-15
3.07255e-15 , 1.0374e-14 , -1.23379 , -5.68075 , -9.86618e-15 , 3.17368e-16 , 6.14511e-15 , 2.0748e-14 , -2.46758 , -11.3615 , -1.97324e-14 , 6.34736e-16 , -5.84354e-16 , -1.87663e-15 , -2.1755e-15 , 6.59807e-15 , 2.37581e-15 , 3.42093e-16 , -2.04524e-15 , -6.56821e-15 , -7.61427e-15 , 2.30932e-14 , 8.31534e-15 , 1.19733e-15
3.63699e-15 , 1.29121e-14 , 1.28288 , 5.50538 , -1.3643e-15 , 5.49641e-15 , 7.27397e-15 , 2.58241e-14 , 2.56576 , 11.0108 , -2.7286e-15 , 1.09928e-14 , 1.19448e-16 , 2.1716e-15 , 8.16783e-16 , -2.78972e-15 , 4.64601e-15 , 6.22183e-16 , 4.18068e-16 , 7.60058e-15 , 2.85874e-15 , -9.76402e-15 , 1.6261e-14 , 2.17764e-15
-8.2871e-15 , 1.4491e-14 , -1.40882 , -5.62063 , 2.25384e-15 , -4.40328e-15 , -1.65742e-14 , 2.89821e-14 , -2.81764 , -11.2413 , 4.50767e-15 , -8.80655e-15 , -3.14282e-15 , 3.30124e-16 , -1.1399e-14 , 3.48861e-15 , -2.3336e-15 , -1.08493e-16 , -1.09999e-14 , 1.15543e-15 , -3.98964e-14 , 1.22102e-14 , -8.16761e-15 , -3.79726e-16
-2.21957e-15 , 8.24202e-15 , 1.43412 , 5.38393 , -6.86272e-15 , 1.60898e-15 , -4.43914e-15 , 1.6484e-14 , 2.86824 , 10.7679 , -1.37254e-14 , 3.21796e-15 , -1.21901e-15 , 2.23346e-17 , 9.95127e-16 , 5.18038e-15 , 3.57189e-15 , -2.05158e-15 , -4.26655e-15 , 7.8171e-17 , 3.48294e-15 , 1.81313e-14 , 1.25016e-14 , -7.18053e-15
1.25458e-15 , 1.04744e-14 , -1.29023 , -5.41956 , -3.95499e-15 , -4.21483e-15 , 2.50916e-15 , 2.09488e-14 , -2.58045 , -10.8391 , -7.90998e-15 , -8.42965e-15 , -1.22199e-15 , -1.40956e-15 , 5.16089e-15 , 3.64283e-15 , -1.85858e-15 , 3.02299e-16 , -4.27696e-15 , -4.93345e-15 , 1.80631e-14 , 1.27499e-14 , -6.50503e-15 , 1.05805e-15
-1.81701e-15 , 1.45361e-14 , 1.32614 , 5.53632 , -1.17832e-14 , -1.24358e-16 , -3.63402e-15 , 2.90722e-14 , 2.65228 , 11.0726 , -2.35664e-14 , -2.48716e-16 , -3.59559e-15 , 1.54716e-15 , 4.7664e-15 , 7.40622e-15 , 2.37937e-15 , -1.79243e-15 , -1.25846e-14 , 5.41505e-15 , 1.66824e-14 , 2.59218e-14 , 8.3278e-15 , -6.27352e-15
-1.44357e-15 , 5.28282e-15 , -1.29513 , -5.52861 , -9.32653e-15 , -4.21053e-15 , -2.88715e-15 , 1.05656e-14 , -2.59026 , -11.0572 , -1.86531e-14 , -8.42106e-15 , -5.56351e-16 , -2.14582e-15 , 1.19089e-15 , -3.61208e-15 , -2.53103e-15 , -2.39105e-16 , -1.94723e-15 , -7.51038e-15 , 4.1681e-15 , -1.26423e-14 , -8.8586e-15 , -8.36868e-16
1.14005e-15 , 2.16326e-14 , 1.4519 , 5.34924 , -8.80059e-16 , -6.83019e-15 , 2.28011e-15 , 4.32653e-14 , 2.90379 , 10.6985 , -1.76012e-15 , -1.36604e-14 , -1.61825e-16 , -1.54809e-15 , 1.81134e-15 , -9.90691e-15 , 7.68641e-16 , -2.06281e-15 , -5.66387e-16 , -5.4183e-15 , 6.3397e-15 , -3.46742e-14 , 2.69024e-15 , -7.21984e-15
-9.09869e-15 , 1.33006e-14 , -1.31255 , -5.67143 , -3.45159e-15 , -8.67211e-15 , -1.81974e-14 , 2.66013e-14 , -2.6251 , -11.3429 , -6.90318e-15 , -1.73442e-14 , -2.78869e-15 , -1.75424e-16 , -2.35575e-15 , 2.05332e-15 , -1.96399e-15 , 3.24051e-15 , -9.76042e-15 , -6.13984e-16 , -8.24512e-15 , 7.18663e-15 , -6.87397e-15 , 1.13418e-14
-4.99389e-15 , 1.32117e-14 , 1.35371 , 5.25172 , -3.22638e-15 , -6.53095e-15 , -9.98779e-15 , 2.64233e-14 , 2.70743 , 10.5034 , -6.45276e-15 , -1.30619e-14 , 6.99094e-16 , 1.42151e-15 , -3.71624e-15 , -5.81113e-15 , 1.79674e-15 , 5.21288e-16 , 2.44683e-15 , 4.9753e-15 , -1.30068e-14 , -2.0339e-14 , 6.28859e-15 , 1.82451e-15
-6.25032e-15 , 5.94607e-15 , -1.37287 , -5.48163 , -9.10792e-15 , -6.09738e-15 , -1.25006e-14 , 1.18921e-14 , -2.74573 , -10.9633 , -1.82158e-14 , -1.21948e-14 , 2.08043e-15 , 1.39772e-15 , 1.60949e-15 , -4.06245e-15 , -5.77588e-15 , 2.81266e-15 , 7.2815e-15 , 4.89203e-15 , 5.63322e-15 , -1.42186e-14 , -2.02156e-14 , 9.84431e-15
-2.38779e-15 , 9.32572e-15 , 1.32059 , 5.40913 , -6.70235e-15 , 8.37845e-16 , -4.77558e-15 , 1.86514e-14 , 2.64118 , 10.8183 , -1.34047e-14 , 1.67569e-15 , 1.8564e-15 , 1.52956e-15 , 3.89146e-15 , 3.72221e-15 , -5.29918e-16 , -2.75325e-15 , 6.49741e-15 , 5.35347e-15 , 1.36201e-14 , 1.30277e-14 , -1.85471e-15 , -9.63639e-15
-5.35342e-15 , 7.05776e-15 , -1.21881 , -5.3268 , -3.68226e-15 , -4.44496e-15 , -1.07068e-14 , 1.41155e-14 , -2.43762 , -10.6536 , -7.36452e-15 , -8.88992e-15 , 6.7679e-16 , -2.5515e-15 , -3.53326e-15 , -5.21188e-15 , -3.0786e-15 , 2.55037e-15 , 2.36876e-15 , -8.93025e-15 , -1.23664e-14 , -1.82416e-14 , -1.07751e-14 , 8.92628e-15
7.50854e-15 , 1.28473e-14 , 1.41709 , 5.33157 , -3.16863e-15 , 2.41198e-15 , 1.50171e-14 , 2.56945e-14 , 2.83417 , 10.6631 , -6.33727e-15 , 4.82395e-15 , 1.28964e-15 , 1.96089e-15 , 4.1467e-15 , 2.94525e-15 , -2.84029e-15 , 6.58305e-16 , 4.51375e-15 , 6.86311e-15 , 1.45134e-14 , 1.03084e-14 , -9.941e-15 , 2.30407e-15
5.58061e-16 , 2.32456e-15 , -1.26804 , -5.46895 , -1.49093e-14 , -7.1458e-15 , 1.11612e-15 , 4.64912e-15 , -2.53608 , -10.9379 , -2.98185e-14 , -1.42916e-14 , -3.62309e-16 , -2.28497e-15 , -4.69363e-15 , -1.24297e-15 , -4.30253e-15 , 2.64243e-15 , -1.26808e-15 , -7.9974e-15 , -1.64277e-14 , -4.35039e-15 , -1.50588e-14 , 9.24852e-15
3.09166e-15 , 1.58893e-14 , 1.31156 , 5.36301 , -1.31077e-14 , 4.40655e-15 , 6.18331e-15 , 3.17786e-14 , 2.62311 , 10.726 , -2.62154e-14 , 8.8131e-15 , -4.00126e-15 , 3.55559e-15 , -1.93142e-15 , -1.2834e-15 , -1.00168e-15 , -6.97864e-16 , -1.40044e-14 , 1.24446e-14 , -6.75997e-15 , -4.49189e-15 , -3.50588e-15 , -2.44253e-15
3.98431e-16 , 6.44767e-15 , -1.39827 , -5.45707 , -1.00134e-14 , 7.32744e-16 , 7.96862e-16 , 1.28953e-14 , -2.79654 , -10.9141 , -2.00268e-14 , 1.46549e-15 , -1.60239e-15 , 8.42487e-16 , -3.11764e-15 , -9.27899e-16 , 9.094e-16 , -6.48032e-16 , -5.60836e-15 , 2.9487e-15 , -1.09117e-14 , -3.24765e-15 , 3.1829e-15 , -2.26811e-15
1.45964e-14 , 1.82968e-14 , 1.40051 , 5.48597 , -1.11618e-14 , -3.78727e-15 , 2.91929e-14 , 3.65936e-14 , 2.80101 , 10.9719 , -2.23237e-14 , -7.57454e-15 , -2.67792e-15 , -2.77153e-16 , 6.42967e-16 , -2.05197e-16 , 2.28703e-15 , 6.0311e-16 , -9.37271e-15 , -9.70036e-16 , 2.25039e-15 , -7.18188e-16 , 8.00462e-15 , 2.11088e-15
5.29587e-15 , 7.11546e-15 , -1.20201 , -5.29785 , 8.59284e-16 , -9.74814e-15 , 1.05917e-14 , 1.42309e-14 , -2.40401 , -10.5957 , 1.71857e-15 , -1.94963e-14 , 5.86337e-16 , -1.70229e-15 , 8.02421e-16 , -1.27011e-15 , -2.9512e-15 , 3.92137e-15 , 2.05218e-15 , -5.95802e-15 , 2.80847e-15 , -4.4454e-15 , -1.03292e-14 , 1.37248e-14
5.01532e-15 , 1.55759e-14 , 1.29598 , 5.36121 , -8.62598e-15 , -2.50736e-15 , 1.00306e-14 , 3.11517e-14 , 2.59196 , 10.7224 , -1.7252e-14 , -5.01472e-15 , -1.14046e-15 , -8.61941e-16 , -1.79407e-15 , -5.73384e-15 , -7.48952e-16 , 1.68164e-15 , -3.9916e-15 , -3.01679e-15 , -6.27924e-15 , -2.00684e-14 , -2.62133e-15 , 5.88575e-15
6.12552e-16 , 1.81202e-14 , -1.3045 , -5.55929 , -3.38991e-15 , 6.80912e-16 , 1.2251e-15 , 3.62404e-14 , -2.609 , -11.1186 , -6.77982e-15 , 1.36182e-15 , -1.65047e-16 , -2.67646e-15 , -9.89059e-16 , -1.74007e-16 , -6.07925e-15 , 1.14825e-15 , -5.77663e-16 , -9.36762e-15 , -3.46171e-15 , -6.09025e-16 , -2.12774e-14 , 4.01889e-15
8.94999e-15 , 1.75368e-14 , 1.48917 , 5.44813 , -6.4764e-15 , 3.75753e-15 , 1.79e-14 , 3.50735e-14 , 2.97835 , 10.8963 , -1.29528e-14 , 7.51507e-15 , -2.18773e-15 , 2.04446e-15 , -7.09886e-15 , 3.95754e-15 , 2.6599e-15 , 2.26857e-15 , -7.65707e-15 , 7.15563e-15 , -2.4846e-14 , 1.38514e-14 , 9.30965e-15 , 7.94e-15
-9.47097e-15 , 2.12719e-14 , -1.35653 , -5.55093 , -7.96169e-15 , -9.68561e-16 , -1.89419e-14 , 4.25438e-14 , -2.71306 , -11.1019 , -1.59234e-14 , -1.93712e-15 , 1.33822e-16 , 9.66481e-16 , -2.3568e-15 , -7.07887e-15 , 5.02548e-18 , 3.06615e-15 , 4.68375e-16 , 3.38268e-15 , -8.2488e-15 , -2.47761e-14 , 1.75892e-17 , 1.07315e-14
3.20003e-15 , 1.46339e-14 , 1.3784 , 5.40526 , 7.11692e-16 , -4.17727e-15 , 6.40005e-15 , 2.92678e-14 , 2.75681 , 10.8105 , 1.42338e-15 , -8.35453e-15 , 1.25792e-15 , 3.66868e-15 , 7.34065e-15 , -1.59904e-15 , 3.70772e-15 , 1.56645e-15 , 4.40273e-15 , 1.28404e-14 , 2.56923e-14 , -5.59663e-15 , 1.2977e-14 , 5.48257e-15
-9.41274e-15 , 1.48324e-14 , -1.32749 , -5.446 , -1.37626e-14 , -8.93337e-15 , -1.88255e-14 , 2.96648e-14 , -2.65499 , -10.892 , -2.75252e-14 , -1.78667e-14 , -2.70171e-15 , -1.41889e-15 , 3.6603e-15 , 7.14992e-15 , -4.76261e-15 , -1.0487e-15 , -9.45598e-15 , -4.96611e-15 , 1.2811e-14 , 2.50247e-14 , -1.66691e-14 , -3.67045e-15
1.37397e-15 , 1.0475e-14 , 1.39586 , 5.55804 , -1.07054e-14 , -5.94967e-15 , 2.74795e-15 , 2.095e-14 , 2.79172 , 11.1161 , -2.14108e-14 , -1.18993e-14 , -3.15075e-15 , 6.18421e-16 , 9.25349e-16 , -6.28325e-15 , -5.49269e-16 , -2.39647e-15 , -1.10276e-14 , 2.16447e-15 , 3.23872e-15 , -2.19914e-14 , -1.92244e-15 , -8.38766e-15
-3.67756e-15 , 7.1184e-15 , -1.29274 , -5.37479 , -4.94238e-15 , -7.53538e-15 , -7.35512e-15 , 1.42368e-14 , -2.58547 , -10.7496 , -9.88475e-15 , -1.50708e-14 , 2.51535e-15 , -2.12016e-16 , 1.18321e-15 , -1.23303e-15 , 2.87047e-16 , 3.88523e-15 , 8.80372e-15 , -7.42055e-16 , 4.14123e-15 , -4.31561e-15 , 1.00467e-15 , 1.35983e-14
-4.72814e-15 , 1.58147e-14 , 1.41985 , 5.37924 , -5.26408e-15 , 2.56771e-15 , -9.45628e-15 , 3.16294e-14 , 2.8397 , 10.7585 , -1.05282e-14 , 5.13543e-15 , 1.33822e-16 , 2.92548e-15 , -5.19495e-16 , 8.70998e-15 , 4.78844e-15 , -1.6012e-15 , 4.68375e-16 , 1.02392e-14 , -1.81823e-15 , 3.04849e-14 , 1.67595e-14 , -5.60421e-15
-3.89881e-16 , 8.84738e-15 , -1.3188 , -5.59345 , -1.63395e-14 , -2.12515e-15 , -7.79761e-16 , 1.76948e-14 , -2.6376 , -11.1869 , -3.26789e-14 , -4.25029e-15 , 2.56739e-16 , 1.26659e-15 , -1.07245e-14 , 8.25801e-15 , 9.89351e-16 , -2.27295e-15 , 8.98587e-16 , 4.43306e-15 , -3.75359e-14 , 2.8903e-14 , 3.46273e-15 , -7.95532e-15
3.23132e-15 , 1.24722e-14 , 1.39196 , 5.35978 , -1.56465e-14 , -1.42447e-15 , 6.46263e-15 , 2.49444e-14 , 2.78392 , 10.7196 , -3.12929e-14 , -2.84893e-15 , -4.98906e-15 , 3.60797e-15 , 4.11821e-15 , -1.3444e-15 , 3.23329e-15 , -3.09041e-16 , -1.74617e-14 , 1.26279e-14 , 1.44137e-14 , -4.70538e-15 , 1.13165e-14 , -1.08164e-15
-4.42303e-15 , 1.40285e-14 , -1.37865 , -5.39284 , -1.16882e-15 , -4.32172e-15 , -8.84605e-15 , 2.80571e-14 , -2.75729 , -10.7857 , -2.33764e-15 , -8.64345e-15 , 3.00553e-15 , -4.76065e-16 , -2.54667e-15 , 9.37097e-15 , -3.1184e-15 , 2.45461e-15 , 1.05194e-14 , -1.66623e-15 , -8.91333e-15 , 3.27984e-14 , -1.09144e-14 , 8.59115e-15
2.15136e-15 , 1.71648e-14 , 1.38558 , 5.46068 , -7.45247e-15 , 7.6935e-16 , 4.30271e-15 , 3.43297e-14 , 2.77115 , 10.9214 , -1.49049e-14 , 1.5387e-15 , 3.21172e-15 , 6.59931e-16 , 6.53451e-15 , -2.39801e-15 , 4.0546e-15 , 2.42704e-15 , 1.1241e-14 , 2.30976e-15 , 2.28708e-14 , -8.39302e-15 , 1.41911e-14 , 8.49464e-15
-3.06334e-15 , 1.38125e-14 , -1.26017 , -5.35836 , 1.36127e-15 , -3.7455e-15 , -6.12668e-15 , 2.76249e-14 , -2.52035 , -10.7167 , 2.72253e-15 , -7.491e-15 , 1.23909e-16 , -1.74886e-15 , 5.05743e-16 , 3.12575e-15 , -1.6397e-16 , -5.08921e-15 , 4.33681e-16 , -6.121e-15 , 1.7701e-15 , 1.09401e-14 , -5.73897e-16 , -1.78122e-14
-2.23609e-16 , 2.49823e-14 , 1.40074 , 5.56048 , -9.84637e-15 , -2.69596e-15 , -4.47218e-16 , 4.99645e-14 , 2.80148 , 11.121 , -1.96927e-14 , -5.39193e-15 , 5.47181e-16 , 1.61693e-16 , 3.28174e-15 , 4.16177e-15 , 1.87275e-15 , -3.18149e-15 , 1.91513e-15 , 5.65926e-16 , 1.14861e-14 , 1.45662e-14 , 6.55463e-15 , -1.11352e-14
-6.58502e-16 , 1.62869e-14 , -1.36387 , -5.49617 , -5.42603e-15 , -4.09697e-15 , -1.317e-15 , 3.25738e-14 , -2.72773 , -10.9923 , -1.08521e-14 , -8.19394e-15 , 8.51501e-16 , -1.34578e-15 , -9.4368e-16 , 1.63467e-15 , -1.74381e-15 , 5.20618e-15 , 2.98025e-15 , -4.71023e-15 , -3.30288e-15 , 5.72136e-15 , -6.10334e-15 , 1.82216e-14
1.5342e-15 , 1.50315e-14 , 1.35621 , 5.47625 , -1.0082e-14 , -2.18833e-15 , 3.0684e-15 , 3.00631e-14 , 2.71242 , 10.9525 , -2.0164e-14 , -4.37667e-15 , -3.23848e-15 , 2.45673e-15 , 1.38716e-15 , 5.93231e-16 , 9.8232e-16 , 1.65172e-15 , -1.13347e-14 , 8.59856e-15 , 4.85507e-15 , 2.07631e-15 , 3.43812e-15 , 5.78103e-15
-2.24909e-15 , 8.4893e-15 , -1.30015 , -5.32572 , 3.32738e-15 , -5.27369e-15 , -4.49819e-15 , 1.69786e-14 , -2.6003 , -10.6514 , 6.65476e-15 , -1.05474e-14 , 1.49384e-15 , 2.06796e-16 , -1.63092e-15 , 3.61444e-15 , 1.47835e-16 , 2.59466e-15 , 5.22846e-15 , 7.23786e-16 , -5.70823e-15 , 1.26505e-14 , 5.17423e-16 , 9.08132e-15
5.43947e-15 , 1.32964e-14 , 1.36545 , 5.59018 , -1.03239e-14 , -2.5527e-16 , 1.08789e-14 , 2.65928e-14 , 2.7309 , 11.1804 , -2.06478e-14 , -5.1054e-16 , -2.71311e-15 , 4.34746e-15 , 1.4904e-15 , -3.41287e-15 , -1.57443e-15 , -2.54958e-15 , -9.49588e-15 , 1.52161e-14 , 5.21639e-15 , -1.1945e-14 , -5.51051e-15 , -8.92352e-15
-2.87499e-15 , 8.57383e-15 , -1.33857 , -5.48919 , -8.20277e-15 , -1.14211e-14 , -5.74998e-15 , 1.71477e-14 , -2.67715 , -10.9784 , -1.64055e-14 , -2.28422e-14 , 2.51287e-15 , -3.68679e-15 , 1.30276e-15 , -2.81104e-15 , 9.04947e-16 , -3.1877e-15 , 8.79505e-15 , -1.29038e-14 , 4.55964e-15 , -9.83863e-15 , 3.16731e-15 , -1.1157e-14
7.71588e-15 , 1.63404e-14 , 1.37767 , 5.4831 , 2.82897e-15 , 8.69404e-15 , 1.54318e-14 , 3.26807e-14 , 2.75535 , 10.9662 , 5.65793e-15 , 1.73881e-14 , 2.80232e-15 , -2.27754e-16 , -3.53241e-15 , 1.3459e-15 , 1.48762e-15 , 3.97309e-16 , 9.80813e-15 , -7.97138e-16 , -1.23634e-14 , 4.71065e-15 , 5.20668e-15 , 1.39058e-15
-7.42004e-15 , 8.93515e-15 , -1.2526 , -5.42934 , -7.82616e-15 , 2.36605e-15 , -1.48401e-14 , 1.78703e-14 , -2.50519 , -10.8587 , -1.56523e-14 , 4.7321e-15 , 3.20577e-15 , 9.77136e-16 , 1.43032e-15 , 1.52884e-15 , -1.36213e-15 , 2.05253e-15 , 1.12202e-14 , 3.41997e-15 , 5.00613e-15 , 5.35095e-15 , -4.76744e-15 , 7.18385e-15
2.25784e-15 , 1.43076e-14 , 1.34191 , 5.49878 , -1.43657e-14 , -8.90579e-16 , 4.51569e-15 , 2.86152e-14 , 2.68382 , 10.9976 , -2.87314e-14 , -1.78116e-15 , -2.82016e-15 , 8.08124e-16 , -1.70458e-15 , 8.01245e-15 , -2.43685e-16 , 4.57558e-15 , -9.87058e-15 , 2.82843e-15 , -5.96601e-15 , 2.80436e-14 , -8.52898e-16 , 1.60145e-14
-2.00628e-15 , 1.18928e-14 , -1.32207 , -5.44079 , -6.43261e-16 , -1.17924e-15 , -4.01256e-15 , 2.37856e-14 , -2.64415 , -10.8816 , -1.28652e-15 , -2.35848e-15 , -2.85089e-15 , 2.98099e-15 , 3.43472e-15 , 1.30229e-14 , -1.57122e-15 , 1.07832e-15 , -9.97813e-15 , 1.04335e-14 , 1.20215e-14 , 4.558e-14 , -5.49928e-15 , 3.77411e-15
-1.41682e-15 , 1.04785e-14 , 1.39599 , 5.46174 , -6.31578e-15 , -2.83566e-15 , -2.83364e-15 , 2.09571e-14 , 2.79198 , 10.9235 , -1.26316e-14 , -5.67131e-15 , 4.15838e-15 , 4.95659e-15 , 7.54956e-15 , 3.21248e-15 , 2.57742e-16 , -1.24906e-16 , 1.45543e-14 , 1.73481e-14 , 2.64235e-14 , 1.12437e-14 , 9.02096e-16 , -4.37172e-16
-4.82197e-15 , 1.34933e-14 , -1.34388 , -5.38554 , 3.45477e-15 , 1.67155e-15 , -9.64394e-15 , 2.69866e-14 , -2.68776 , -10.7711 , 6.90954e-15 , 3.34311e-15 , 3.02833e-15 , -4.71606e-16 , -2.07788e-15 , 1.38515e-15 , -4.03311e-15 , 2.09121e-15 , 1.05992e-14 , -1.65062e-15 , -7.27258e-15 , 4.84804e-15 , -1.41159e-14 , 7.31924e-15
1.30649e-16 , 1.80189e-14 , 1.34763 , 5.49545 , -4.27369e-15 , -2.73828e-15 , 2.61297e-16 , 3.60377e-14 , 2.69526 , 10.9909 , -8.54737e-15 , -5.47656e-15 , 6.21527e-16 , 4.14652e-15 , -6.0584e-15 , -1.89262e-15 , -5.243e-15 , -4.28864e-15 , 2.17534e-15 , 1.45128e-14 , -2.12044e-14 , -6.62416e-15 , -1.83505e-14 , -1.50102e-14
-8.42059e-15 , 1.00904e-14 , -1.31044 , -5.44779 , -6.2607e-15 , -1.80635e-15 , -1.68412e-14 , 2.01808e-14 , -2.62089 , -10.8956 , -1.25214e-14 , -3.6127e-15 , -1.13005e-16 , -2.90476e-15 , 2.50254e-15 , -1.21225e-15 , -2.70787e-16 , 5.20265e-15 , -3.95517e-16 , -1.01667e-14 , 8.75891e-15 , -4.24288e-15 , -9.47755e-16 , 1.82093e-14
-2.58234e-16 , 1.47924e-14 , 1.34586 , 5.4446 , -8.47964e-15 , -6.76593e-15 , -5.16469e-16 , 2.95848e-14 , 2.69173 , 10.8892 , -1.69593e-14 , -1.35319e-14 , 4.58958e-16 , -1.59851e-15 , 5.03245e-15 , 3.42639e-16 , 2.11296e-15 , 4.57985e-15 , 1.60635e-15 , -5.59479e-15 , 1.76136e-14 , 1.19924e-15 , 7.39534e-15 , 1.60295e-14
-4.95663e-15 , 1.65819e-14 , -1.34381 , -5.36728 , 3.53034e-16 , 4.76203e-16 , -9.91325e-15 , 3.31638e-14 , -2.68762 , -10.7346 , 7.06069e-16 , 9.52406e-16 , -2.52774e-15 , 9.80775e-16 , -1.96983e-16 , -3.10119e-15 , 2.08458e-15 , 6.77713e-16 , -8.84709e-15 , 3.43271e-15 , -6.89442e-16 , -1.08542e-14 , 7.29605e-15 , 2.372e-15
5.85286e-16 , 1.88329e-14 , 1.34014 , 5.47809 , 1.26315e-15 , 7.30146e-15 , 1.17057e-15 , 3.76659e-14 , 2.68028 , 10.9562 , 2.52629e-15 , 1.46029e-14 , -4.16433e-15 , 1.93537e-15 , -7.13021e-15 , 8.16689e-15 , 1.62917e-15 , 1.41987e-15 , -1.45751e-14 , 6.77379e-15 , -2.49557e-14 , 2.85841e-14 , 5.70209e-15 , 4.96956e-15
-1.1666e-14 , 4.89333e-15 , -1.33167 , -5.42385 , -1.13056e-14 , -4.89212e-15 , -2.3332e-14 , 9.78665e-15 , -2.66333 , -10.8477 , -2.26113e-14 , -9.78424e-15 , 3.41394e-15 , -2.9499e-16 , 7.00931e-16 , 1.7731e-15 , -1.12745e-15 , 3.27231e-15 , 1.19488e-14 , -1.03246e-15 , 2.45326e-15 , 6.20585e-15 , -3.94609e-15 , 1.14531e-14
2.27559e-15 , 1.88097e-14 , 1.36851 , 5.46886 , -1.02983e-14 , 1.22886e-14 , 4.55118e-15 , 3.76194e-14 , 2.73702 , 10.9377 , -2.05967e-14 , 2.45772e-14 , 2.53567e-15 , -1.4295e-15 , 1.86157e-15 , 6.68861e-15 , -1.45105e-15 , -3.23568e-16 , 8.87485e-15 , -5.00325e-15 , 6.51551e-15 , 2.34101e-14 , -5.07866e-15 , -1.13249e-15
-1.9706e-15 , 8.90389e-15 , -1.31336 , -5.37344 , -5.43506e-15 , -5.20197e-15 , -3.9412e-15 , 1.78078e-14 , -2.62672 , -10.7469 , -1.08701e-14 , -1.04039e-14 , -2.06283e-15 , -1.17057e-16 , -4.71793e-15 , 2.31444e-15 , -1.74272e-15 , 1.44743e-15 , -7.21992e-15 , -4.09699e-16 , -1.65128e-14 , 8.10054e-15 , -6.09951e-15 , 5.06599e-15
2.69978e-15 , 1.80449e-14 , 1.30819 , 5.47036 , -2.76252e-15 , -7.28978e-15 , 5.39956e-15 , 3.60898e-14 , 2.61639 , 10.9407 , -5.52503e-15 , -1.45796e-14 , -3.38122e-15 , 3.48423e-15 , -4.47702e-15 , 3.87483e-15 , 7.1306e-15 , -3.0706e-16 , -1.18343e-14 , 1.21948e-14 , -1.56696e-14 , 1.35619e-14 , 2.49571e-14 , -1.07471e-15
-1.23274e-14 , 1.08891e-14 , -1.32747 , -5.35013 , -2.05064e-15 , -1.12491e-14 , -2.46548e-14 , 2.17782e-14 , -2.65493 , -10.7003 , -4.10129e-15 , -2.24982e-14 , -2.64273e-15 , -1.66096e-15 , 3.54278e-15 , 2.66504e-15 , 1.84414e-15 , 3.72599e-15 , -9.24955e-15 , -5.81336e-15 , 1.23997e-14 , 9.32763e-15 , 6.45449e-15 , 1.3041e-14
-2.74094e-15 , 1.47711e-14 , 1.35585 , 5.52213 , -4.20675e-15 , -1.20631e-14 , -5.48187e-15 , 2.95422e-14 , 2.71169 , 11.0443 , -8.4135e-15 , -2.41262e-14 , -2.21846e-15 , 2.64561e-15 , -8.00292e-16 , -3.52599e-15 , 2.47256e-15 , 7.78223e-16 , -7.76462e-15 , 9.25965e-15 , -2.80102e-15 , -1.2341e-14 , 8.65395e-15 , 2.72378e-15
-3.2448e-15 , 1.20347e-14 , -1.35741 , -5.3912 , 8.14866e-16 , -2.36058e-15 , -6.48959e-15 , 2.40695e-14 , -2.71482 , -10.7824 , 1.62973e-15 , -4.72115e-15 , 4.72836e-16 , -1.37101e-15 , -3.45763e-15 , 7.52708e-15 , -2.164e-15 , -3.55051e-16 , 1.65493e-15 , -4.79855e-15 , -1.21017e-14 , 2.63448e-14 , -7.574e-15 , -1.24268e-15
-2.78429e-15 , 1.65939e-14 , 1.32803 , 5.42287 , -7.77615e-15 , -1.26188e-15 , -5.56858e-15 , 3.31877e-14 , 2.65606 , 10.8457 , -1.55523e-14 , -2.52375e-15 , -2.43654e-15 , -1.29469e-15 , -1.63423e-15 , 6.34163e-16 , 3.7422e-15 , 3.0509e-15 , -8.5279e-15 , -4.5314e-15 , -5.71982e-15 , 2.21957e-15 , 1.30977e-14 , 1.06781e-14
-9.16177e-15 , 1.40386e-14 , -1.32636 , -5.39017 , 1.09282e-16 , -1.06276e-15 , -1.83235e-14 , 2.80771e-14 , -2.65271 , -10.7803 , 2.18565e-16 , -2.12552e-15 , 6.84968e-16 , -6.00797e-16 , 2.84739e-16 , 1.06458e-16 , -3.04531e-15 , 3.27502e-15 , 2.39739e-15 , -2.10279e-15 , 9.96585e-16 , 3.72604e-16 , -1.06586e-14 , 1.14626e-14
-5.70244e-15 , 1.97922e-14 , 1.34277 , 5.54296 , -1.71356e-14 , 4.01726e-15 , -1.14049e-14 , 3.95845e-14 , 2.68553 , 11.0859 , -3.42711e-14 , 8.03453e-15 , -5.21408e-16 , -2.5992e-15 , 1.34914e-15 , 1.10109e-15 , 6.14464e-15 , -1.94049e-15 , -1.82493e-15 , -9.09719e-15 , 4.722e-15 , 3.85382e-15 , 2.15062e-14 , -6.7917e-15
-1.89885e-15 , 7.33281e-15 , -1.34153 , -5.42898 , -2.20296e-15 , -8.3079e-15 , -3.7977e-15 , 1.46656e-14 , -2.68305 , -10.858 , -4.40592e-15 , -1.66158e-14 , 1.27279e-15 , -1.41066e-15 , 2.7554e-16 , -6.53721e-15 , -1.47241e-15 , -2.04779e-15 , 4.45477e-15 , -4.93733e-15 , 9.64391e-16 , -2.28802e-14 , -5.15343e-15 , -7.16728e-15
-5.52625e-15 , 1.83454e-14 , 1.36481 , 5.46266 , -1.67131e-15 , 6.0815e-15 , -1.10525e-14 , 3.66907e-14 , 2.72961 , 10.9253 , -3.34261e-15 , 1.2163e-14 , -1.49384e-15 , -3.61327e-15 , 4.46256e-15 , 1.9996e-15 , 1.69708e-15 , -5.9843e-15 , -5.22846e-15 , -1.26464e-14 , 1.5619e-14 , 6.99862e-15 , 5.93978e-15 , -2.09451e-14
-6.63764e-15 , 1.84523e-14 , -1.36308 , -5.49268 , -7.52581e-15 , -1.22853e-14 , -1.32753e-14 , 3.69047e-14 , -2.72616 , -10.9854 , -1.50516e-14 , -2.45705e-14 , 1.65542e-15 , -2.57343e-15 , 1.11771e-15 , 1.04714e-14 , -2.63041e-15 , -1.48211e-15 , 5.79398e-15 , -9.00699e-15 , 3.91197e-15 , 3.66498e-14 , -9.20643e-15 , -5.1874e-15
9.1583e-16 , 1.74147e-14 , 1.3249 , 5.47191 , -3.45023e-15 , 6.47825e-16 , 1.83166e-15 , 3.48294e-14 , 2.6498 , 10.9438 , -6.90047e-15 , 1.29565e-15 , 2.31957e-15 , 3.2505e-16 , 3.18221e-15 , 1.536e-15 , 2.97551e-15 , 2.36289e-15 , 8.11851e-15 , 1.13767e-15 , 1.11377e-14 , 5.376e-15 , 1.04143e-14 , 8.27011e-15
-1.12407e-14 , 1.43685e-14 , -1.36909 , -5.46681 , 6.28634e-15 , -5.48213e-15 , -2.24814e-14 , 2.8737e-14 , -2.73818 , -10.9336 , 1.25727e-14 , -1.09643e-14 , 1.70201e-15 , -4.34185e-15 , 2.24557e-15 , 7.98042e-15 , -1.39939e-16 , 3.65259e-15 , 5.95704e-15 , -1.51965e-14 , 7.8595e-15 , 2.79315e-14 , -4.89786e-16 , 1.27841e-14
-3.88055e-15 , 1.86731e-14 , 1.35892 , 5.52593 , -3.76488e-15 , -7.25275e-15 , -7.76111e-15 , 3.73463e-14 , 2.71783 , 11.0519 , -7.52976e-15 , -1.45055e-14 , 1.51664e-16 , -8.28789e-16 , 7.35201e-16 , 5.30694e-15 , 7.28709e-15 , -3.37907e-15 , 5.30825e-16 , -2.90076e-15 , 2.5732e-15 , 1.85743e-14 , 2.55048e-14 , -1.18268e-14
