0.000259158 , 0.000125594 , 6.59057e-06 , -0.000127453 , -1.99741e-05 , 3.97278e-07 , 2.1869e-09 , -5.34889e-11
0.000257288 , 0.000125844 , 6.35978e-06 , -0.00012744 , -1.99705e-05 , 3.96529e-07 , 2.27875e-09 , -3.12248e-10
0.000255418 , 0.000126094 , 6.12907e-06 , -0.000127427 , -1.99668e-05 , 3.95779e-07 , 2.36994e-09 , -5.69688e-10
0.000253547 , 0.000126345 , 5.89842e-06 , -0.000127414 , -1.99632e-05 , 3.9503e-07 , 2.46047e-09 , -8.25809e-10
0.000251677 , 0.000126595 , 5.66785e-06 , -0.000127401 , -1.99595e-05 , 3.94281e-07 , 2.55034e-09 , -1.08061e-09
0.000249807 , 0.000126845 , 5.43735e-06 , -0.000127388 , -1.99559e-05 , 3.93531e-07 , 2.63955e-09 , -1.33409e-09
0.000247937 , 0.000127095 , 5.20693e-06 , -0.000127375 , -1.99522e-05 , 3.92782e-07 , 2.7281e-09 , -1.58626e-09
0.000246067 , 0.000127346 , 4.97657e-06 , -0.000127362 , -1.99486e-05 , 3.92032e-07 , 2.81598e-09 , -1.8371e-09
0.000244197 , 0.000127596 , 4.74629e-06 , -0.000127349 , -1.99449e-05 , 3.91283e-07 , 2.90321e-09 , -2.08663e-09
0.000242327 , 0.000127846 , 4.51608e-06 , -0.000127336 , -1.99413e-05 , 3.90534e-07 , 2.98977e-09 , -2.33483e-09
0.000240457 , 0.000128096 , 4.28594e-06 , -0.000127323 , -1.99376e-05 , 3.89784e-07 , 3.07567e-09 , -2.58172e-09
0.000238587 , 0.000128347 , 4.05588e-06 , -0.00012731 , -1.9934e-05 , 3.89035e-07 , 3.16092e-09 , -2.82729e-09
0.000236717 , 0.000128597 , 3.82588e-06 , -0.000127296 , -1.99303e-05 , 3.88285e-07 , 3.2455e-09 , -3.07154e-09
0.000234846 , 0.000128847 , 3.59596e-06 , -0.000127283 , -1.99267e-05 , 3.87536e-07 , 3.32942e-09 , -3.31447e-09
0.000232976 , 0.000129098 , 3.36611e-06 , -0.00012727 , -1.9923e-05 , 3.86787e-07 , 3.41268e-09 , -3.55608e-09
0.000231106 , 0.000129348 , 3.13633e-06 , -0.000127256 , -1.99194e-05 , 3.86037e-07 , 3.49528e-09 , -3.79637e-09
0.000229236 , 0.000129598 , 2.90662e-06 , -0.000127243 , -1.99157e-05 , 3.85288e-07 , 3.57721e-09 , -4.03535e-09
0.000227366 , 0.000129848 , 2.67699e-06 , -0.00012723 , -1.9912e-05 , 3.84538e-07 , 3.65849e-09 , -4.273e-09
0.000225496 , 0.000130099 , 2.44742e-06 , -0.000127216 , -1.99084e-05 , 3.83789e-07 , 3.7391e-09 , -4.50934e-09
0.000223626 , 0.000130349 , 2.21793e-06 , -0.000127203 , -1.99047e-05 , 3.8304e-07 , 3.81906e-09 , -4.74435e-09
0.000221756 , 0.000130599 , 1.98851e-06 , -0.000127189 , -1.99011e-05 , 3.8229e-07 , 3.89835e-09 , -4.97805e-09
0.000219886 , 0.000130849 , 1.75917e-06 , -0.000127175 , -1.98974e-05 , 3.81541e-07 , 3.97699e-09 , -5.21043e-09
0.000218015 , 0.0001311 , 1.52989e-06 , -0.000127162 , -1.98938e-05 , 3.80792e-07 , 4.05496e-09 , -5.44149e-09
0.000216145 , 0.00013135 , 1.30069e-06 , -0.000127148 , -1.98901e-05 , 3.80042e-07 , 4.13227e-09 , -5.67123e-09
0.000214275 , 0.0001316 , 1.07156e-06 , -0.000127134 , -1.98865e-05 , 3.79293e-07 , 4.20892e-09 , -5.89965e-09
0.000212405 , 0.00013185 , 8.42499e-07 , -0.000127121 , -1.98828e-05 , 3.78543e-07 , 4.28491e-09 , -6.12675e-09
0.000210535 , 0.000132101 , 8.14203e-07 , -0.000127106 , -2.05332e-05 , 3.76855e-07 , 4.3515e-09 , -6.35325e-09
0.000208665 , 0.000132351 , 7.85979e-07 , -0.00012709 , -2.11836e-05 , 3.75167e-07 , 4.40155e-09 , -6.57974e-09
0.000206795 , 0.000132601 , 7.57827e-07 , -0.000127075 , -2.1834e-05 , 3.73479e-07 , 4.43506e-09 , -6.80621e-09
0.000204925 , 0.000132852 , 7.29747e-07 , -0.00012706 , -2.24843e-05 , 3.71791e-07 , 4.45202e-09 , -7.03267e-09
0.000203055 , 0.000133102 , 7.01739e-07 , -0.000127045 , -2.31347e-05 , 3.70102e-07 , 4.45244e-09 , -7.25912e-09
0.000201185 , 0.000133352 , 6.73802e-07 , -0.000127029 , -2.37851e-05 , 3.68414e-07 , 4.43632e-09 , -7.48555e-09
0.000199314 , 0.000133602 , 6.45938e-07 , -0.000127014 , -2.44355e-05 , 3.66726e-07 , 4.40366e-09 , -7.71196e-09
0.000197444 , 0.000133853 , 6.18146e-07 , -0.000126999 , -2.50858e-05 , 3.65038e-07 , 4.35445e-09 , -7.93837e-09
0.000195574 , 0.000134103 , 5.90426e-07 , -0.000126983 , -2.57362e-05 , 3.6335e-07 , 4.2887e-09 , -8.16476e-09
0.000193704 , 0.000134353 , 5.62777e-07 , -0.000126968 , -2.63866e-05 , 3.61662e-07 , 4.2064e-09 , -8.39113e-09
0.000191834 , 0.000134603 , 5.35201e-07 , -0.000126952 , -2.70369e-05 , 3.59973e-07 , 4.10757e-09 , -8.61749e-09
0.000189964 , 0.000134854 , 5.07697e-07 , -0.000126937 , -2.76873e-05 , 3.58285e-07 , 3.99219e-09 , -8.84384e-09
0.000188094 , 0.000135104 , 4.80264e-07 , -0.000126921 , -2.83377e-05 , 3.56597e-07 , 3.86027e-09 , -9.07017e-09
0.000186224 , 0.000135354 , 4.52904e-07 , -0.000126905 , -2.89881e-05 , 3.54909e-07 , 3.7118e-09 , -9.29649e-09
0.000184354 , 0.000135605 , 4.25615e-07 , -0.00012689 , -2.96384e-05 , 3.53221e-07 , 3.54679e-09 , -9.52279e-09
0.000182483 , 0.000135855 , 3.98399e-07 , -0.000126874 , -3.02888e-05 , 3.51532e-07 , 3.36524e-09 , -9.74908e-09
0.000180613 , 0.000136105 , 3.71254e-07 , -0.000126858 , -3.09392e-05 , 3.49844e-07 , 3.16715e-09 , -9.97536e-09
0.000178743 , 0.000136355 , 3.44182e-07 , -0.000126842 , -3.15896e-05 , 3.48156e-07 , 2.95251e-09 , -1.02016e-08
0.000176873 , 0.000136606 , 3.17181e-07 , -0.000126826 , -3.22399e-05 , 3.46468e-07 , 2.72133e-09 , -1.04279e-08
0.000175003 , 0.000136856 , 2.90253e-07 , -0.000126811 , -3.28903e-05 , 3.4478e-07 , 2.47361e-09 , -1.06541e-08
0.000173133 , 0.000137106 , 2.63396e-07 , -0.000126795 , -3.35407e-05 , 3.43092e-07 , 2.20934e-09 , -1.08803e-08
0.000171263 , 0.000137356 , 2.36612e-07 , -0.000126779 , -3.41911e-05 , 3.41403e-07 , 1.92853e-09 , -1.11065e-08
0.000169393 , 0.000137607 , 2.09899e-07 , -0.000126763 , -3.48414e-05 , 3.39715e-07 , 1.63118e-09 , -1.13327e-08
0.000167523 , 0.000137857 , 1.83258e-07 , -0.000126747 , -3.54918e-05 , 3.38027e-07 , 1.31729e-09 , -1.15589e-08
0.000165653 , 0.000138107 , 1.5669e-07 , -0.00012673 , -3.61422e-05 , 3.36339e-07 , 9.86851e-10 , -1.17851e-08
0.000169722 , 0.000138375 , 1.30169e-07 , -0.000126714 , -3.67926e-05 , 3.34651e-07 , 6.15301e-10 , -1.20101e-08
0.000173791 , 0.000138643 , 1.03677e-07 , -0.000126698 , -3.74429e-05 , 3.32962e-07 , 2.27208e-10 , -1.22352e-08
0.00017786 , 0.000138912 , 7.72146e-08 , -0.000126682 , -3.80933e-05 , 3.31274e-07 , -1.77428e-10 , -1.24602e-08
0.000181929 , 0.00013918 , 5.07806e-08 , -0.000126666 , -3.87437e-05 , 3.29586e-07 , -5.98607e-10 , -1.26853e-08
0.000185998 , 0.000139448 , 2.43754e-08 , -0.000126649 , -3.93941e-05 , 3.27898e-07 , -1.03633e-09 , -1.29103e-08
0.000190067 , 0.000139716 , -2.001e-09 , -0.000126633 , -4.00444e-05 , 3.2621e-07 , -1.49059e-09 , -1.31353e-08
0.000194136 , 0.000139984 , -2.83486e-08 , -0.000126617 , -4.06948e-05 , 3.24522e-07 , -1.9614e-09 , -1.33603e-08
0.000198205 , 0.000140252 , -5.46674e-08 , -0.0001266 , -4.13452e-05 , 3.22833e-07 , -2.44875e-09 , -1.35853e-08
0.000202274 , 0.00014052 , -8.09573e-08 , -0.000126584 , -4.19956e-05 , 3.21145e-07 , -2.95265e-09 , -1.38102e-08
0.000206343 , 0.000140789 , -1.07218e-07 , -0.000126567 , -4.26459e-05 , 3.19457e-07 , -3.47308e-09 , -1.40352e-08
0.000210412 , 0.000141057 , -1.33451e-07 , -0.000126551 , -4.32963e-05 , 3.17769e-07 , -4.01006e-09 , -1.42601e-08
0.000214481 , 0.000141325 , -1.59654e-07 , -0.000126534 , -4.39467e-05 , 3.16081e-07 , -4.56358e-09 , -1.4485e-08
0.00021855 , 0.000141593 , -1.85829e-07 , -0.000126518 , -4.45971e-05 , 3.14392e-07 , -5.13365e-09 , -1.47099e-08
0.000222619 , 0.000141861 , -2.11975e-07 , -0.000126501 , -4.52474e-05 , 3.12704e-07 , -5.72026e-09 , -1.49348e-08
0.000226688 , 0.000142129 , -2.38092e-07 , -0.000126484 , -4.58978e-05 , 3.11016e-07 , -6.32341e-09 , -1.51597e-08
0.000230757 , 0.000142397 , -2.6418e-07 , -0.000126468 , -4.65482e-05 , 3.09328e-07 , -6.9431e-09 , -1.53845e-08
0.000234826 , 0.000142665 , -2.9024e-07 , -0.000126451 , -4.71986e-05 , 3.0764e-07 , -7.57934e-09 , -1.56094e-08
0.000238895 , 0.000142934 , -3.16271e-07 , -0.000126434 , -4.78489e-05 , 3.05952e-07 , -8.23212e-09 , -1.58342e-08
0.000242964 , 0.000143202 , -3.42272e-07 , -0.000126417 , -4.84993e-05 , 3.04263e-07 , -8.90144e-09 , -1.6059e-08
0.000247033 , 0.00014347 , -3.68245e-07 , -0.0001264 , -4.91497e-05 , 3.02575e-07 , -9.58731e-09 , -1.62838e-08
0.000251102 , 0.000143738 , -3.9419e-07 , -0.000126383 , -4.98001e-05 , 3.00887e-07 , -1.02897e-08 , -1.65086e-08
0.000255171 , 0.000144006 , -4.20105e-07 , -0.000126366 , -5.04504e-05 , 2.99199e-07 , -1.10087e-08 , -1.67334e-08
0.00025924 , 0.000144274 , -4.45992e-07 , -0.000126349 , -5.11008e-05 , 2.97511e-07 , -1.17442e-08 , -1.69582e-08
0.000263309 , 0.000144542 , -4.71849e-07 , -0.000126332 , -5.17512e-05 , 2.95822e-07 , -1.24962e-08 , -1.71829e-08
0.000267378 , 0.000144811 , -4.97678e-07 , -0.000126315 , -5.24016e-05 , 2.94134e-07 , -1.32648e-08 , -1.74077e-08
0.000271447 , 0.000145079 , -4.57295e-07 , -0.000125835 , -5.25544e-05 , 2.89964e-07 , -1.4035e-08 , -1.76323e-08
0.000275516 , 0.000145347 , -4.16883e-07 , -0.000125354 , -5.27073e-05 , 2.85794e-07 , -1.47945e-08 , -1.78567e-08
0.000279585 , 0.000145615 , -3.76442e-07 , -0.000124874 , -5.28602e-05 , 2.81623e-07 , -1.55434e-08 , -1.8081e-08
0.000283654 , 0.000145883 , -3.35972e-07 , -0.000124393 , -5.30131e-05 , 2.77453e-07 , -1.62817e-08 , -1.83051e-08
0.000287723 , 0.000146151 , -2.95473e-07 , -0.000123912 , -5.3166e-05 , 2.73283e-07 , -1.70093e-08 , -1.85289e-08
0.000291792 , 0.000146419 , -2.54946e-07 , -0.000123432 , -5.33189e-05 , 2.69112e-07 , -1.77263e-08 , -1.87526e-08
0.000295861 , 0.000146687 , -2.14389e-07 , -0.000122951 , -5.34718e-05 , 2.64942e-07 , -1.84327e-08 , -1.89762e-08
0.00029993 , 0.000146956 , -1.73804e-07 , -0.00012247 , -5.36247e-05 , 2.60772e-07 , -1.91284e-08 , -1.91995e-08
0.000303999 , 0.000147224 , -1.3319e-07 , -0.000121989 , -5.37776e-05 , 2.56601e-07 , -1.98135e-08 , -1.94226e-08
0.000308068 , 0.000147492 , -9.25475e-08 , -0.000121508 , -5.39305e-05 , 2.52431e-07 , -2.0488e-08 , -1.96456e-08
0.000312137 , 0.00014776 , -5.1876e-08 , -0.000121027 , -5.40834e-05 , 2.48261e-07 , -2.11518e-08 , -1.98684e-08
0.000316206 , 0.000148028 , -1.11756e-08 , -0.000120546 , -5.42363e-05 , 2.44091e-07 , -2.1805e-08 , -2.0091e-08
0.000320275 , 0.000148296 , 2.95536e-08 , -0.000120065 , -5.43891e-05 , 2.3992e-07 , -2.24476e-08 , -2.03134e-08
0.000324344 , 0.000148564 , 7.03116e-08 , -0.000119584 , -5.4542e-05 , 2.3575e-07 , -2.30795e-08 , -2.05356e-08
0.000328413 , 0.000148833 , 1.11098e-07 , -0.000119103 , -5.46949e-05 , 2.3158e-07 , -2.37008e-08 , -2.07576e-08
0.000332483 , 0.000149101 , 1.51914e-07 , -0.000118622 , -5.48478e-05 , 2.27409e-07 , -2.43115e-08 , -2.09795e-08
0.000336552 , 0.000149369 , 1.92758e-07 , -0.000118141 , -5.50007e-05 , 2.23239e-07 , -2.49115e-08 , -2.12011e-08
0.000340621 , 0.000149637 , 2.33632e-07 , -0.00011766 , -5.51536e-05 , 2.19069e-07 , -2.55009e-08 , -2.14226e-08
0.00034469 , 0.000149905 , 2.74534e-07 , -0.000117179 , -5.53065e-05 , 2.14898e-07 , -2.60796e-08 , -2.16439e-08
0.000348759 , 0.000150173 , 3.15465e-07 , -0.000116697 , -5.54594e-05 , 2.10728e-07 , -2.66478e-08 , -2.1865e-08
0.000352828 , 0.000150441 , 3.56424e-07 , -0.000116216 , -5.56123e-05 , 2.06558e-07 , -2.72052e-08 , -2.20859e-08
0.000356897 , 0.000150709 , 3.97413e-07 , -0.000115735 , -5.57652e-05 , 2.02387e-07 , -2.77521e-08 , -2.23067e-08
0.000360966 , 0.000150978 , 4.3843e-07 , -0.000115253 , -5.59181e-05 , 1.98217e-07 , -2.82883e-08 , -2.25272e-08
0.000365035 , 0.000151246 , 4.79476e-07 , -0.000114772 , -5.6071e-05 , 1.94047e-07 , -2.88139e-08 , -2.27476e-08
0.000369104 , 0.000151514 , 5.20551e-07 , -0.00011429 , -5.62238e-05 , 1.89877e-07 , -2.93288e-08 , -2.29678e-08
0.000372921 , 0.000151751 , 5.6163e-07 , -0.000113809 , -5.63767e-05 , 1.85706e-07 , -2.98352e-08 , -2.31876e-08
0.000376738 , 0.000151989 , 6.02695e-07 , -0.000113327 , -5.65296e-05 , 1.81536e-07 , -3.03309e-08 , -2.34072e-08
0.000380555 , 0.000152226 , 6.43744e-07 , -0.000112846 , -5.66825e-05 , 1.77366e-07 , -3.08159e-08 , -2.36266e-08
0.000384373 , 0.000152464 , 6.84777e-07 , -0.000112364 , -5.68354e-05 , 1.73195e-07 , -3.12904e-08 , -2.38459e-08
0.00038819 , 0.000152701 , 7.25796e-07 , -0.000111882 , -5.69883e-05 , 1.69025e-07 , -3.17542e-08 , -2.40649e-08
0.000392007 , 0.000152939 , 7.66799e-07 , -0.000111401 , -5.71412e-05 , 1.64855e-07 , -3.22073e-08 , -2.42838e-08
0.000395824 , 0.000153176 , 8.07787e-07 , -0.000110919 , -5.72941e-05 , 1.60684e-07 , -3.26498e-08 , -2.45025e-08
0.000399641 , 0.000153414 , 8.4876e-07 , -0.000110437 , -5.7447e-05 , 1.56514e-07 , -3.30817e-08 , -2.4721e-08
0.000403459 , 0.000153651 , 8.89717e-07 , -0.000109955 , -5.75999e-05 , 1.52344e-07 , -3.3503e-08 , -2.49393e-08
0.000407276 , 0.000153889 , 9.30659e-07 , -0.000109474 , -5.77528e-05 , 1.48173e-07 , -3.39136e-08 , -2.51575e-08
0.000411093 , 0.000154126 , 9.71586e-07 , -0.000108992 , -5.79057e-05 , 1.44003e-07 , -3.43136e-08 , -2.53754e-08
0.00041491 , 0.000154364 , 1.0125e-06 , -0.00010851 , -5.80585e-05 , 1.39833e-07 , -3.4703e-08 , -2.55932e-08
0.000418728 , 0.000154601 , 1.05339e-06 , -0.000108028 , -5.82114e-05 , 1.35663e-07 , -3.50817e-08 , -2.58107e-08
0.000422545 , 0.000154839 , 1.09428e-06 , -0.000107546 , -5.83643e-05 , 1.31492e-07 , -3.54498e-08 , -2.60281e-08
0.000426362 , 0.000155076 , 1.13514e-06 , -0.000107064 , -5.85172e-05 , 1.27322e-07 , -3.58072e-08 , -2.62453e-08
0.000430179 , 0.000155314 , 1.17599e-06 , -0.000106582 , -5.86701e-05 , 1.23152e-07 , -3.6154e-08 , -2.64624e-08
0.000433996 , 0.000155551 , 1.21683e-06 , -0.0001061 , -5.8823e-05 , 1.18981e-07 , -3.64902e-08 , -2.66792e-08
0.000437814 , 0.000155789 , 1.25765e-06 , -0.000105618 , -5.89759e-05 , 1.14811e-07 , -3.68157e-08 , -2.68958e-08
0.000441631 , 0.000156026 , 1.29845e-06 , -0.000105136 , -5.91288e-05 , 1.10641e-07 , -3.71307e-08 , -2.71123e-08
0.000445448 , 0.000156264 , 1.33924e-06 , -0.000104653 , -5.92817e-05 , 1.0647e-07 , -3.74349e-08 , -2.73286e-08
0.000449265 , 0.000156501 , 1.38002e-06 , -0.000104171 , -5.94346e-05 , 1.023e-07 , -3.77286e-08 , -2.75447e-08
0.000453083 , 0.000156739 , 1.42078e-06 , -0.000103689 , -5.95875e-05 , 9.81298e-08 , -3.80116e-08 , -2.77606e-08
0.0004569 , 0.000156976 , 1.46152e-06 , -0.000103207 , -5.97404e-05 , 9.39595e-08 , -3.8284e-08 , -2.79763e-08
0.000460717 , 0.000157214 , 1.50225e-06 , -0.000102724 , -5.98932e-05 , 8.97892e-08 , -3.85457e-08 , -2.81919e-08
0.000464534 , 0.000157451 , 1.54296e-06 , -0.000102242 , -6.00461e-05 , 8.56189e-08 , -3.87968e-08 , -2.84072e-08
0.000468351 , 0.000157689 , 1.85836e-06 , -0.000101297 , -5.95516e-05 , 7.9947e-08 , -3.90359e-08 , -2.86221e-08
0.000472169 , 0.000157926 , 2.17374e-06 , -0.000100351 , -5.90571e-05 , 7.42752e-08 , -3.92618e-08 , -2.88361e-08
0.000475986 , 0.000158164 , 2.4891e-06 , -9.94056e-05 , -5.85626e-05 , 6.86033e-08 , -3.94745e-08 , -2.90494e-08
0.000479803 , 0.000158402 , 2.80446e-06 , -9.846e-05 , -5.8068e-05 , 6.29315e-08 , -3.96741e-08 , -2.92619e-08
0.00048362 , 0.000158639 , 3.11979e-06 , -9.75144e-05 , -5.75735e-05 , 5.72596e-08 , -3.98605e-08 , -2.94736e-08
0.000487438 , 0.000158877 , 3.43511e-06 , -9.65688e-05 , -5.7079e-05 , 5.15877e-08 , -4.00337e-08 , -2.96845e-08
0.000491255 , 0.000159114 , 3.75042e-06 , -9.56231e-05 , -5.65844e-05 , 4.59159e-08 , -4.01938e-08 , -2.98946e-08
0.000495072 , 0.000159352 , 4.06571e-06 , -9.46774e-05 , -5.60899e-05 , 4.0244e-08 , -4.03407e-08 , -3.01039e-08
0.000498889 , 0.000159589 , 4.38098e-06 , -9.37317e-05 , -5.55954e-05 , 3.45722e-08 , -4.04744e-08 , -3.03125e-08
0.000502706 , 0.000159827 , 4.69624e-06 , -9.27859e-05 , -5.51009e-05 , 2.89003e-08 , -4.0595e-08 , -3.05203e-08
0.000506524 , 0.000160064 , 5.01148e-06 , -9.18401e-05 , -5.46063e-05 , 2.32285e-08 , -4.07024e-08 , -3.07273e-08
0.000510341 , 0.000160302 , 5.32671e-06 , -9.08942e-05 , -5.41118e-05 , 1.75566e-08 , -4.07966e-08 , -3.09335e-08
0.000514158 , 0.000160539 , 5.64192e-06 , -8.99484e-05 , -5.36173e-05 , 1.18847e-08 , -4.08777e-08 , -3.11389e-08
0.000517975 , 0.000160777 , 5.95712e-06 , -8.90025e-05 , -5.31228e-05 , 6.21289e-09 , -4.09455e-08 , -3.13435e-08
0.000521792 , 0.000161014 , 6.2723e-06 , -8.80565e-05 , -5.26282e-05 , 5.41037e-10 , -4.10003e-08 , -3.15473e-08
0.00052561 , 0.000161252 , 6.58747e-06 , -8.71105e-05 , -5.21337e-05 , -5.13082e-09 , -4.10418e-08 , -3.17504e-08
0.000529427 , 0.000161489 , 6.90262e-06 , -8.61645e-05 , -5.16392e-05 , -1.08027e-08 , -4.10702e-08 , -3.19527e-08
0.000533244 , 0.000161727 , 7.21776e-06 , -8.52185e-05 , -5.11446e-05 , -1.64745e-08 , -4.10854e-08 , -3.21541e-08
0.000537061 , 0.000161964 , 7.53288e-06 , -8.42724e-05 , -5.06501e-05 , -2.21464e-08 , -4.10874e-08 , -3.23548e-08
0.000540879 , 0.000162202 , 7.84799e-06 , -8.33262e-05 , -5.01556e-05 , -2.78182e-08 , -4.10763e-08 , -3.25548e-08
0.000544696 , 0.000162439 , 8.16308e-06 , -8.23801e-05 , -4.96611e-05 , -3.34901e-08 , -4.1052e-08 , -3.27539e-08
0.000548513 , 0.000162677 , 8.47816e-06 , -8.14339e-05 , -4.91665e-05 , -3.9162e-08 , -4.10146e-08 , -3.29522e-08
0.00055233 , 0.000162914 , 8.79322e-06 , -8.04877e-05 , -4.8672e-05 , -4.48338e-08 , -4.09639e-08 , -3.31498e-08
0.000556147 , 0.000163152 , 9.10826e-06 , -7.95414e-05 , -4.81775e-05 , -5.05057e-08 , -4.09001e-08 , -3.33466e-08
0.000559965 , 0.000163389 , 9.42329e-06 , -7.85951e-05 , -4.7683e-05 , -5.61775e-08 , -4.08232e-08 , -3.35425e-08
0.000560371 , 0.000163562 , 9.7383e-06 , -7.76488e-05 , -4.71884e-05 , -6.18494e-08 , -4.0739e-08 , -3.37378e-08
0.000560778 , 0.000163734 , 1.00533e-05 , -7.67024e-05 , -4.66939e-05 , -6.75212e-08 , -4.06416e-08 , -3.39322e-08
0.000561185 , 0.000163906 , 1.03682e-05 , -7.57561e-05 , -4.61994e-05 , -7.31931e-08 , -4.05311e-08 , -3.41258e-08
0.000561592 , 0.000164079 , 1.06832e-05 , -7.48096e-05 , -4.57048e-05 , -7.88649e-08 , -4.04074e-08 , -3.43187e-08
0.000561998 , 0.000164251 , 1.09981e-05 , -7.38632e-05 , -4.52103e-05 , -8.45368e-08 , -4.02705e-08 , -3.45107e-08
0.000562405 , 0.000164424 , 1.13129e-05 , -7.29167e-05 , -4.47158e-05 , -9.02087e-08 , -4.01205e-08 , -3.4702e-08
0.000562812 , 0.000164596 , 1.16278e-05 , -7.19703e-05 , -4.42213e-05 , -9.58805e-08 , -3.99573e-08 , -3.48925e-08
0.000563218 , 0.000164769 , 1.19426e-05 , -7.10237e-05 , -4.37267e-05 , -1.01552e-07 , -3.97809e-08 , -3.50822e-08
0.000563625 , 0.000164941 , 1.22574e-05 , -7.00772e-05 , -4.32322e-05 , -1.07224e-07 , -3.95914e-08 , -3.52712e-08
0.000564032 , 0.000165114 , 1.25722e-05 , -6.91306e-05 , -4.27377e-05 , -1.12896e-07 , -3.93887e-08 , -3.54593e-08
0.000564439 , 0.000165286 , 1.28869e-05 , -6.8184e-05 , -4.22432e-05 , -1.18568e-07 , -3.91728e-08 , -3.56467e-08
0.000564845 , 0.000165459 , 1.32017e-05 , -6.72374e-05 , -4.17486e-05 , -1.2424e-07 , -3.89437e-08 , -3.58332e-08
0.000565252 , 0.000165631 , 1.35164e-05 , -6.62907e-05 , -4.12541e-05 , -1.29912e-07 , -3.87015e-08 , -3.6019e-08
0.000565659 , 0.000165804 , 1.3831e-05 , -6.5344e-05 , -4.07596e-05 , -1.35584e-07 , -3.84461e-08 , -3.6204e-08
0.000566065 , 0.000165976 , 1.41457e-05 , -6.43973e-05 , -4.02651e-05 , -1.41255e-07 , -3.81776e-08 , -3.63882e-08
0.000566472 , 0.000166148 , 1.44603e-05 , -6.34506e-05 , -3.97705e-05 , -1.46927e-07 , -3.78959e-08 , -3.65717e-08
0.000566879 , 0.000166321 , 1.47749e-05 , -6.25038e-05 , -3.9276e-05 , -1.52599e-07 , -3.7601e-08 , -3.67543e-08
0.000567286 , 0.000166493 , 1.50894e-05 , -6.1557e-05 , -3.87815e-05 , -1.58271e-07 , -3.72929e-08 , -3.69362e-08
0.000567692 , 0.000166666 , 1.5404e-05 , -6.06102e-05 , -3.82869e-05 , -1.63943e-07 , -3.69717e-08 , -3.71172e-08
0.000568099 , 0.000166838 , 1.57185e-05 , -5.96634e-05 , -3.77924e-05 , -1.69615e-07 , -3.66373e-08 , -3.72975e-08
0.000568506 , 0.000167011 , 1.60329e-05 , -5.87165e-05 , -3.72979e-05 , -1.75286e-07 , -3.62898e-08 , -3.7477e-08
0.000568912 , 0.000167183 , 1.63474e-05 , -5.77696e-05 , -3.68034e-05 , -1.80958e-07 , -3.5929e-08 , -3.76557e-08
0.000569319 , 0.000167356 , 1.66618e-05 , -5.68226e-05 , -3.63088e-05 , -1.8663e-07 , -3.55551e-08 , -3.78337e-08
0.000569726 , 0.000167528 , 1.69762e-05 , -5.58757e-05 , -3.58143e-05 , -1.92302e-07 , -3.51681e-08 , -3.80108e-08
0.000570133 , 0.000167701 , 1.72906e-05 , -5.49287e-05 , -3.53198e-05 , -1.97974e-07 , -3.47678e-08 , -3.81872e-08
0.000570539 , 0.000167873 , 1.75982e-05 , -5.39558e-05 , -3.48643e-05 , -2.00097e-07 , -3.43548e-08 , -3.83626e-08
0.000570946 , 0.000168046 , 1.79058e-05 , -5.29829e-05 , -3.44089e-05 , -2.0222e-07 , -3.39293e-08 , -3.85372e-08
0.000571353 , 0.000168218 , 1.82134e-05 , -5.201e-05 , -3.39535e-05 , -2.04342e-07 , -3.34913e-08 , -3.87107e-08
0.000571759 , 0.00016839 , 1.8521e-05 , -5.10371e-05 , -3.3498e-05 , -2.06465e-07 , -3.30408e-08 , -3.88834e-08
0.000572166 , 0.000168563 , 1.88285e-05 , -5.00641e-05 , -3.30426e-05 , -2.08588e-07 , -3.25779e-08 , -3.9055e-08
0.000572573 , 0.000168735 , 1.9136e-05 , -4.90911e-05 , -3.25872e-05 , -2.10711e-07 , -3.21024e-08 , -3.92257e-08
0.00057298 , 0.000168908 , 1.94435e-05 , -4.81181e-05 , -3.21317e-05 , -2.12834e-07 , -3.16145e-08 , -3.93955e-08
0.000573386 , 0.00016908 , 1.97509e-05 , -4.7145e-05 , -3.16763e-05 , -2.14957e-07 , -3.11141e-08 , -3.95643e-08
0.000573793 , 0.000169253 , 2.00583e-05 , -4.61719e-05 , -3.12209e-05 , -2.17079e-07 , -3.06012e-08 , -3.97321e-08
0.0005742 , 0.000169425 , 2.03657e-05 , -4.51988e-05 , -3.07654e-05 , -2.19202e-07 , -3.00759e-08 , -3.9899e-08
0.000574606 , 0.000169598 , 2.06731e-05 , -4.42257e-05 , -3.031e-05 , -2.21325e-07 , -2.9538e-08 , -4.0065e-08
0.000575013 , 0.00016977 , 2.09804e-05 , -4.32525e-05 , -2.98546e-05 , -2.23448e-07 , -2.89877e-08 , -4.023e-08
0.00057542 , 0.000169943 , 2.12878e-05 , -4.22793e-05 , -2.93991e-05 , -2.25571e-07 , -2.84249e-08 , -4.0394e-08
0.000575827 , 0.000170115 , 2.15951e-05 , -4.13061e-05 , -2.89437e-05 , -2.27694e-07 , -2.78496e-08 , -4.05571e-08
0.000576233 , 0.000170288 , 2.19023e-05 , -4.03329e-05 , -2.84883e-05 , -2.29817e-07 , -2.72619e-08 , -4.07192e-08
0.00057664 , 0.00017046 , 2.22096e-05 , -3.93596e-05 , -2.80328e-05 , -2.31939e-07 , -2.66616e-08 , -4.08804e-08
0.000577047 , 0.000170632 , 2.25168e-05 , -3.83863e-05 , -2.75774e-05 , -2.34062e-07 , -2.60489e-08 , -4.10406e-08
0.000577454 , 0.000170805 , 2.28239e-05 , -3.7413e-05 , -2.7122e-05 , -2.36185e-07 , -2.54237e-08 , -4.11998e-08
0.00057786 , 0.000170977 , 2.31311e-05 , -3.64396e-05 , -2.66665e-05 , -2.38308e-07 , -2.4786e-08 , -4.13582e-08
0.000578267 , 0.00017115 , 2.34382e-05 , -3.54662e-05 , -2.62111e-05 , -2.40431e-07 , -2.41358e-08 , -4.15155e-08
0.000578674 , 0.000171322 , 2.37453e-05 , -3.44928e-05 , -2.57557e-05 , -2.42554e-07 , -2.34731e-08 , -4.16719e-08
0.00057908 , 0.000171495 , 2.40524e-05 , -3.35194e-05 , -2.53002e-05 , -2.44676e-07 , -2.2798e-08 , -4.18274e-08
0.000579487 , 0.000171667 , 2.43595e-05 , -3.25459e-05 , -2.48448e-05 , -2.46799e-07 , -2.21104e-08 , -4.19819e-08
0.000579894 , 0.00017184 , 2.46665e-05 , -3.15724e-05 , -2.43894e-05 , -2.48922e-07 , -2.14103e-08 , -4.21354e-08
0.000580301 , 0.000172012 , 2.49735e-05 , -3.05989e-05 , -2.39339e-05 , -2.51045e-07 , -2.06977e-08 , -4.2288e-08
0.000578314 , 0.000172112 , 2.52805e-05 , -2.96253e-05 , -2.34785e-05 , -2.53168e-07 , -1.99731e-08 , -4.24397e-08
0.000576328 , 0.000172211 , 2.55874e-05 , -2.86518e-05 , -2.30231e-05 , -2.55291e-07 , -1.9236e-08 , -4.25904e-08
0.000574342 , 0.000172311 , 2.58944e-05 , -2.76782e-05 , -2.25676e-05 , -2.57413e-07 , -1.84864e-08 , -4.27402e-08
0.000572355 , 0.000172411 , 2.62013e-05 , -2.67046e-05 , -2.21122e-05 , -2.59536e-07 , -1.77244e-08 , -4.28891e-08
0.000570369 , 0.00017251 , 2.65082e-05 , -2.5731e-05 , -2.16568e-05 , -2.61659e-07 , -1.69499e-08 , -4.3037e-08
0.000568383 , 0.00017261 , 2.68151e-05 , -2.47573e-05 , -2.12013e-05 , -2.63782e-07 , -1.61629e-08 , -4.31839e-08
0.000566397 , 0.00017271 , 2.7122e-05 , -2.37836e-05 , -2.07459e-05 , -2.65905e-07 , -1.53634e-08 , -4.33299e-08
0.00056441 , 0.000172809 , 2.74288e-05 , -2.28099e-05 , -2.02905e-05 , -2.68028e-07 , -1.45514e-08 , -4.34749e-08
0.000562424 , 0.000172909 , 2.77357e-05 , -2.18362e-05 , -1.9835e-05 , -2.7015e-07 , -1.37269e-08 , -4.3619e-08
0.000560438 , 0.000173008 , 2.80425e-05 , -2.08625e-05 , -1.93796e-05 , -2.72273e-07 , -1.289e-08 , -4.37621e-08
0.000558451 , 0.000173108 , 2.83493e-05 , -1.98887e-05 , -1.89242e-05 , -2.74396e-07 , -1.20406e-08 , -4.39042e-08
0.000556465 , 0.000173208 , 2.86561e-05 , -1.8915e-05 , -1.84687e-05 , -2.76519e-07 , -1.11787e-08 , -4.40455e-08
0.000554479 , 0.000173307 , 2.89628e-05 , -1.79412e-05 , -1.80133e-05 , -2.78642e-07 , -1.03043e-08 , -4.41857e-08
0.000552492 , 0.000173407 , 2.92696e-05 , -1.69673e-05 , -1.75579e-05 , -2.80765e-07 , -9.41746e-09 , -4.4325e-08
0.000550506 , 0.000173506 , 2.95763e-05 , -1.59935e-05 , -1.71024e-05 , -2.82887e-07 , -8.51812e-09 , -4.44634e-08
0.00054852 , 0.000173606 , 2.9883e-05 , -1.50196e-05 , -1.6647e-05 , -2.8501e-07 , -7.60629e-09 , -4.46007e-08
0.000546534 , 0.000173706 , 3.01897e-05 , -1.40458e-05 , -1.61916e-05 , -2.87133e-07 , -6.68199e-09 , -4.47372e-08
0.000544547 , 0.000173805 , 3.04964e-05 , -1.30719e-05 , -1.57361e-05 , -2.89256e-07 , -5.7452e-09 , -4.48727e-08
0.000542561 , 0.000173905 , 3.0803e-05 , -1.20979e-05 , -1.52807e-05 , -2.91379e-07 , -4.79593e-09 , -4.50072e-08
0.000540575 , 0.000174005 , 3.11097e-05 , -1.1124e-05 , -1.48253e-05 , -2.93502e-07 , -3.83418e-09 , -4.51408e-08
0.000538588 , 0.000174104 , 3.14163e-05 , -1.015e-05 , -1.43698e-05 , -2.95625e-07 , -2.85995e-09 , -4.52734e-08
0.000536602 , 0.000174204 , 3.17229e-05 , -9.17604e-06 , -1.39144e-05 , -2.97747e-07 , -1.87324e-09 , -4.54051e-08
0.000534616 , 0.000174303 , 3.20295e-05 , -8.20203e-06 , -1.3459e-05 , -2.9987e-07 , -8.74043e-10 , -4.55358e-08
0.00053263 , 0.000174403 , 3.23361e-05 , -7.22801e-06 , -1.30035e-05 , -3.01993e-07 , 1.37633e-10 , -4.56656e-08
0.000530643 , 0.000174503 , 3.26426e-05 , -6.25396e-06 , -1.25481e-05 , -3.04116e-07 , 1.16179e-09 , -4.57944e-08
0.000528657 , 0.000174602 , 3.27148e-05 , -5.2744e-06 , -1.05828e-05 , -3.0663e-07 , 2.19875e-09 , -4.5922e-08
0.000526671 , 0.000174702 , 3.2787e-05 , -4.29483e-06 , -8.61754e-06 , -3.09145e-07 , 3.24879e-09 , -4.60481e-08
0.000524684 , 0.000174802 , 3.28591e-05 , -3.31524e-06 , -6.65226e-06 , -3.11659e-07 , 4.3119e-09 , -4.61729e-08
0.000522698 , 0.000174901 , 3.29313e-05 , -2.33562e-06 , -4.68699e-06 , -3.14174e-07 , 5.38808e-09 , -4.62963e-08
0.000520712 , 0.000175001 , 3.30034e-05 , -1.35598e-06 , -2.72171e-06 , -3.16688e-07 , 6.47733e-09 , -4.64182e-08
0.000518726 , 0.0001751 , 3.30755e-05 , -3.76324e-07 , -7.56437e-07 , -3.19202e-07 , 7.57965e-09 , -4.65387e-08
0.000516739 , 0.0001752 , 3.31475e-05 , 6.03355e-07 , 1.20884e-06 , -3.21717e-07 , 8.69504e-09 , -4.66578e-08
0.000514753 , 0.0001753 , 3.32196e-05 , 1.58305e-06 , 3.17411e-06 , -3.24231e-07 , 9.8235e-09 , -4.67754e-08
0.000512767 , 0.000175399 , 3.32916e-05 , 2.56278e-06 , 5.13939e-06 , -3.26746e-07 , 1.0965e-08 , -4.68917e-08
0.00051078 , 0.000175499 , 3.33637e-05 , 3.54252e-06 , 7.10466e-06 , -3.2926e-07 , 1.21196e-08 , -4.70065e-08
0.000508794 , 0.000175599 , 3.34357e-05 , 4.52228e-06 , 9.06994e-06 , -3.31774e-07 , 1.32873e-08 , -4.71199e-08
0.000506808 , 0.000175698 , 3.35077e-05 , 5.50206e-06 , 1.10352e-05 , -3.34289e-07 , 1.44681e-08 , -4.72319e-08
0.000504822 , 0.000175798 , 3.35796e-05 , 6.48187e-06 , 1.30005e-05 , -3.36803e-07 , 1.56619e-08 , -4.73425e-08
0.000502835 , 0.000175897 , 3.36516e-05 , 7.46169e-06 , 1.49658e-05 , -3.39318e-07 , 1.68688e-08 , -4.74517e-08
0.000500849 , 0.000175997 , 3.37235e-05 , 8.44154e-06 , 1.6931e-05 , -3.41832e-07 , 1.80888e-08 , -4.75594e-08
0.000498863 , 0.000176097 , 3.37954e-05 , 9.42141e-06 , 1.88963e-05 , -3.44347e-07 , 1.93218e-08 , -4.76658e-08
0.000496876 , 0.000176196 , 3.38673e-05 , 1.04013e-05 , 2.08616e-05 , -3.46861e-07 , 2.05679e-08 , -4.77707e-08
0.00049489 , 0.000176296 , 3.39392e-05 , 1.13812e-05 , 2.28269e-05 , -3.49375e-07 , 2.18271e-08 , -4.78741e-08
0.000492904 , 0.000176396 , 3.40111e-05 , 1.23611e-05 , 2.47921e-05 , -3.5189e-07 , 2.30993e-08 , -4.79762e-08
0.000490918 , 0.000176495 , 3.40829e-05 , 1.33411e-05 , 2.67574e-05 , -3.54404e-07 , 2.43847e-08 , -4.80769e-08
0.000488931 , 0.000176595 , 3.41548e-05 , 1.43211e-05 , 2.87227e-05 , -3.56919e-07 , 2.56831e-08 , -4.81761e-08
0.000486945 , 0.000176694 , 3.42266e-05 , 1.53011e-05 , 3.0688e-05 , -3.59433e-07 , 2.69945e-08 , -4.82739e-08
0.000484959 , 0.000176794 , 3.42984e-05 , 1.62811e-05 , 3.26532e-05 , -3.61948e-07 , 2.83191e-08 , -4.83703e-08
0.000482972 , 0.000176894 , 3.43701e-05 , 1.72611e-05 , 3.46185e-05 , -3.64462e-07 , 2.96567e-08 , -4.84653e-08
0.000480986 , 0.000176993 , 3.44419e-05 , 1.82412e-05 , 3.65838e-05 , -3.66976e-07 , 3.10073e-08 , -4.85588e-08
0.000479362 , 0.000177014 , 3.45136e-05 , 1.92212e-05 , 3.85491e-05 , -3.69491e-07 , 3.23732e-08 , -4.8651e-08
0.000477739 , 0.000177034 , 3.45854e-05 , 2.02013e-05 , 4.05143e-05 , -3.72005e-07 , 3.37521e-08 , -4.87418e-08
0.000476115 , 0.000177054 , 3.46571e-05 , 2.11814e-05 , 4.24796e-05 , -3.7452e-07 , 3.51441e-08 , -4.88311e-08
0.000474491 , 0.000177075 , 3.47288e-05 , 2.21616e-05 , 4.44449e-05 , -3.77034e-07 , 3.65491e-08 , -4.8919e-08
0.000472868 , 0.000177095 , 3.48005e-05 , 2.31417e-05 , 4.64102e-05 , -3.79548e-07 , 3.79673e-08 , -4.90055e-08
0.000471244 , 0.000177116 , 3.48723e-05 , 2.41218e-05 , 4.83754e-05 , -3.82063e-07 , 3.93985e-08 , -4.90906e-08
0.00046962 , 0.000177136 , 3.49439e-05 , 2.5102e-05 , 5.03407e-05 , -3.84577e-07 , 4.08427e-08 , -4.91742e-08
0.000467997 , 0.000177156 , 3.50156e-05 , 2.60822e-05 , 5.2306e-05 , -3.87092e-07 , 4.23001e-08 , -4.92564e-08
0.000466373 , 0.000177177 , 3.50873e-05 , 2.70624e-05 , 5.42713e-05 , -3.89606e-07 , 4.37705e-08 , -4.93373e-08
0.00046475 , 0.000177197 , 3.5159e-05 , 2.80426e-05 , 5.62365e-05 , -3.92121e-07 , 4.5254e-08 , -4.94167e-08
0.000463126 , 0.000177217 , 3.52306e-05 , 2.90228e-05 , 5.82018e-05 , -3.94635e-07 , 4.67505e-08 , -4.94946e-08
0.000461502 , 0.000177238 , 3.53023e-05 , 3.00031e-05 , 6.01671e-05 , -3.97149e-07 , 4.82602e-08 , -4.95712e-08
0.000459879 , 0.000177258 , 3.53739e-05 , 3.09834e-05 , 6.21324e-05 , -3.99664e-07 , 4.97829e-08 , -4.96463e-08
0.000458255 , 0.000177278 , 3.54456e-05 , 3.19636e-05 , 6.40977e-05 , -4.02178e-07 , 5.13186e-08 , -4.97201e-08
0.000456631 , 0.000177299 , 3.55172e-05 , 3.29439e-05 , 6.60629e-05 , -4.04693e-07 , 5.28675e-08 , -4.97924e-08
0.000455008 , 0.000177319 , 3.55888e-05 , 3.39242e-05 , 6.80282e-05 , -4.07207e-07 , 5.44294e-08 , -4.98633e-08
0.000453384 , 0.00017734 , 3.56604e-05 , 3.49046e-05 , 6.99935e-05 , -4.09721e-07 , 5.60044e-08 , -4.99327e-08
0.00045176 , 0.00017736 , 3.57321e-05 , 3.58849e-05 , 7.19588e-05 , -4.12236e-07 , 5.75924e-08 , -5.00008e-08
0.000450137 , 0.00017738 , 3.58036e-05 , 3.68653e-05 , 7.3924e-05 , -4.1475e-07 , 5.91936e-08 , -5.00674e-08
0.000448513 , 0.000177401 , 3.58752e-05 , 3.78456e-05 , 7.58893e-05 , -4.17265e-07 , 6.08077e-08 , -5.01326e-08
0.000446889 , 0.000177421 , 3.59468e-05 , 3.8826e-05 , 7.78546e-05 , -4.19779e-07 , 6.2435e-08 , -5.01964e-08
0.000445266 , 0.000177441 , 3.60184e-05 , 3.98064e-05 , 7.98199e-05 , -4.22294e-07 , 6.40754e-08 , -5.02588e-08
0.000443642 , 0.000177462 , 3.60899e-05 , 4.07869e-05 , 8.17851e-05 , -4.24808e-07 , 6.57288e-08 , -5.03198e-08
0.000442018 , 0.000177482 , 3.61615e-05 , 4.17673e-05 , 8.37504e-05 , -4.27322e-07 , 6.73953e-08 , -5.03793e-08
0.000440395 , 0.000177503 , 3.6233e-05 , 4.27478e-05 , 8.57157e-05 , -4.29837e-07 , 6.90748e-08 , -5.04374e-08
0.000438771 , 0.000177523 , 3.61042e-05 , 4.32699e-05 , 8.51093e-05 , -4.29605e-07 , 7.07645e-08 , -5.0494e-08
0.000437147 , 0.000177543 , 3.59754e-05 , 4.37921e-05 , 8.4503e-05 , -4.29373e-07 , 7.24617e-08 , -5.05488e-08
0.000435524 , 0.000177564 , 3.58466e-05 , 4.43143e-05 , 8.38967e-05 , -4.29141e-07 , 7.41667e-08 , -5.0602e-08
0.0004339 , 0.000177584 , 3.57177e-05 , 4.48365e-05 , 8.32903e-05 , -4.28909e-07 , 7.58792e-08 , -5.06534e-08
0.000432276 , 0.000177604 , 3.55889e-05 , 4.53588e-05 , 8.2684e-05 , -4.28677e-07 , 7.75994e-08 , -5.07031e-08
0.000430653 , 0.000177625 , 3.546e-05 , 4.5881e-05 , 8.20776e-05 , -4.28445e-07 , 7.93273e-08 , -5.07511e-08
0.000429029 , 0.000177645 , 3.53312e-05 , 4.64033e-05 , 8.14713e-05 , -4.28214e-07 , 8.10627e-08 , -5.07974e-08
0.000427405 , 0.000177666 , 3.52023e-05 , 4.69256e-05 , 8.0865e-05 , -4.27982e-07 , 8.28059e-08 , -5.0842e-08
0.000425782 , 0.000177686 , 3.50734e-05 , 4.74479e-05 , 8.02586e-05 , -4.2775e-07 , 8.45566e-08 , -5.08849e-08
0.000424158 , 0.000177706 , 3.49445e-05 , 4.79702e-05 , 7.96523e-05 , -4.27518e-07 , 8.6315e-08 , -5.09261e-08
0.000422534 , 0.000177727 , 3.48156e-05 , 4.84925e-05 , 7.90459e-05 , -4.27286e-07 , 8.80811e-08 , -5.09656e-08
0.000420911 , 0.000177747 , 3.46867e-05 , 4.90148e-05 , 7.84396e-05 , -4.27054e-07 , 8.98548e-08 , -5.10034e-08
0.000419287 , 0.000177767 , 3.45578e-05 , 4.95372e-05 , 7.78333e-05 , -4.26822e-07 , 9.16361e-08 , -5.10395e-08
0.000417663 , 0.000177788 , 3.44289e-05 , 5.00596e-05 , 7.72269e-05 , -4.2659e-07 , 9.3425e-08 , -5.10738e-08
0.00041604 , 0.000177808 , 3.43e-05 , 5.0582e-05 , 7.66206e-05 , -4.26358e-07 , 9.52216e-08 , -5.11065e-08
0.000414416 , 0.000177829 , 3.4171e-05 , 5.11044e-05 , 7.60142e-05 , -4.26126e-07 , 9.70259e-08 , -5.11375e-08
0.000412792 , 0.000177849 , 3.40421e-05 , 5.16268e-05 , 7.54079e-05 , -4.25894e-07 , 9.88378e-08 , -5.11667e-08
0.000411169 , 0.000177869 , 3.39131e-05 , 5.21492e-05 , 7.48016e-05 , -4.25663e-07 , 1.00657e-07 , -5.11942e-08
0.000409545 , 0.00017789 , 3.37842e-05 , 5.26717e-05 , 7.41952e-05 , -4.25431e-07 , 1.02484e-07 , -5.12201e-08
0.000407921 , 0.00017791 , 3.36552e-05 , 5.31942e-05 , 7.35889e-05 , -4.25199e-07 , 1.04319e-07 , -5.12442e-08
0.000406298 , 0.00017793 , 3.35262e-05 , 5.37167e-05 , 7.29825e-05 , -4.24967e-07 , 1.06162e-07 , -5.12666e-08
0.000404674 , 0.000177951 , 3.33972e-05 , 5.42392e-05 , 7.23762e-05 , -4.24735e-07 , 1.08012e-07 , -5.12874e-08
0.00040305 , 0.000177971 , 3.32682e-05 , 5.47617e-05 , 7.17699e-05 , -4.24503e-07 , 1.09869e-07 , -5.13064e-08
0.000401427 , 0.000177992 , 3.31392e-05 , 5.52842e-05 , 7.11635e-05 , -4.24271e-07 , 1.11735e-07 , -5.13237e-08
0.000399803 , 0.000178012 , 3.30102e-05 , 5.58068e-05 , 7.05572e-05 , -4.24039e-07 , 1.13608e-07 , -5.13393e-08
0.000402107 , 0.000178031 , 3.28812e-05 , 5.63293e-05 , 6.99509e-05 , -4.23807e-07 , 1.15491e-07 , -5.13531e-08
0.000404412 , 0.000178051 , 3.27522e-05 , 5.68519e-05 , 6.93445e-05 , -4.23575e-07 , 1.17381e-07 , -5.13652e-08
0.000406716 , 0.000178071 , 3.26232e-05 , 5.73745e-05 , 6.87382e-05 , -4.23344e-07 , 1.19279e-07 , -5.13756e-08
0.00040902 , 0.00017809 , 3.24942e-05 , 5.78971e-05 , 6.81318e-05 , -4.23112e-07 , 1.21184e-07 , -5.13843e-08
0.000411325 , 0.00017811 , 3.23652e-05 , 5.84197e-05 , 6.75255e-05 , -4.2288e-07 , 1.23098e-07 , -5.13914e-08
0.000413629 , 0.000178129 , 3.22362e-05 , 5.89423e-05 , 6.69192e-05 , -4.22648e-07 , 1.25019e-07 , -5.13967e-08
0.000415933 , 0.000178149 , 3.21072e-05 , 5.9465e-05 , 6.63128e-05 , -4.22416e-07 , 1.26947e-07 , -5.14002e-08
0.000418237 , 0.000178168 , 3.19782e-05 , 5.99876e-05 , 6.57065e-05 , -4.22184e-07 , 1.28883e-07 , -5.14021e-08
0.000420542 , 0.000178188 , 3.18492e-05 , 6.05103e-05 , 6.51001e-05 , -4.21952e-07 , 1.30827e-07 , -5.14023e-08
0.000422846 , 0.000178207 , 3.17203e-05 , 6.1033e-05 , 6.44938e-05 , -4.2172e-07 , 1.32779e-07 , -5.14008e-08
0.00042515 , 0.000178227 , 3.15913e-05 , 6.15557e-05 , 6.38875e-05 , -4.21488e-07 , 1.34738e-07 , -5.13975e-08
0.000427455 , 0.000178246 , 3.14623e-05 , 6.20784e-05 , 6.32811e-05 , -4.21256e-07 , 1.36704e-07 , -5.13926e-08
0.000429759 , 0.000178266 , 3.13334e-05 , 6.26011e-05 , 6.26748e-05 , -4.21025e-07 , 1.38679e-07 , -5.1386e-08
0.000432063 , 0.000178285 , 3.12044e-05 , 6.31238e-05 , 6.20684e-05 , -4.20793e-07 , 1.40661e-07 , -5.13776e-08
0.000434367 , 0.000178305 , 3.10755e-05 , 6.36466e-05 , 6.14621e-05 , -4.20561e-07 , 1.4265e-07 , -5.13676e-08
0.000436672 , 0.000178324 , 3.09465e-05 , 6.41693e-05 , 6.08558e-05 , -4.20329e-07 , 1.44648e-07 , -5.13558e-08
0.000438976 , 0.000178344 , 3.08176e-05 , 6.46921e-05 , 6.02494e-05 , -4.20097e-07 , 1.46653e-07 , -5.13423e-08
0.00044128 , 0.000178364 , 3.06886e-05 , 6.52149e-05 , 5.96431e-05 , -4.19865e-07 , 1.48665e-07 , -5.13271e-08
0.000443585 , 0.000178383 , 3.05597e-05 , 6.57377e-05 , 5.90367e-05 , -4.19633e-07 , 1.50685e-07 , -5.13103e-08
0.000445889 , 0.000178403 , 3.04308e-05 , 6.62605e-05 , 5.84304e-05 , -4.19401e-07 , 1.52713e-07 , -5.12917e-08
0.000448193 , 0.000178422 , 3.03018e-05 , 6.67833e-05 , 5.78241e-05 , -4.19169e-07 , 1.54749e-07 , -5.12714e-08
0.000450497 , 0.000178442 , 3.01729e-05 , 6.73061e-05 , 5.72177e-05 , -4.18937e-07 , 1.56792e-07 , -5.12494e-08
0.000452802 , 0.000178461 , 3.0044e-05 , 6.7829e-05 , 5.66114e-05 , -4.18706e-07 , 1.58843e-07 , -5.12257e-08
0.000455106 , 0.000178481 , 2.99151e-05 , 6.83518e-05 , 5.6005e-05 , -4.18474e-07 , 1.60901e-07 , -5.12003e-08
0.00045741 , 0.0001785 , 2.97862e-05 , 6.88747e-05 , 5.53987e-05 , -4.18242e-07 , 1.62967e-07 , -5.11731e-08
0.000459714 , 0.00017852 , 2.95406e-05 , 6.89309e-05 , 5.3344e-05 , -4.13532e-07 , 1.65041e-07 , -5.11442e-08
0.000462019 , 0.000178539 , 2.92951e-05 , 6.89872e-05 , 5.12893e-05 , -4.08822e-07 , 1.67123e-07 , -5.11133e-08
0.000464323 , 0.000178559 , 2.90496e-05 , 6.90434e-05 , 4.92347e-05 , -4.04112e-07 , 1.69213e-07 , -5.10805e-08
0.000466627 , 0.000178578 , 2.88041e-05 , 6.90997e-05 , 4.718e-05 , -3.99402e-07 , 1.7131e-07 , -5.10458e-08
0.000468932 , 0.000178598 , 2.85586e-05 , 6.9156e-05 , 4.51253e-05 , -3.94692e-07 , 1.73416e-07 , -5.10092e-08
0.000471236 , 0.000178617 , 2.83131e-05 , 6.92123e-05 , 4.30706e-05 , -3.89982e-07 , 1.7553e-07 , -5.09706e-08
0.00047354 , 0.000178637 , 2.80676e-05 , 6.92686e-05 , 4.10159e-05 , -3.85272e-07 , 1.77651e-07 , -5.09301e-08
0.000475844 , 0.000178657 , 2.78221e-05 , 6.93249e-05 , 3.89613e-05 , -3.80562e-07 , 1.79781e-07 , -5.08877e-08
0.000478149 , 0.000178676 , 2.75766e-05 , 6.93812e-05 , 3.69066e-05 , -3.75852e-07 , 1.81919e-07 , -5.08433e-08
0.000480453 , 0.000178696 , 2.73311e-05 , 6.94376e-05 , 3.48519e-05 , -3.71142e-07 , 1.84064e-07 , -5.0797e-08
0.000482757 , 0.000178715 , 2.70856e-05 , 6.9494e-05 , 3.27972e-05 , -3.66432e-07 , 1.86218e-07 , -5.07488e-08
0.000485062 , 0.000178735 , 2.68401e-05 , 6.95503e-05 , 3.07426e-05 , -3.61722e-07 , 1.88379e-07 , -5.06987e-08
0.000487366 , 0.000178754 , 2.65947e-05 , 6.96067e-05 , 2.86879e-05 , -3.57012e-07 , 1.90549e-07 , -5.06466e-08
0.00048967 , 0.000178774 , 2.63492e-05 , 6.96631e-05 , 2.66332e-05 , -3.52302e-07 , 1.92726e-07 , -5.05926e-08
0.000491974 , 0.000178793 , 2.61037e-05 , 6.97195e-05 , 2.45785e-05 , -3.47592e-07 , 1.94912e-07 , -5.05367e-08
0.000494279 , 0.000178813 , 2.58583e-05 , 6.9776e-05 , 2.25238e-05 , -3.42882e-07 , 1.97105e-07 , -5.04789e-08
0.000496583 , 0.000178832 , 2.56128e-05 , 6.98324e-05 , 2.04692e-05 , -3.38172e-07 , 1.99307e-07 , -5.04191e-08
0.000498887 , 0.000178852 , 2.53674e-05 , 6.98888e-05 , 1.84145e-05 , -3.33462e-07 , 2.01516e-07 , -5.03574e-08
0.000501192 , 0.000178871 , 2.51219e-05 , 6.99453e-05 , 1.63598e-05 , -3.28752e-07 , 2.03733e-07 , -5.02938e-08
0.000503496 , 0.000178891 , 2.48765e-05 , 7.00018e-05 , 1.43051e-05 , -3.24042e-07 , 2.05959e-07 , -5.02283e-08
0.0005058 , 0.00017891 , 2.4631e-05 , 7.00583e-05 , 1.22504e-05 , -3.19332e-07 , 2.08192e-07 , -5.01608e-08
0.000508104 , 0.00017893 , 2.43856e-05 , 7.01148e-05 , 1.01958e-05 , -3.14622e-07 , 2.10433e-07 , -5.00914e-08
0.000510409 , 0.00017895 , 2.41402e-05 , 7.01713e-05 , 8.14109e-06 , -3.09912e-07 , 2.12682e-07 , -5.00201e-08
0.000512713 , 0.000178969 , 2.38947e-05 , 7.02278e-05 , 6.08641e-06 , -3.05202e-07 , 2.14939e-07 , -4.99468e-08
0.000515017 , 0.000178989 , 2.36493e-05 , 7.02844e-05 , 4.03174e-06 , -3.00492e-07 , 2.17205e-07 , -4.98717e-08
0.0005092 , 0.00017904 , 2.34039e-05 , 7.03409e-05 , 1.97706e-06 , -2.95782e-07 , 2.19476e-07 , -4.97945e-08
0.000503384 , 0.000179092 , 2.31584e-05 , 7.03975e-05 , -7.76216e-08 , -2.91072e-07 , 2.21756e-07 , -4.97153e-08
0.000497567 , 0.000179143 , 2.29129e-05 , 7.0454e-05 , -2.1323e-06 , -2.86362e-07 , 2.24044e-07 , -4.96343e-08
0.00049175 , 0.000179195 , 2.26674e-05 , 7.05106e-05 , -4.18698e-06 , -2.81652e-07 , 2.2634e-07 , -4.95513e-08
0.000485933 , 0.000179246 , 2.24219e-05 , 7.05672e-05 , -6.24166e-06 , -2.76942e-07 , 2.28643e-07 , -4.94663e-08
0.000480116 , 0.000179298 , 2.21763e-05 , 7.06238e-05 , -8.29634e-06 , -2.72232e-07 , 2.30955e-07 , -4.93795e-08
0.000474299 , 0.00017935 , 2.19307e-05 , 7.06804e-05 , -1.0351e-05 , -2.67522e-07 , 2.33275e-07 , -4.92907e-08
0.000468483 , 0.000179401 , 2.1685e-05 , 7.0737e-05 , -1.24057e-05 , -2.62812e-07 , 2.35602e-07 , -4.92e-08
0.000462666 , 0.000179453 , 2.14394e-05 , 7.07937e-05 , -1.44604e-05 , -2.58103e-07 , 2.37938e-07 , -4.91074e-08
0.000456849 , 0.000179504 , 2.11937e-05 , 7.08503e-05 , -1.65151e-05 , -2.53393e-07 , 2.40281e-07 , -4.90129e-08
0.000451032 , 0.000179556 , 2.09479e-05 , 7.09069e-05 , -1.85697e-05 , -2.48683e-07 , 2.42633e-07 , -4.89164e-08
0.000445215 , 0.000179607 , 2.07022e-05 , 7.09636e-05 , -2.06244e-05 , -2.43973e-07 , 2.44992e-07 , -4.8818e-08
0.000439398 , 0.000179659 , 2.04564e-05 , 7.10203e-05 , -2.26791e-05 , -2.39263e-07 , 2.4736e-07 , -4.87177e-08
0.000433582 , 0.00017971 , 2.02106e-05 , 7.10769e-05 , -2.47338e-05 , -2.34553e-07 , 2.49735e-07 , -4.86154e-08
0.000427765 , 0.000179762 , 1.99648e-05 , 7.11336e-05 , -2.67884e-05 , -2.29843e-07 , 2.52119e-07 , -4.85112e-08
0.000421948 , 0.000179814 , 1.97189e-05 , 7.11903e-05 , -2.88431e-05 , -2.25133e-07 , 2.5451e-07 , -4.84051e-08
0.000416131 , 0.000179865 , 1.9473e-05 , 7.1247e-05 , -3.08978e-05 , -2.20423e-07 , 2.56909e-07 , -4.82971e-08
0.000410314 , 0.000179917 , 1.92271e-05 , 7.13037e-05 , -3.29525e-05 , -2.15713e-07 , 2.59317e-07 , -4.81872e-08
0.000404497 , 0.000179968 , 1.89811e-05 , 7.13604e-05 , -3.50072e-05 , -2.11003e-07 , 2.61732e-07 , -4.80753e-08
0.000398681 , 0.00018002 , 1.87351e-05 , 7.14172e-05 , -3.70618e-05 , -2.06293e-07 , 2.64155e-07 , -4.79615e-08
0.000392864 , 0.000180071 , 1.84891e-05 , 7.14739e-05 , -3.91165e-05 , -2.01583e-07 , 2.66586e-07 , -4.78457e-08
0.000387047 , 0.000180123 , 1.82431e-05 , 7.15307e-05 , -4.11712e-05 , -1.96873e-07 , 2.69026e-07 , -4.77281e-08
0.00038123 , 0.000180174 , 1.7997e-05 , 7.15874e-05 , -4.32259e-05 , -1.92163e-07 , 2.71473e-07 , -4.76085e-08
0.000375413 , 0.000180226 , 1.77509e-05 , 7.16442e-05 , -4.52805e-05 , -1.87453e-07 , 2.73928e-07 , -4.7487e-08
0.000369596 , 0.000180278 , 1.75048e-05 , 7.1701e-05 , -4.73352e-05 , -1.82743e-07 , 2.76391e-07 , -4.73635e-08
0.00036378 , 0.000180329 , 1.74318e-05 , 7.17426e-05 , -4.77318e-05 , -1.82545e-07 , 2.78857e-07 , -4.7238e-08
0.000357963 , 0.000180381 , 1.73587e-05 , 7.17841e-05 , -4.81284e-05 , -1.82348e-07 , 2.8132e-07 , -4.71101e-08
0.000352146 , 0.000180432 , 1.72856e-05 , 7.18257e-05 , -4.8525e-05 , -1.8215e-07 , 2.83782e-07 , -4.698e-08
0.000346329 , 0.000180484 , 1.72125e-05 , 7.18673e-05 , -4.89215e-05 , -1.81952e-07 , 2.86241e-07 , -4.68476e-08
0.000340512 , 0.000180535 , 1.71394e-05 , 7.19089e-05 , -4.93181e-05 , -1.81755e-07 , 2.88699e-07 , -4.6713e-08
0.000334695 , 0.000180587 , 1.70662e-05 , 7.19505e-05 , -4.97147e-05 , -1.81557e-07 , 2.91154e-07 , -4.6576e-08
0.000328879 , 0.000180638 , 1.6993e-05 , 7.19921e-05 , -5.01113e-05 , -1.81359e-07 , 2.93608e-07 , -4.64368e-08
0.000323062 , 0.00018069 , 1.69197e-05 , 7.20338e-05 , -5.05078e-05 , -1.81162e-07 , 2.96059e-07 , -4.62953e-08
0.000317245 , 0.000180742 , 1.68465e-05 , 7.20754e-05 , -5.09044e-05 , -1.80964e-07 , 2.98509e-07 , -4.61516e-08
0.000311428 , 0.000180793 , 1.67732e-05 , 7.21171e-05 , -5.1301e-05 , -1.80766e-07 , 3.00956e-07 , -4.60055e-08
0.000305611 , 0.000180845 , 1.66999e-05 , 7.21587e-05 , -5.16976e-05 , -1.80569e-07 , 3.03402e-07 , -4.58572e-08
0.000299794 , 0.000180896 , 1.66265e-05 , 7.22004e-05 , -5.20942e-05 , -1.80371e-07 , 3.05845e-07 , -4.57066e-08
0.000293978 , 0.000180948 , 1.65531e-05 , 7.22421e-05 , -5.24907e-05 , -1.80173e-07 , 3.08287e-07 , -4.55537e-08
0.000288161 , 0.000180999 , 1.64797e-05 , 7.22838e-05 , -5.28873e-05 , -1.79976e-07 , 3.10726e-07 , -4.53986e-08
0.000282344 , 0.000181051 , 1.64063e-05 , 7.23255e-05 , -5.32839e-05 , -1.79778e-07 , 3.13164e-07 , -4.52411e-08
0.000276527 , 0.000181102 , 1.63328e-05 , 7.23672e-05 , -5.36805e-05 , -1.79581e-07 , 3.15599e-07 , -4.50814e-08
0.00027071 , 0.000181154 , 1.62593e-05 , 7.24089e-05 , -5.4077e-05 , -1.79383e-07 , 3.18033e-07 , -4.49194e-08
0.000264893 , 0.000181206 , 1.61858e-05 , 7.24506e-05 , -5.44736e-05 , -1.79185e-07 , 3.20464e-07 , -4.47552e-08
0.000259077 , 0.000181257 , 1.61123e-05 , 7.24924e-05 , -5.48702e-05 , -1.78988e-07 , 3.22894e-07 , -4.45886e-08
0.00025326 , 0.000181309 , 1.60387e-05 , 7.25341e-05 , -5.52668e-05 , -1.7879e-07 , 3.25321e-07 , -4.44198e-08
0.000247443 , 0.00018136 , 1.59651e-05 , 7.25759e-05 , -5.56634e-05 , -1.78592e-07 , 3.27746e-07 , -4.42487e-08
0.000241626 , 0.000181412 , 1.58914e-05 , 7.26176e-05 , -5.60599e-05 , -1.78395e-07 , 3.3017e-07 , -4.40754e-08
0.000235809 , 0.000181463 , 1.58178e-05 , 7.26594e-05 , -5.64565e-05 , -1.78197e-07 , 3.32591e-07 , -4.38997e-08
0.000229992 , 0.000181515 , 1.57441e-05 , 7.27012e-05 , -5.68531e-05 , -1.77999e-07 , 3.35011e-07 , -4.37218e-08
0.000224176 , 0.000181567 , 1.56704e-05 , 7.2743e-05 , -5.72497e-05 , -1.77802e-07 , 3.37428e-07 , -4.35416e-08
0.000220613 , 0.000181583 , 1.55966e-05 , 7.27848e-05 , -5.76462e-05 , -1.77604e-07 , 3.39841e-07 , -4.33591e-08
0.00021705 , 0.000181599 , 1.55227e-05 , 7.28266e-05 , -5.80428e-05 , -1.77406e-07 , 3.42252e-07 , -4.31744e-08
0.000213487 , 0.000181615 , 1.54487e-05 , 7.28684e-05 , -5.84394e-05 , -1.77209e-07 , 3.4466e-07 , -4.29874e-08
0.000209924 , 0.000181632 , 1.53746e-05 , 7.29102e-05 , -5.8836e-05 , -1.77011e-07 , 3.47067e-07 , -4.27981e-08
0.000206362 , 0.000181648 , 1.53004e-05 , 7.2952e-05 , -5.92325e-05 , -1.76813e-07 , 3.49472e-07 , -4.26065e-08
0.000202799 , 0.000181664 , 1.52261e-05 , 7.29938e-05 , -5.96291e-05 , -1.76616e-07 , 3.51875e-07 , -4.24126e-08
0.000199236 , 0.00018168 , 1.51517e-05 , 7.30356e-05 , -6.00257e-05 , -1.76418e-07 , 3.54276e-07 , -4.22165e-08
0.000195673 , 0.000181697 , 1.50772e-05 , 7.30774e-05 , -6.04223e-05 , -1.76221e-07 , 3.56675e-07 , -4.20181e-08
0.00019211 , 0.000181713 , 1.50026e-05 , 7.31193e-05 , -6.08189e-05 , -1.76023e-07 , 3.59071e-07 , -4.18174e-08
0.000188548 , 0.000181729 , 1.49278e-05 , 7.31611e-05 , -6.12154e-05 , -1.75825e-07 , 3.61466e-07 , -4.16144e-08
0.000184985 , 0.000181746 , 1.4853e-05 , 7.32029e-05 , -6.1612e-05 , -1.75628e-07 , 3.63859e-07 , -4.14092e-08
0.000181422 , 0.000181762 , 1.47781e-05 , 7.32447e-05 , -6.20086e-05 , -1.7543e-07 , 3.6625e-07 , -4.12017e-08
0.000177859 , 0.000181778 , 1.47031e-05 , 7.32866e-05 , -6.24052e-05 , -1.75232e-07 , 3.68639e-07 , -4.09919e-08
0.000174297 , 0.000181794 , 1.4628e-05 , 7.33284e-05 , -6.28017e-05 , -1.75035e-07 , 3.71025e-07 , -4.07798e-08
0.000170734 , 0.000181811 , 1.45528e-05 , 7.33702e-05 , -6.31983e-05 , -1.74837e-07 , 3.7341e-07 , -4.05655e-08
0.000167171 , 0.000181827 , 1.44775e-05 , 7.3412e-05 , -6.35949e-05 , -1.74639e-07 , 3.75793e-07 , -4.03489e-08
0.000163608 , 0.000181843 , 1.4402e-05 , 7.34539e-05 , -6.39915e-05 , -1.74442e-07 , 3.78174e-07 , -4.013e-08
0.000160045 , 0.000181859 , 1.43265e-05 , 7.34957e-05 , -6.43881e-05 , -1.74244e-07 , 3.80552e-07 , -3.99088e-08
0.000156483 , 0.000181876 , 1.42509e-05 , 7.35376e-05 , -6.47846e-05 , -1.74046e-07 , 3.82929e-07 , -3.96854e-08
0.00015292 , 0.000181892 , 1.41752e-05 , 7.35794e-05 , -6.51812e-05 , -1.73849e-07 , 3.85304e-07 , -3.94596e-08
0.000149357 , 0.000181908 , 1.40993e-05 , 7.36212e-05 , -6.55778e-05 , -1.73651e-07 , 3.87676e-07 , -3.92316e-08
0.000145794 , 0.000181925 , 1.40234e-05 , 7.36631e-05 , -6.59744e-05 , -1.73453e-07 , 3.90047e-07 , -3.90013e-08
0.000142232 , 0.000181941 , 1.39474e-05 , 7.37049e-05 , -6.63709e-05 , -1.73256e-07 , 3.92416e-07 , -3.87688e-08
0.000138669 , 0.000181957 , 1.38712e-05 , 7.37468e-05 , -6.67675e-05 , -1.73058e-07 , 3.94783e-07 , -3.8534e-08
0.000135106 , 0.000181973 , 1.3795e-05 , 7.37886e-05 , -6.71641e-05 , -1.72861e-07 , 3.97147e-07 , -3.82968e-08
0.000131543 , 0.00018199 , 1.3916e-05 , 7.38311e-05 , -6.77516e-05 , -1.70175e-07 , 3.99498e-07 , -3.80577e-08
0.00012798 , 0.000182006 , 1.4037e-05 , 7.38736e-05 , -6.83392e-05 , -1.67489e-07 , 4.01826e-07 , -3.78168e-08
0.000124418 , 0.000182022 , 1.41578e-05 , 7.39161e-05 , -6.89267e-05 , -1.64803e-07 , 4.0413e-07 , -3.75741e-08
0.000120855 , 0.000182038 , 1.42786e-05 , 7.39586e-05 , -6.95143e-05 , -1.62117e-07 , 4.06412e-07 , -3.73296e-08
0.000117292 , 0.000182055 , 1.43992e-05 , 7.40011e-05 , -7.01018e-05 , -1.59431e-07 , 4.08669e-07 , -3.70833e-08
0.000113729 , 0.000182071 , 1.45197e-05 , 7.40436e-05 , -7.06893e-05 , -1.56745e-07 , 4.10904e-07 , -3.68352e-08
0.000110167 , 0.000182087 , 1.46402e-05 , 7.40861e-05 , -7.12769e-05 , -1.54059e-07 , 4.13115e-07 , -3.65852e-08
0.000106604 , 0.000182104 , 1.47605e-05 , 7.41286e-05 , -7.18644e-05 , -1.51374e-07 , 4.15304e-07 , -3.63335e-08
0.000103041 , 0.00018212 , 1.48807e-05 , 7.41711e-05 , -7.2452e-05 , -1.48688e-07 , 4.17468e-07 , -3.608e-08
9.94782e-05 , 0.000182136 , 1.50009e-05 , 7.42136e-05 , -7.30395e-05 , -1.46002e-07 , 4.1961e-07 , -3.58247e-08
9.59154e-05 , 0.000182152 , 1.51209e-05 , 7.42561e-05 , -7.3627e-05 , -1.43316e-07 , 4.21728e-07 , -3.55676e-08
9.23527e-05 , 0.000182169 , 1.52408e-05 , 7.42986e-05 , -7.42146e-05 , -1.4063e-07 , 4.23823e-07 , -3.53088e-08
8.87899e-05 , 0.000182185 , 1.53607e-05 , 7.43411e-05 , -7.48021e-05 , -1.37944e-07 , 4.25895e-07 , -3.50481e-08
8.52271e-05 , 0.000182201 , 1.54804e-05 , 7.43837e-05 , -7.53897e-05 , -1.35258e-07 , 4.27944e-07 , -3.47856e-08
8.16643e-05 , 0.000182217 , 1.56e-05 , 7.44262e-05 , -7.59772e-05 , -1.32572e-07 , 4.29969e-07 , -3.45213e-08
7.81015e-05 , 0.000182234 , 1.57195e-05 , 7.44687e-05 , -7.65647e-05 , -1.29887e-07 , 4.31971e-07 , -3.42552e-08
7.45388e-05 , 0.00018225 , 1.58389e-05 , 7.45112e-05 , -7.71523e-05 , -1.27201e-07 , 4.3395e-07 , -3.39873e-08
7.0976e-05 , 0.000182266 , 1.59583e-05 , 7.45537e-05 , -7.77398e-05 , -1.24515e-07 , 4.35905e-07 , -3.37176e-08
6.74132e-05 , 0.000182283 , 1.60775e-05 , 7.45963e-05 , -7.83274e-05 , -1.21829e-07 , 4.37837e-07 , -3.34462e-08
6.38504e-05 , 0.000182299 , 1.61966e-05 , 7.46388e-05 , -7.89149e-05 , -1.19143e-07 , 4.39746e-07 , -3.31729e-08
6.02876e-05 , 0.000182315 , 1.63156e-05 , 7.46813e-05 , -7.95024e-05 , -1.16457e-07 , 4.41632e-07 , -3.28978e-08
5.67249e-05 , 0.000182331 , 1.64345e-05 , 7.47239e-05 , -8.009e-05 , -1.13771e-07 , 4.43494e-07 , -3.2621e-08
5.31621e-05 , 0.000182348 , 1.65533e-05 , 7.47664e-05 , -8.06775e-05 , -1.11085e-07 , 4.45333e-07 , -3.23423e-08
4.95993e-05 , 0.000182364 , 1.6672e-05 , 7.48089e-05 , -8.12651e-05 , -1.084e-07 , 4.47149e-07 , -3.20618e-08
4.60365e-05 , 0.00018238 , 1.67906e-05 , 7.48515e-05 , -8.18526e-05 , -1.05714e-07 , 4.48942e-07 , -3.17796e-08
4.74854e-05 , 0.000182272 , 1.69091e-05 , 7.4894e-05 , -8.24402e-05 , -1.03028e-07 , 4.50711e-07 , -3.14956e-08
4.89343e-05 , 0.000182164 , 1.70274e-05 , 7.49365e-05 , -8.30277e-05 , -1.00342e-07 , 4.52458e-07 , -3.12098e-08
5.03831e-05 , 0.000182056 , 1.71456e-05 , 7.49791e-05 , -8.36152e-05 , -9.76561e-08 , 4.5418e-07 , -3.09222e-08
5.1832e-05 , 0.000181948 , 1.72637e-05 , 7.50216e-05 , -8.42028e-05 , -9.49702e-08 , 4.5588e-07 , -3.06328e-08
5.32809e-05 , 0.000181839 , 1.73816e-05 , 7.50641e-05 , -8.47903e-05 , -9.22843e-08 , 4.57556e-07 , -3.03416e-08
5.47297e-05 , 0.000181731 , 1.74994e-05 , 7.51065e-05 , -8.53779e-05 , -8.95984e-08 , 4.5921e-07 , -3.00486e-08
5.61786e-05 , 0.000181623 , 1.7617e-05 , 7.5149e-05 , -8.59654e-05 , -8.69126e-08 , 4.60839e-07 , -2.97538e-08
5.76275e-05 , 0.000181515 , 1.77345e-05 , 7.51915e-05 , -8.65529e-05 , -8.42267e-08 , 4.62446e-07 , -2.94573e-08
5.90764e-05 , 0.000181407 , 1.78519e-05 , 7.52339e-05 , -8.71405e-05 , -8.15408e-08 , 4.64029e-07 , -2.91589e-08
6.05252e-05 , 0.000181299 , 1.79691e-05 , 7.52764e-05 , -8.7728e-05 , -7.8855e-08 , 4.65589e-07 , -2.88587e-08
6.19741e-05 , 0.000181191 , 1.80862e-05 , 7.53188e-05 , -8.83156e-05 , -7.61691e-08 , 4.67126e-07 , -2.85567e-08
6.3423e-05 , 0.000181082 , 1.82031e-05 , 7.53612e-05 , -8.89031e-05 , -7.34832e-08 , 4.6864e-07 , -2.8253e-08
6.48718e-05 , 0.000180974 , 1.83199e-05 , 7.54036e-05 , -8.94906e-05 , -7.07973e-08 , 4.7013e-07 , -2.79474e-08
6.63207e-05 , 0.000180866 , 1.84365e-05 , 7.5446e-05 , -9.00782e-05 , -6.81115e-08 , 4.71597e-07 , -2.764e-08
6.77696e-05 , 0.000180758 , 1.8553e-05 , 7.54884e-05 , -9.06657e-05 , -6.54256e-08 , 4.73041e-07 , -2.73309e-08
6.92184e-05 , 0.00018065 , 1.86694e-05 , 7.55308e-05 , -9.12533e-05 , -6.27397e-08 , 4.74461e-07 , -2.70199e-08
7.06673e-05 , 0.000180542 , 1.87856e-05 , 7.55732e-05 , -9.18408e-05 , -6.00538e-08 , 4.75858e-07 , -2.67071e-08
7.21162e-05 , 0.000180433 , 1.89017e-05 , 7.56156e-05 , -9.24283e-05 , -5.7368e-08 , 4.77232e-07 , -2.63926e-08
7.35651e-05 , 0.000180325 , 1.90177e-05 , 7.56579e-05 , -9.30159e-05 , -5.46821e-08 , 4.78583e-07 , -2.60762e-08
7.50139e-05 , 0.000180217 , 1.91335e-05 , 7.57002e-05 , -9.36034e-05 , -5.19962e-08 , 4.7991e-07 , -2.57581e-08
7.64628e-05 , 0.000180109 , 1.92492e-05 , 7.57426e-05 , -9.4191e-05 , -4.93104e-08 , 4.81214e-07 , -2.54381e-08
7.79117e-05 , 0.000180001 , 1.93647e-05 , 7.57849e-05 , -9.47785e-05 , -4.66245e-08 , 4.82495e-07 , -2.51164e-08
7.93605e-05 , 0.000179893 , 1.94801e-05 , 7.58272e-05 , -9.5366e-05 , -4.39386e-08 , 4.83753e-07 , -2.47929e-08
8.08094e-05 , 0.000179785 , 1.95953e-05 , 7.58695e-05 , -9.59536e-05 , -4.12527e-08 , 4.84987e-07 , -2.44675e-08
8.22583e-05 , 0.000179676 , 1.97104e-05 , 7.59118e-05 , -9.65411e-05 , -3.85669e-08 , 4.86198e-07 , -2.41404e-08
8.37071e-05 , 0.000179568 , 1.98336e-05 , 7.59593e-05 , -9.61461e-05 , -4.12494e-08 , 4.87386e-07 , -2.38121e-08
8.5156e-05 , 0.00017946 , 1.99566e-05 , 7.60067e-05 , -9.5751e-05 , -4.39319e-08 , 4.88548e-07 , -2.34833e-08
8.66049e-05 , 0.000179352 , 2.00794e-05 , 7.60541e-05 , -9.5356e-05 , -4.66145e-08 , 4.89687e-07 , -2.31538e-08
8.80538e-05 , 0.000179244 , 2.02021e-05 , 7.61016e-05 , -9.4961e-05 , -4.9297e-08 , 4.90801e-07 , -2.28238e-08
8.95026e-05 , 0.000179136 , 2.03247e-05 , 7.6149e-05 , -9.45659e-05 , -5.19796e-08 , 4.9189e-07 , -2.24932e-08
9.09515e-05 , 0.000179028 , 2.04471e-05 , 7.61964e-05 , -9.41709e-05 , -5.46621e-08 , 4.92956e-07 , -2.2162e-08
9.24004e-05 , 0.000178919 , 2.05694e-05 , 7.62438e-05 , -9.37759e-05 , -5.73446e-08 , 4.93997e-07 , -2.18302e-08
9.38492e-05 , 0.000178811 , 2.06916e-05 , 7.62912e-05 , -9.33808e-05 , -6.00272e-08 , 4.95013e-07 , -2.14978e-08
9.52981e-05 , 0.000178703 , 2.08136e-05 , 7.63386e-05 , -9.29858e-05 , -6.27097e-08 , 4.96005e-07 , -2.11648e-08
9.6747e-05 , 0.000178595 , 2.09355e-05 , 7.63859e-05 , -9.25907e-05 , -6.53923e-08 , 4.96973e-07 , -2.08313e-08
9.81958e-05 , 0.000178487 , 2.10572e-05 , 7.64333e-05 , -9.21957e-05 , -6.80748e-08 , 4.97917e-07 , -2.04971e-08
9.96447e-05 , 0.000178379 , 2.11788e-05 , 7.64806e-05 , -9.18007e-05 , -7.07573e-08 , 4.98836e-07 , -2.01624e-08
0.000101094 , 0.00017827 , 2.13002e-05 , 7.6528e-05 , -9.14056e-05 , -7.34399e-08 , 4.9973e-07 , -1.98271e-08
0.000102542 , 0.000178162 , 2.14216e-05 , 7.65753e-05 , -9.10106e-05 , -7.61224e-08 , 5.00601e-07 , -1.94912e-08
0.000103991 , 0.000178054 , 2.15427e-05 , 7.66226e-05 , -9.06156e-05 , -7.8805e-08 , 5.01446e-07 , -1.91547e-08
0.00010544 , 0.000177946 , 2.16638e-05 , 7.66699e-05 , -9.02205e-05 , -8.14875e-08 , 5.02268e-07 , -1.88176e-08
0.000106889 , 0.000177838 , 2.17846e-05 , 7.67172e-05 , -8.98255e-05 , -8.417e-08 , 5.03065e-07 , -1.848e-08
0.000108338 , 0.00017773 , 2.19054e-05 , 7.67645e-05 , -8.94304e-05 , -8.68526e-08 , 5.03838e-07 , -1.81417e-08
0.000109787 , 0.000177622 , 2.2026e-05 , 7.68118e-05 , -8.90354e-05 , -8.95351e-08 , 5.04586e-07 , -1.78029e-08
0.000111236 , 0.000177513 , 2.21465e-05 , 7.6859e-05 , -8.86404e-05 , -9.22176e-08 , 5.0531e-07 , -1.74635e-08
0.000112685 , 0.000177405 , 2.22668e-05 , 7.69063e-05 , -8.82453e-05 , -9.49002e-08 , 5.0601e-07 , -1.71235e-08
0.000114133 , 0.000177297 , 2.2387e-05 , 7.69535e-05 , -8.78503e-05 , -9.75827e-08 , 5.06685e-07 , -1.67829e-08
0.000115582 , 0.000177189 , 2.2507e-05 , 7.70008e-05 , -8.74552e-05 , -1.00265e-07 , 5.07336e-07 , -1.64417e-08
0.000117031 , 0.000177081 , 2.26269e-05 , 7.7048e-05 , -8.70602e-05 , -1.02948e-07 , 5.07963e-07 , -1.60999e-08
