0 , 0 , 0 , 0 , 0 , 0 , 0 , 0
0 , 0 , 0 , 0 , 0 , 0 , 0 , 0
0 , 0 , 0 , 0 , 0 , 0 , 0 , 0
0 , 0 , 0 , 0 , 0 , 0 , 0 , 0
0 , 0 , 0 , 0 , 0 , 0 , 0 , 0
0 , 0 , 0 , 0 , 0 , 0 , 0 , 0
-1.14441e-40 , -4.17556e-26 , -1.14441e-40 , -4.17556e-26 , -1.14441e-40 , -4.17556e-26 , -1.14441e-40 , -4.17556e-26
-6.98697e-33 , -2.08797e-18 , -6.98697e-33 , -2.08797e-18 , -6.98697e-33 , -2.08797e-18 , -6.98697e-33 , -2.08797e-18
-3.41543e-27 , -8.34425e-13 , -3.41543e-27 , -8.34425e-13 , -3.41543e-27 , -8.34425e-13 , -3.41543e-27 , -8.34425e-13
-5.98276e-23 , -1.20899e-08 , -5.98276e-23 , -1.20899e-08 , -5.98276e-23 , -1.20899e-08 , -5.98276e-23 , -1.20899e-08
-7.09826e-20 , -1.19923e-05 , -7.09826e-20 , -1.19923e-05 , -7.09826e-20 , -1.19923e-05 , -7.09826e-20 , -1.19923e-05
-7.70612e-18 , -0.00106415 , -7.70612e-18 , -0.00106415 , -7.70612e-18 , -0.00106415 , -7.70612e-18 , -0.00106415
-1.23828e-16 , -0.0109733 , -1.23828e-16 , -0.0109733 , -1.23828e-16 , -0.0109733 , -1.23828e-16 , -0.0109733
-7.88295e-16 , -0.0382893 , -7.88295e-16 , -0.0382893 , -7.88295e-16 , -0.0382893 , -7.88295e-16 , -0.0382893
-2.62017e-15 , -0.080549 , -2.62017e-15 , -0.080549 , -2.62017e-15 , -0.080549 , -2.62017e-15 , -0.080549
-5.55304e-15 , -0.121051 , -5.55304e-15 , -0.121051 , -5.55304e-15 , -0.121051 , -5.55304e-15 , -0.121051
-7.67543e-15 , -0.133501 , -7.67543e-15 , -0.133501 , -7.67543e-15 , -0.133501 , -7.67543e-15 , -0.133501
-6.3875e-15 , -0.0929887 , -6.3875e-15 , -0.0929887 , -6.3875e-15 , -0.0929887 , -6.3875e-15 , -0.0929887
-6.99392e-16 , 0.0066419 , -6.99392e-16 , 0.0066419 , -6.99392e-16 , 0.0066419 , -6.99392e-16 , 0.0066419
8.54797e-15 , 0.133787 , 8.54797e-15 , 0.133787 , 8.54797e-15 , 0.133787 , 8.54797e-15 , 0.133787
1.74133e-14 , 0.220769 , 1.74133e-14 , 0.220769 , 1.74133e-14 , 0.220769 , 1.74133e-14 , 0.220769
1.91382e-14 , 0.202143 , 1.91382e-14 , 0.202143 , 1.91382e-14 , 0.202143 , 1.91382e-14 , 0.202143
8.33683e-15 , 0.0733237 , 8.33683e-15 , 0.0733237 , 8.33683e-15 , 0.0733237 , 8.33683e-15 , 0.0733237
-1.32871e-14 , -0.0829218 , -1.32871e-14 , -0.0829218 , -1.32871e-14 , -0.0829218 , -1.32871e-14 , -0.0829218
-3.36927e-14 , -0.145678 , -3.36927e-14 , -0.145678 , -3.36927e-14 , -0.145678 , -3.36927e-14 , -0.145678
-3.75644e-14 , -0.0621751 , -3.75644e-14 , -0.0621751 , -3.75644e-14 , -0.0621751 , -3.75644e-14 , -0.0621751
-1.96217e-14 , 0.086425 , -1.96217e-14 , 0.086425 , -1.96217e-14 , 0.086425 , -1.96217e-14 , 0.086425
8.06335e-15 , 0.146325 , 8.06335e-15 , 0.146325 , 8.06335e-15 , 0.146325 , 8.06335e-15 , 0.146325
2.03384e-14 , 0.0480696 , 2.03384e-14 , 0.0480696 , 2.03384e-14 , 0.0480696 , 2.03384e-14 , 0.0480696
2.7624e-16 , -0.104842 , 2.7624e-16 , -0.104842 , 2.7624e-16 , -0.104842 , 2.7624e-16 , -0.104842
-4.21745e-14 , -0.138709 , -4.21745e-14 , -0.138709 , -4.21745e-14 , -0.138709 , -4.21745e-14 , -0.138709
-7.78486e-14 , -0.0141372 , -7.78486e-14 , -0.0141372 , -7.78486e-14 , -0.0141372 , -7.78486e-14 , -0.0141372
-8.24123e-14 , 0.113713 , -8.24123e-14 , 0.113713 , -8.24123e-14 , 0.113713 , -8.24123e-14 , 0.113713
-5.44443e-14 , 0.0821938 , -5.44443e-14 , 0.0821938 , -5.44443e-14 , 0.0821938 , -5.44443e-14 , 0.0821938
-7.10669e-15 , -0.0612611 , -7.10669e-15 , -0.0612611 , -7.10669e-15 , -0.0612611 , -7.10669e-15 , -0.0612611
4.72503e-14 , -0.111689 , 4.72503e-14 , -0.111689 , 4.72503e-14 , -0.111689 , 4.72503e-14 , -0.111689
9.49654e-14 , 0.00913346 , 9.49654e-14 , 0.00913346 , 9.49654e-14 , 0.00913346 , 9.49654e-14 , 0.00913346
1.11561e-13 , 0.128697 , 1.11561e-13 , 0.128697 , 1.11561e-13 , 0.128697 , 1.11561e-13 , 0.128697
7.42526e-14 , 0.0639787 , 7.42526e-14 , 0.0639787 , 7.42526e-14 , 0.0639787 , 7.42526e-14 , 0.0639787
-2.53935e-16 , -0.103996 , -2.53935e-16 , -0.103996 , -2.53935e-16 , -0.103996 , -2.53935e-16 , -0.103996
-4.65683e-14 , -0.136851 , -4.65683e-14 , -0.136851 , -4.65683e-14 , -0.136851 , -4.65683e-14 , -0.136851
-1.37489e-14 , 0.0134742 , -1.37489e-14 , 0.0134742 , -1.37489e-14 , 0.0134742 , -1.37489e-14 , 0.0134742
6.10536e-14 , 0.138612 , 6.10536e-14 , 0.138612 , 6.10536e-14 , 0.138612 , 6.10536e-14 , 0.138612
7.53056e-14 , 0.0833107 , 7.53056e-14 , 0.0833107 , 7.53056e-14 , 0.0833107 , 7.53056e-14 , 0.0833107
-1.45771e-14 , -0.0544179 , -1.45771e-14 , -0.0544179 , -1.45771e-14 , -0.0544179 , -1.45771e-14 , -0.0544179
-1.15893e-13 , -0.102859 , -1.15893e-13 , -0.102859 , -1.15893e-13 , -0.102859 , -1.15893e-13 , -0.102859
-1.04292e-13 , -0.0398609 , -1.04292e-13 , -0.0398609 , -1.04292e-13 , -0.0398609 , -1.04292e-13 , -0.0398609
1.70743e-14 , 0.0450295 , 1.70743e-14 , 0.0450295 , 1.70743e-14 , 0.0450295 , 1.70743e-14 , 0.0450295
1.18576e-13 , 0.0803208 , 1.18576e-13 , 0.0803208 , 1.18576e-13 , 0.0803208 , 1.18576e-13 , 0.0803208
9.7817e-14 , 0.0421304 , 9.7817e-14 , 0.0421304 , 9.7817e-14 , 0.0421304 , 9.7817e-14 , 0.0421304
-1.37516e-14 , -0.0340455 , -1.37516e-14 , -0.0340455 , -1.37516e-14 , -0.0340455 , -1.37516e-14 , -0.0340455
-9.91723e-14 , -0.0510779 , -9.91723e-14 , -0.0510779 , -9.91723e-14 , -0.0510779 , -9.91723e-14 , -0.0510779
-8.7956e-14 , 0.0276022 , -8.7956e-14 , 0.0276022 , -8.7956e-14 , 0.0276022 , -8.7956e-14 , 0.0276022
-2.45268e-14 , 0.0895837 , -2.45268e-14 , 0.0895837 , -2.45268e-14 , 0.0895837 , -2.45268e-14 , 0.0895837
-1.45481e-15 , 0.0418886 , -1.45481e-15 , 0.0418886 , -1.45481e-15 , 0.0418886 , -1.45481e-15 , 0.0418886
-4.30538e-14 , -0.0250076 , -4.30538e-14 , -0.0250076 , -4.30538e-14 , -0.0250076 , -4.30538e-14 , -0.0250076
-7.01459e-14 , -0.00349595 , -7.01459e-14 , -0.00349595 , -7.01459e-14 , -0.00349595 , -7.01459e-14 , -0.00349595
-3.86824e-15 , 0.0369331 , -3.86824e-15 , 0.0369331 , -3.86824e-15 , 0.0369331 , -3.86824e-15 , 0.0369331
1.14726e-13 , -0.0051677 , 1.14726e-13 , -0.0051677 , 1.14726e-13 , -0.0051677 , 1.14726e-13 , -0.0051677
1.62151e-13 , -0.0775314 , 1.62151e-13 , -0.0775314 , 1.62151e-13 , -0.0775314 , 1.62151e-13 , -0.0775314
8.94704e-14 , -0.0793833 , 8.94704e-14 , -0.0793833 , 8.94704e-14 , -0.0793833 , 8.94704e-14 , -0.0793833
-4.07274e-14 , -0.0187649 , -4.07274e-14 , -0.0187649 , -4.07274e-14 , -0.0187649 , -4.07274e-14 , -0.0187649
-1.25511e-13 , 0.0227565 , -1.25511e-13 , 0.0227565 , -1.25511e-13 , 0.0227565 , -1.25511e-13 , 0.0227565
-8.48049e-14 , 0.00255768 , -8.48049e-14 , 0.00255768 , -8.48049e-14 , 0.00255768 , -8.48049e-14 , 0.00255768
5.26571e-14 , -0.0309735 , 5.26571e-14 , -0.0309735 , 5.26571e-14 , -0.0309735 , 5.26571e-14 , -0.0309735
1.34048e-13 , -0.00505265 , 1.34048e-13 , -0.00505265 , 1.34048e-13 , -0.00505265 , 1.34048e-13 , -0.00505265
6.42138e-14 , 0.047327 , 6.42138e-14 , 0.047327 , 6.42138e-14 , 0.047327 , 6.42138e-14 , 0.047327
-5.86401e-14 , 0.034983 , -5.86401e-14 , 0.034983 , -5.86401e-14 , 0.034983 , -5.86401e-14 , 0.034983
-7.93406e-14 , -0.0158052 , -7.93406e-14 , -0.0158052 , -7.93406e-14 , -0.0158052 , -7.93406e-14 , -0.0158052
-4.01575e-15 , -0.0234395 , -4.01575e-15 , -0.0234395 , -4.01575e-15 , -0.0234395 , -4.01575e-15 , -0.0234395
3.42351e-14 , -0.00993236 , 3.42351e-14 , -0.00993236 , 3.42351e-14 , -0.00993236 , 3.42351e-14 , -0.00993236
-1.63948e-15 , -0.00250935 , -1.63948e-15 , -0.00250935 , -1.63948e-15 , -0.00250935 , -1.63948e-15 , -0.00250935
-2.24158e-14 , 0.0226956 , -2.24158e-14 , 0.0226956 , -2.24158e-14 , 0.0226956 , -2.24158e-14 , 0.0226956
1.6565e-14 , 0.0142142 , 1.6565e-14 , 0.0142142 , 1.6565e-14 , 0.0142142 , 1.6565e-14 , 0.0142142
4.27486e-14 , -0.0383504 , 4.27486e-14 , -0.0383504 , 4.27486e-14 , -0.0383504 , 4.27486e-14 , -0.0383504
-6.36111e-15 , -0.0116074 , -6.36111e-15 , -0.0116074 , -6.36111e-15 , -0.0116074 , -6.36111e-15 , -0.0116074
-5.409e-14 , 0.0517699 , -5.409e-14 , 0.0517699 , -5.409e-14 , 0.0517699 , -5.409e-14 , 0.0517699
2.32084e-14 , -0.00912778 , 2.32084e-14 , -0.00912778 , 2.32084e-14 , -0.00912778 , 2.32084e-14 , -0.00912778
1.99482e-13 , -0.0579069 , 1.99482e-13 , -0.0579069 , 1.99482e-13 , -0.0579069 , 1.99482e-13 , -0.0579069
3.16075e-13 , 0.0473191 , 3.16075e-13 , 0.0473191 , 3.16075e-13 , 0.0473191 , 3.16075e-13 , 0.0473191
2.85199e-13 , 0.0636678 , 2.85199e-13 , 0.0636678 , 2.85199e-13 , 0.0636678 , 2.85199e-13 , 0.0636678
1.51723e-13 , -0.0760601 , 1.51723e-13 , -0.0760601 , 1.51723e-13 , -0.0760601 , 1.51723e-13 , -0.0760601
-6.2548e-14 , -0.0628662 , -6.2548e-14 , -0.0628662 , -6.2548e-14 , -0.0628662 , -6.2548e-14 , -0.0628662
-3.41209e-13 , 0.0634254 , -3.41209e-13 , 0.0634254 , -3.41209e-13 , 0.0634254 , -3.41209e-13 , 0.0634254
-5.35309e-13 , 0.0238394 , -5.35309e-13 , 0.0238394 , -5.35309e-13 , 0.0238394 , -5.35309e-13 , 0.0238394
-4.93433e-13 , -0.033245 , -4.93433e-13 , -0.033245 , -4.93433e-13 , -0.033245 , -4.93433e-13 , -0.033245
-2.06684e-13 , 0.0376524 , -2.06684e-13 , 0.0376524 , -2.06684e-13 , 0.0376524 , -2.06684e-13 , 0.0376524
2.41322e-13 , 0.0109855 , 2.41322e-13 , 0.0109855 , 2.41322e-13 , 0.0109855 , 2.41322e-13 , 0.0109855
5.8338e-13 , -0.0889219 , 5.8338e-13 , -0.0889219 , 5.8338e-13 , -0.0889219 , 5.8338e-13 , -0.0889219
3.93627e-13 , -0.0333208 , 3.93627e-13 , -0.0333208 , 3.93627e-13 , -0.0333208 , 3.93627e-13 , -0.0333208
-2.98902e-13 , 0.0440239 , -2.98902e-13 , 0.0440239 , -2.98902e-13 , 0.0440239 , -2.98902e-13 , 0.0440239
-7.68812e-13 , 0.0137574 , -7.68812e-13 , 0.0137574 , -7.68812e-13 , 0.0137574 , -7.68812e-13 , 0.0137574
-4.94937e-13 , 0.0132597 , -4.94937e-13 , 0.0132597 , -4.94937e-13 , 0.0132597 , -4.94937e-13 , 0.0132597
1.94998e-13 , 0.00632771 , 1.94998e-13 , 0.00632771 , 1.94998e-13 , 0.00632771 , 1.94998e-13 , 0.00632771
6.34283e-13 , -0.0731645 , 6.34283e-13 , -0.0731645 , 6.34283e-13 , -0.0731645 , 6.34283e-13 , -0.0731645
4.38642e-13 , -0.0577737 , 4.38642e-13 , -0.0577737 , 4.38642e-13 , -0.0577737 , 4.38642e-13 , -0.0577737
-1.78334e-13 , 0.0445014 , -1.78334e-13 , 0.0445014 , -1.78334e-13 , 0.0445014 , -1.78334e-13 , 0.0445014
-4.41679e-13 , 0.0650481 , -4.41679e-13 , 0.0650481 , -4.41679e-13 , 0.0650481 , -4.41679e-13 , 0.0650481
1.36155e-14 , 0.0381475 , 1.36155e-14 , 0.0381475 , 1.36155e-14 , 0.0381475 , 1.36155e-14 , 0.0381475
4.55239e-13 , 0.00297275 , 4.55239e-13 , 0.00297275 , 4.55239e-13 , 0.00297275 , 4.55239e-13 , 0.00297275
2.16817e-13 , -0.0549976 , 2.16817e-13 , -0.0549976 , 2.16817e-13 , -0.0549976 , 2.16817e-13 , -0.0549976
-2.34274e-13 , -0.0294074 , -2.34274e-13 , -0.0294074 , -2.34274e-13 , -0.0294074 , -2.34274e-13 , -0.0294074
-2.78048e-13 , 0.0552455 , -2.78048e-13 , 0.0552455 , -2.78048e-13 , 0.0552455 , -2.78048e-13 , 0.0552455
-5.74992e-14 , 0.0505693 , -5.74992e-14 , 0.0505693 , -5.74992e-14 , 0.0505693 , -5.74992e-14 , 0.0505693
1.09855e-13 , -0.00280855 , 1.09855e-13 , -0.00280855 , 1.09855e-13 , -0.00280855 , 1.09855e-13 , -0.00280855
1.26464e-13 , -0.0405366 , 1.26464e-13 , -0.0405366 , 1.26464e-13 , -0.0405366 , 1.26464e-13 , -0.0405366
-8.82497e-15 , -0.0623921 , -8.82497e-15 , -0.0623921 , -8.82497e-15 , -0.0623921 , -8.82497e-15 , -0.0623921
-6.90582e-14 , -0.00137774 , -6.90582e-14 , -0.00137774 , -6.90582e-14 , -0.00137774 , -6.90582e-14 , -0.00137774
5.80814e-14 , 0.0709176 , 5.80814e-14 , 0.0709176 , 5.80814e-14 , 0.0709176 , 5.80814e-14 , 0.0709176
2.14413e-14 , 0.0291346 , 2.14413e-14 , 0.0291346 , 2.14413e-14 , 0.0291346 , 2.14413e-14 , 0.0291346
-2.20205e-13 , -0.0287294 , -2.20205e-13 , -0.0287294 , -2.20205e-13 , -0.0287294 , -2.20205e-13 , -0.0287294
-1.81119e-13 , -0.04677 , -1.81119e-13 , -0.04677 , -1.81119e-13 , -0.04677 , -1.81119e-13 , -0.04677
1.21169e-13 , -0.0426569 , 1.21169e-13 , -0.0426569 , 1.21169e-13 , -0.0426569 , 1.21169e-13 , -0.0426569
2.36031e-13 , 0.0598741 , 2.36031e-13 , 0.0598741 , 2.36031e-13 , 0.0598741 , 2.36031e-13 , 0.0598741
1.37578e-13 , 0.10857 , 1.37578e-13 , 0.10857 , 1.37578e-13 , 0.10857 , 1.37578e-13 , 0.10857
-1.19122e-13 , -0.0478253 , -1.19122e-13 , -0.0478253 , -1.19122e-13 , -0.0478253 , -1.19122e-13 , -0.0478253
-4.9324e-13 , -0.115178 , -4.9324e-13 , -0.115178 , -4.9324e-13 , -0.115178 , -4.9324e-13 , -0.115178
-4.0492e-13 , 0.00651625 , -4.0492e-13 , 0.00651625 , -4.0492e-13 , 0.00651625 , -4.0492e-13 , 0.00651625
2.90986e-13 , 0.0462795 , 2.90986e-13 , 0.0462795 , 2.90986e-13 , 0.0462795 , 2.90986e-13 , 0.0462795
5.70596e-13 , 0.0403566 , 5.70596e-13 , 0.0403566 , 5.70596e-13 , 0.0403566 , 5.70596e-13 , 0.0403566
4.63416e-14 , 0.0483376 , 4.63416e-14 , 0.0483376 , 4.63416e-14 , 0.0483376 , 4.63416e-14 , 0.0483376
-3.66255e-13 , -0.0666594 , -3.66255e-13 , -0.0666594 , -3.66255e-13 , -0.0666594 , -3.66255e-13 , -0.0666594
-2.98985e-13 , -0.0979896 , -2.98985e-13 , -0.0979896 , -2.98985e-13 , -0.0979896 , -2.98985e-13 , -0.0979896
-1.07361e-13 , 0.0654517 , -1.07361e-13 , 0.0654517 , -1.07361e-13 , 0.0654517 , -1.07361e-13 , 0.0654517
2.4304e-13 , 0.086727 , 2.4304e-13 , 0.086727 , 2.4304e-13 , 0.086727 , 2.4304e-13 , 0.086727
5.15149e-13 , -0.0237553 , 5.15149e-13 , -0.0237553 , 5.15149e-13 , -0.0237553 , 5.15149e-13 , -0.0237553
1.87979e-13 , -0.0278091 , 1.87979e-13 , -0.0278091 , 1.87979e-13 , -0.0278091 , 1.87979e-13 , -0.0278091
-2.26352e-13 , -0.0281616 , -2.26352e-13 , -0.0281616 , -2.26352e-13 , -0.0281616 , -2.26352e-13 , -0.0281616
-1.49432e-13 , -0.015636 , -1.49432e-13 , -0.015636 , -1.49432e-13 , -0.015636 , -1.49432e-13 , -0.015636
-9.4924e-14 , 0.0815554 , -9.4924e-14 , 0.0815554 , -9.4924e-14 , 0.0815554 , -9.4924e-14 , 0.0815554
-1.43589e-13 , 0.0433433 , -1.43589e-13 , 0.0433433 , -1.43589e-13 , 0.0433433 , -1.43589e-13 , 0.0433433
2.03267e-13 , -0.0800026 , 2.03267e-13 , -0.0800026 , 2.03267e-13 , -0.0800026 , 2.03267e-13 , -0.0800026
4.01672e-13 , -0.0314377 , 4.01672e-13 , -0.0314377 , 4.01672e-13 , -0.0314377 , 4.01672e-13 , -0.0314377
1.11353e-14 , 0.0486553 , 1.11353e-14 , 0.0486553 , 1.11353e-14 , 0.0486553 , 1.11353e-14 , 0.0486553
-2.42898e-13 , 0.0255934 , -2.42898e-13 , 0.0255934 , -2.42898e-13 , 0.0255934 , -2.42898e-13 , 0.0255934
-2.53882e-13 , 0.00421555 , -2.53882e-13 , 0.00421555 , -2.53882e-13 , 0.00421555 , -2.53882e-13 , 0.00421555
-3.53651e-13 , -0.0329813 , -3.53651e-13 , -0.0329813 , -3.53651e-13 , -0.0329813 , -3.53651e-13 , -0.0329813
4.39695e-15 , -0.0511116 , 4.39695e-15 , -0.0511116 , 4.39695e-15 , -0.0511116 , 4.39695e-15 , -0.0511116
5.83483e-13 , 0.0344249 , 5.83483e-13 , 0.0344249 , 5.83483e-13 , 0.0344249 , 5.83483e-13 , 0.0344249
2.78856e-13 , 0.0565875 , 2.78856e-13 , 0.0565875 , 2.78856e-13 , 0.0565875 , 2.78856e-13 , 0.0565875
-3.58031e-13 , -0.0370086 , -3.58031e-13 , -0.0370086 , -3.58031e-13 , -0.0370086 , -3.58031e-13 , -0.0370086
-3.1598e-13 , -0.0501886 , -3.1598e-13 , -0.0501886 , -3.1598e-13 , -0.0501886 , -3.1598e-13 , -0.0501886
-1.84631e-13 , 0.00879671 , -1.84631e-13 , 0.00879671 , -1.84631e-13 , 0.00879671 , -1.84631e-13 , 0.00879671
-2.09642e-13 , 0.0265308 , -2.09642e-13 , 0.0265308 , -2.09642e-13 , 0.0265308 , -2.09642e-13 , 0.0265308
2.01794e-13 , 0.0300893 , 2.01794e-13 , 0.0300893 , 2.01794e-13 , 0.0300893 , 2.01794e-13 , 0.0300893
5.74756e-13 , 0.00432141 , 5.74756e-13 , 0.00432141 , 5.74756e-13 , 0.00432141 , 5.74756e-13 , 0.00432141
3.06295e-13 , -0.0454136 , 3.06295e-13 , -0.0454136 , 3.06295e-13 , -0.0454136 , 3.06295e-13 , -0.0454136
-8.78259e-14 , -0.016945 , -8.78259e-14 , -0.016945 , -8.78259e-14 , -0.016945 , -8.78259e-14 , -0.016945
-2.47789e-13 , 0.0353125 , -2.47789e-13 , 0.0353125 , -2.47789e-13 , 0.0353125 , -2.47789e-13 , 0.0353125
-3.09506e-13 , 0.0143276 , -3.09506e-13 , 0.0143276 , -3.09506e-13 , 0.0143276 , -3.09506e-13 , 0.0143276
-2.09306e-13 , -0.0020023 , -2.09306e-13 , -0.0020023 , -2.09306e-13 , -0.0020023 , -2.09306e-13 , -0.0020023
7.40174e-14 , -0.00173149 , 7.40174e-14 , -0.00173149 , 7.40174e-14 , -0.00173149 , 7.40174e-14 , -0.00173149
3.03867e-13 , -0.0308353 , 3.03867e-13 , -0.0308353 , 3.03867e-13 , -0.0308353 , 3.03867e-13 , -0.0308353
1.98539e-13 , -0.00459333 , 1.98539e-13 , -0.00459333 , 1.98539e-13 , -0.00459333 , 1.98539e-13 , -0.00459333
-1.0485e-13 , 0.0358356 , -1.0485e-13 , 0.0358356 , -1.0485e-13 , 0.0358356 , -1.0485e-13 , 0.0358356
-1.39792e-13 , -0.0145072 , -1.39792e-13 , -0.0145072 , -1.39792e-13 , -0.0145072 , -1.39792e-13 , -0.0145072
-8.81061e-14 , -0.0158144 , -8.81061e-14 , -0.0158144 , -8.81061e-14 , -0.0158144 , -8.81061e-14 , -0.0158144
-2.34624e-13 , 0.0468545 , -2.34624e-13 , 0.0468545 , -2.34624e-13 , 0.0468545 , -2.34624e-13 , 0.0468545
3.84098e-15 , -0.00152692 , 3.84098e-15 , -0.00152692 , 3.84098e-15 , -0.00152692 , 3.84098e-15 , -0.00152692
4.59285e-13 , -0.0513076 , 4.59285e-13 , -0.0513076 , 4.59285e-13 , -0.0513076 , 4.59285e-13 , -0.0513076
1.79549e-13 , -0.00393282 , 1.79549e-13 , -0.00393282 , 1.79549e-13 , -0.00393282 , 1.79549e-13 , -0.00393282
-2.71131e-13 , 0.00575872 , -2.71131e-13 , 0.00575872 , -2.71131e-13 , 0.00575872 , -2.71131e-13 , 0.00575872
-1.65345e-13 , 0.0241576 , -1.65345e-13 , 0.0241576 , -1.65345e-13 , 0.0241576 , -1.65345e-13 , 0.0241576
-1.95005e-13 , 0.0557641 , -1.95005e-13 , 0.0557641 , -1.95005e-13 , 0.0557641 , -1.95005e-13 , 0.0557641
-2.76098e-13 , -0.04311 , -2.76098e-13 , -0.04311 , -2.76098e-13 , -0.04311 , -2.76098e-13 , -0.04311
1.53751e-13 , -0.0909326 , 1.53751e-13 , -0.0909326 , 1.53751e-13 , -0.0909326 , 1.53751e-13 , -0.0909326
2.45937e-13 , 0.0317682 , 2.45937e-13 , 0.0317682 , 2.45937e-13 , 0.0317682 , 2.45937e-13 , 0.0317682
-2.3605e-13 , 0.0685538 , -2.3605e-13 , 0.0685538 , -2.3605e-13 , 0.0685538 , -2.3605e-13 , 0.0685538
-3.45834e-13 , -0.00581274 , -3.45834e-13 , -0.00581274 , -3.45834e-13 , -0.00581274 , -3.45834e-13 , -0.00581274
-2.34053e-13 , -0.0271377 , -2.34053e-13 , -0.0271377 , -2.34053e-13 , -0.0271377 , -2.34053e-13 , -0.0271377
-3.16075e-13 , -0.0194339 , -3.16075e-13 , -0.0194339 , -3.16075e-13 , -0.0194339 , -3.16075e-13 , -0.0194339
-6.52138e-14 , -0.00311191 , -6.52138e-14 , -0.00311191 , -6.52138e-14 , -0.00311191 , -6.52138e-14 , -0.00311191
3.42748e-13 , 0.0118856 , 3.42748e-13 , 0.0118856 , 3.42748e-13 , 0.0118856 , 3.42748e-13 , 0.0118856
2.97516e-13 , -0.0009501 , 2.97516e-13 , -0.0009501 , 2.97516e-13 , -0.0009501 , 2.97516e-13 , -0.0009501
2.55952e-13 , 0.0123839 , 2.55952e-13 , 0.0123839 , 2.55952e-13 , 0.0123839 , 2.55952e-13 , 0.0123839
4.33794e-13 , 0.0200442 , 4.33794e-13 , 0.0200442 , 4.33794e-13 , 0.0200442 , 4.33794e-13 , 0.0200442
7.96868e-14 , -0.0188222 , 7.96868e-14 , -0.0188222 , 7.96868e-14 , -0.0188222 , 7.96868e-14 , -0.0188222
-5.73254e-13 , -0.0307243 , -5.73254e-13 , -0.0307243 , -5.73254e-13 , -0.0307243 , -5.73254e-13 , -0.0307243
-3.89137e-13 , -0.00459948 , -3.89137e-13 , -0.00459948 , -3.89137e-13 , -0.00459948 , -3.89137e-13 , -0.00459948
3.50566e-13 , 0.0390554 , 3.50566e-13 , 0.0390554 , 3.50566e-13 , 0.0390554 , 3.50566e-13 , 0.0390554
5.39104e-13 , 0.0497858 , 5.39104e-13 , 0.0497858 , 5.39104e-13 , 0.0497858 , 5.39104e-13 , 0.0497858
1.83536e-13 , -0.0380637 , 1.83536e-13 , -0.0380637 , 1.83536e-13 , -0.0380637 , 1.83536e-13 , -0.0380637
-2.12157e-13 , -0.0773534 , -2.12157e-13 , -0.0773534 , -2.12157e-13 , -0.0773534 , -2.12157e-13 , -0.0773534
-4.77528e-13 , 0.0194285 , -4.77528e-13 , 0.0194285 , -4.77528e-13 , 0.0194285 , -4.77528e-13 , 0.0194285
-1.87081e-13 , 0.0669143 , -1.87081e-13 , 0.0669143 , -1.87081e-13 , 0.0669143 , -1.87081e-13 , 0.0669143
5.12345e-13 , 0.0138975 , 5.12345e-13 , 0.0138975 , 5.12345e-13 , 0.0138975 , 5.12345e-13 , 0.0138975
4.48468e-13 , -0.0363383 , 4.48468e-13 , -0.0363383 , 4.48468e-13 , -0.0363383 , 4.48468e-13 , -0.0363383
-4.82279e-13 , -0.0455515 , -4.82279e-13 , -0.0455515 , -4.82279e-13 , -0.0455515 , -4.82279e-13 , -0.0455515
-7.14209e-13 , 0.00167727 , -7.14209e-13 , 0.00167727 , -7.14209e-13 , 0.00167727 , -7.14209e-13 , 0.00167727
2.29824e-13 , 0.0434318 , 2.29824e-13 , 0.0434318 , 2.29824e-13 , 0.0434318 , 2.29824e-13 , 0.0434318
7.78223e-13 , 0.0249718 , 7.78223e-13 , 0.0249718 , 7.78223e-13 , 0.0249718 , 7.78223e-13 , 0.0249718
2.75612e-13 , -0.00848293 , 2.75612e-13 , -0.00848293 , 2.75612e-13 , -0.00848293 , 2.75612e-13 , -0.00848293
-1.93811e-13 , -0.0366633 , -1.93811e-13 , -0.0366633 , -1.93811e-13 , -0.0366633 , -1.93811e-13 , -0.0366633
-4.28425e-13 , -0.0246442 , -4.28425e-13 , -0.0246442 , -4.28425e-13 , -0.0246442 , -4.28425e-13 , -0.0246442
-6.20074e-13 , 0.0230843 , -6.20074e-13 , 0.0230843 , -6.20074e-13 , 0.0230843 , -6.20074e-13 , 0.0230843
1.80785e-13 , 0.0301587 , 1.80785e-13 , 0.0301587 , 1.80785e-13 , 0.0301587 , 1.80785e-13 , 0.0301587
1.06997e-12 , 0.0181722 , 1.06997e-12 , 0.0181722 , 1.06997e-12 , 0.0181722 , 1.06997e-12 , 0.0181722
1.51188e-13 , -0.0174475 , 1.51188e-13 , -0.0174475 , 1.51188e-13 , -0.0174475 , 1.51188e-13 , -0.0174475
-7.73998e-13 , -0.0616 , -7.73998e-13 , -0.0616 , -7.73998e-13 , -0.0616 , -7.73998e-13 , -0.0616
-2.15849e-14 , 0.00681629 , -2.15849e-14 , 0.00681629 , -2.15849e-14 , 0.00681629 , -2.15849e-14 , 0.00681629
1.81045e-13 , 0.0667143 , 1.81045e-13 , 0.0667143 , 1.81045e-13 , 0.0667143 , 1.81045e-13 , 0.0667143
-3.75368e-13 , 0.00413865 , -3.75368e-13 , 0.00413865 , -3.75368e-13 , 0.00413865 , -3.75368e-13 , 0.00413865
3.24048e-13 , -0.0221266 , 3.24048e-13 , -0.0221266 , 3.24048e-13 , -0.0221266 , 3.24048e-13 , -0.0221266
7.23926e-13 , -0.0250535 , 7.23926e-13 , -0.0250535 , 7.23926e-13 , -0.0250535 , 7.23926e-13 , -0.0250535
-2.70336e-13 , -0.0259783 , -2.70336e-13 , -0.0259783 , -2.70336e-13 , -0.0259783 , -2.70336e-13 , -0.0259783
-2.43043e-13 , 0.0532273 , -2.43043e-13 , 0.0532273 , -2.43043e-13 , 0.0532273 , -2.43043e-13 , 0.0532273
4.61104e-13 , 0.0398507 , 4.61104e-13 , 0.0398507 , 4.61104e-13 , 0.0398507 , 4.61104e-13 , 0.0398507
-2.1612e-13 , -0.0514146 , -2.1612e-13 , -0.0514146 , -2.1612e-13 , -0.0514146 , -2.1612e-13 , -0.0514146
-4.44228e-13 , -0.0213478 , -4.44228e-13 , -0.0213478 , -4.44228e-13 , -0.0213478 , -4.44228e-13 , -0.0213478
6.18379e-13 , 0.0118811 , 6.18379e-13 , 0.0118811 , 6.18379e-13 , 0.0118811 , 6.18379e-13 , 0.0118811
3.93741e-13 , 0.0156526 , 3.93741e-13 , 0.0156526 , 3.93741e-13 , 0.0156526 , 3.93741e-13 , 0.0156526
-5.37546e-13 , 0.0377834 , -5.37546e-13 , 0.0377834 , -5.37546e-13 , 0.0377834 , -5.37546e-13 , 0.0377834
-8.7023e-14 , -0.0306002 , -8.7023e-14 , -0.0306002 , -8.7023e-14 , -0.0306002 , -8.7023e-14 , -0.0306002
5.73081e-14 , -0.0537585 , 5.73081e-14 , -0.0537585 , 5.73081e-14 , -0.0537585 , 5.73081e-14 , -0.0537585
-4.80382e-13 , 0.0338463 , -4.80382e-13 , 0.0338463 , -4.80382e-13 , 0.0338463 , -4.80382e-13 , 0.0338463
3.05801e-13 , 0.0343074 , 3.05801e-13 , 0.0343074 , 3.05801e-13 , 0.0343074 , 3.05801e-13 , 0.0343074
6.70318e-13 , -0.00256266 , 6.70318e-13 , -0.00256266 , 6.70318e-13 , -0.00256266 , 6.70318e-13 , -0.00256266
-5.99074e-13 , -0.0123236 , -5.99074e-13 , -0.0123236 , -5.99074e-13 , -0.0123236 , -5.99074e-13 , -0.0123236
-4.6059e-13 , -0.037691 , -4.6059e-13 , -0.037691 , -4.6059e-13 , -0.037691 , -4.6059e-13 , -0.037691
6.86964e-13 , -7.07644e-05 , 6.86964e-13 , -7.07644e-05 , 6.86964e-13 , -7.07644e-05 , 6.86964e-13 , -7.07644e-05
7.22079e-14 , 0.0396163 , 7.22079e-14 , 0.0396163 , 7.22079e-14 , 0.0396163 , 7.22079e-14 , 0.0396163
-3.79506e-13 , 0.0174484 , -3.79506e-13 , 0.0174484 , -3.79506e-13 , 0.0174484 , -3.79506e-13 , 0.0174484
4.32157e-13 , -0.00082255 , 4.32157e-13 , -0.00082255 , 4.32157e-13 , -0.00082255 , 4.32157e-13 , -0.00082255
8.20546e-14 , -0.0427227 , 8.20546e-14 , -0.0427227 , 8.20546e-14 , -0.0427227 , 8.20546e-14 , -0.0427227
-5.54687e-13 , -0.0323499 , -5.54687e-13 , -0.0323499 , -5.54687e-13 , -0.0323499 , -5.54687e-13 , -0.0323499
3.03989e-13 , 0.0545722 , 3.03989e-13 , 0.0545722 , 3.03989e-13 , 0.0545722 , 3.03989e-13 , 0.0545722
5.51644e-13 , 0.0342949 , 5.51644e-13 , 0.0342949 , 5.51644e-13 , 0.0342949 , 5.51644e-13 , 0.0342949
-3.70356e-13 , -0.0320386 , -3.70356e-13 , -0.0320386 , -3.70356e-13 , -0.0320386 , -3.70356e-13 , -0.0320386
-2.09878e-13 , -0.01831 , -2.09878e-13 , -0.01831 , -2.09878e-13 , -0.01831 , -2.09878e-13 , -0.01831
3.40959e-13 , 0.000391652 , 3.40959e-13 , 0.000391652 , 3.40959e-13 , 0.000391652 , 3.40959e-13 , 0.000391652
-3.05748e-13 , 0.0120643 , -3.05748e-13 , 0.0120643 , -3.05748e-13 , 0.0120643 , -3.05748e-13 , 0.0120643
-4.74713e-13 , 0.00488759 , -4.74713e-13 , 0.00488759 , -4.74713e-13 , 0.00488759 , -4.74713e-13 , 0.00488759
5.66139e-13 , -0.0155912 , 5.66139e-13 , -0.0155912 , 5.66139e-13 , -0.0155912 , 5.66139e-13 , -0.0155912
6.24911e-13 , 0.0141429 , 6.24911e-13 , 0.0141429 , 6.24911e-13 , 0.0141429 , 6.24911e-13 , 0.0141429
-1.63772e-13 , 0.0172341 , -1.63772e-13 , 0.0172341 , -1.63772e-13 , 0.0172341 , -1.63772e-13 , 0.0172341
-4.67433e-14 , -0.0202834 , -4.67433e-14 , -0.0202834 , -4.67433e-14 , -0.0202834 , -4.67433e-14 , -0.0202834
-1.76149e-14 , -0.015677 , -1.76149e-14 , -0.015677 , -1.76149e-14 , -0.015677 , -1.76149e-14 , -0.015677
-6.70027e-13 , 0.00172383 , -6.70027e-13 , 0.00172383 , -6.70027e-13 , 0.00172383 , -6.70027e-13 , 0.00172383
-2.69031e-13 , 0.0170805 , -2.69031e-13 , 0.0170805 , -2.69031e-13 , 0.0170805 , -2.69031e-13 , 0.0170805
7.45824e-13 , 0.0149747 , 7.45824e-13 , 0.0149747 , 7.45824e-13 , 0.0149747 , 7.45824e-13 , 0.0149747
6.42663e-13 , -0.0104149 , 6.42663e-13 , -0.0104149 , 6.42663e-13 , -0.0104149 , 6.42663e-13 , -0.0104149
1.21238e-13 , -0.00576712 , 1.21238e-13 , -0.00576712 , 1.21238e-13 , -0.00576712 , 1.21238e-13 , -0.00576712
-2.25787e-13 , -0.016572 , -2.25787e-13 , -0.016572 , -2.25787e-13 , -0.016572 , -2.25787e-13 , -0.016572
-9.34972e-13 , -0.0177704 , -9.34972e-13 , -0.0177704 , -9.34972e-13 , -0.0177704 , -9.34972e-13 , -0.0177704
-7.93337e-13 , 0.0464402 , -7.93337e-13 , 0.0464402 , -7.93337e-13 , 0.0464402 , -7.93337e-13 , 0.0464402
8.06642e-13 , 0.0295919 , 8.06642e-13 , 0.0295919 , 8.06642e-13 , 0.0295919 , 8.06642e-13 , 0.0295919
1.39134e-12 , -0.0509326 , 1.39134e-12 , -0.0509326 , 1.39134e-12 , -0.0509326 , 1.39134e-12 , -0.0509326
1.32254e-13 , -0.0297395 , 1.32254e-13 , -0.0297395 , 1.32254e-13 , -0.0297395 , 1.32254e-13 , -0.0297395
-6.25188e-13 , 0.0277614 , -6.25188e-13 , 0.0277614 , -6.25188e-13 , 0.0277614 , -6.25188e-13 , 0.0277614
-4.9626e-13 , 0.0274971 , -4.9626e-13 , 0.0274971 , -4.9626e-13 , 0.0274971 , -4.9626e-13 , 0.0274971
-5.49803e-13 , -0.0078388 , -5.49803e-13 , -0.0078388 , -5.49803e-13 , -0.0078388 , -5.49803e-13 , -0.0078388
5.10884e-14 , -0.0177176 , 5.10884e-14 , -0.0177176 , 5.10884e-14 , -0.0177176 , 5.10884e-14 , -0.0177176
9.03512e-13 , 0.00848489 , 9.03512e-13 , 0.00848489 , 9.03512e-13 , 0.00848489 , 9.03512e-13 , 0.00848489
3.13199e-13 , -0.00923759 , 3.13199e-13 , -0.00923759 , 3.13199e-13 , -0.00923759 , 3.13199e-13 , -0.00923759
-3.10226e-13 , -0.0150666 , -3.10226e-13 , -0.0150666 , -3.10226e-13 , -0.0150666 , -3.10226e-13 , -0.0150666
2.60515e-13 , 0.0374982 , 2.60515e-13 , 0.0374982 , 2.60515e-13 , 0.0374982 , 2.60515e-13 , 0.0374982
8.80533e-14 , 0.0129777 , 8.80533e-14 , 0.0129777 , 8.80533e-14 , 0.0129777 , 8.80533e-14 , 0.0129777
-7.47737e-13 , -0.0389968 , -7.47737e-13 , -0.0389968 , -7.47737e-13 , -0.0389968 , -7.47737e-13 , -0.0389968
-3.25154e-13 , -0.0104548 , -3.25154e-13 , -0.0104548 , -3.25154e-13 , -0.0104548 , -3.25154e-13 , -0.0104548
3.43682e-13 , 0.0153993 , 3.43682e-13 , 0.0153993 , 3.43682e-13 , 0.0153993 , 3.43682e-13 , 0.0153993
2.85577e-13 , 0.0128803 , 2.85577e-13 , 0.0128803 , 2.85577e-13 , 0.0128803 , 2.85577e-13 , 0.0128803
6.91285e-13 , 0.000276163 , 6.91285e-13 , 0.000276163 , 6.91285e-13 , 0.000276163 , 6.91285e-13 , 0.000276163
6.19481e-13 , -0.00604092 , 6.19481e-13 , -0.00604092 , 6.19481e-13 , -0.00604092 , 6.19481e-13 , -0.00604092
-1.02015e-12 , 0.00366168 , -1.02015e-12 , 0.00366168 , -1.02015e-12 , 0.00366168 , -1.02015e-12 , 0.00366168
-1.47661e-12 , -0.0253095 , -1.47661e-12 , -0.0253095 , -1.47661e-12 , -0.0253095 , -1.47661e-12 , -0.0253095
2.0518e-13 , -0.0155571 , 2.0518e-13 , -0.0155571 , 2.0518e-13 , -0.0155571 , 2.0518e-13 , -0.0155571
1.16819e-12 , 0.0516331 , 1.16819e-12 , 0.0516331 , 1.16819e-12 , 0.0516331 , 1.16819e-12 , 0.0516331
9.05713e-13 , 0.0208212 , 9.05713e-13 , 0.0208212 , 9.05713e-13 , 0.0208212 , 9.05713e-13 , 0.0208212
2.45962e-13 , -0.0430691 , 2.45962e-13 , -0.0430691 , 2.45962e-13 , -0.0430691 , 2.45962e-13 , -0.0430691
-1.30649e-12 , -0.0348637 , -1.30649e-12 , -0.0348637 , -1.30649e-12 , -0.0348637 , -1.30649e-12 , -0.0348637
-2.19209e-12 , 0.0036506 , -2.19209e-12 , 0.0036506 , -2.19209e-12 , 0.0036506 , -2.19209e-12 , 0.0036506
-1.06193e-12 , 0.0542829 , -1.06193e-12 , 0.0542829 , -1.06193e-12 , 0.0542829 , -1.06193e-12 , 0.0542829
-1.05448e-14 , 0.0227564 , -1.05448e-14 , 0.0227564 , -1.05448e-14 , 0.0227564 , -1.05448e-14 , 0.0227564
-1.03559e-13 , -0.057759 , -1.03559e-13 , -0.057759 , -1.03559e-13 , -0.057759 , -1.03559e-13 , -0.057759
4.208e-14 , -0.0279553 , 4.208e-14 , -0.0279553 , 4.208e-14 , -0.0279553 , 4.208e-14 , -0.0279553
8.7104e-13 , 0.0243593 , 8.7104e-13 , 0.0243593 , 8.7104e-13 , 0.0243593 , 8.7104e-13 , 0.0243593
1.53248e-12 , 0.0270474 , 1.53248e-12 , 0.0270474 , 1.53248e-12 , 0.0270474 , 1.53248e-12 , 0.0270474
1.43437e-12 , 0.0125263 , 1.43437e-12 , 0.0125263 , 1.43437e-12 , 0.0125263 , 1.43437e-12 , 0.0125263
8.91922e-13 , -0.0358493 , 8.91922e-13 , -0.0358493 , 8.91922e-13 , -0.0358493 , 8.91922e-13 , -0.0358493
-2.32906e-14 , -0.0262562 , -2.32906e-14 , -0.0262562 , -2.32906e-14 , -0.0262562 , -2.32906e-14 , -0.0262562
-1.12439e-12 , 0.0298512 , -1.12439e-12 , 0.0298512 , -1.12439e-12 , 0.0298512 , -1.12439e-12 , 0.0298512
-7.72044e-13 , 0.019068 , -7.72044e-13 , 0.019068 , -7.72044e-13 , 0.019068 , -7.72044e-13 , 0.019068
6.0498e-13 , -0.00939622 , 6.0498e-13 , -0.00939622 , 6.0498e-13 , -0.00939622 , 6.0498e-13 , -0.00939622
6.48299e-13 , -0.0237133 , 6.48299e-13 , -0.0237133 , 6.48299e-13 , -0.0237133 , 6.48299e-13 , -0.0237133
8.35383e-14 , -0.00527192 , 8.35383e-14 , -0.00527192 , 8.35383e-14 , -0.00527192 , 8.35383e-14 , -0.00527192
-4.98586e-15 , 0.0282081 , -4.98586e-15 , 0.0282081 , -4.98586e-15 , 0.0282081 , -4.98586e-15 , 0.0282081
-4.65145e-13 , -0.00847637 , -4.65145e-13 , -0.00847637 , -4.65145e-13 , -0.00847637 , -4.65145e-13 , -0.00847637
-4.13465e-13 , -0.013392 , -4.13465e-13 , -0.013392 , -4.13465e-13 , -0.013392 , -4.13465e-13 , -0.013392
3.35058e-13 , 0.0226726 , 3.35058e-13 , 0.0226726 , 3.35058e-13 , 0.0226726 , 3.35058e-13 , 0.0226726
8.23522e-16 , -0.0164311 , 8.23522e-16 , -0.0164311 , 8.23522e-16 , -0.0164311 , 8.23522e-16 , -0.0164311
-7.67458e-13 , -0.0218473 , -7.67458e-13 , -0.0218473 , -7.67458e-13 , -0.0218473 , -7.67458e-13 , -0.0218473
-1.72363e-13 , 0.0138375 , -1.72363e-13 , 0.0138375 , -1.72363e-13 , 0.0138375 , -1.72363e-13 , 0.0138375
1.16425e-12 , 0.0155147 , 1.16425e-12 , 0.0155147 , 1.16425e-12 , 0.0155147 , 1.16425e-12 , 0.0155147
1.09839e-12 , 0.0231056 , 1.09839e-12 , 0.0231056 , 1.09839e-12 , 0.0231056 , 1.09839e-12 , 0.0231056
-6.99294e-13 , -0.0273054 , -6.99294e-13 , -0.0273054 , -6.99294e-13 , -0.0273054 , -6.99294e-13 , -0.0273054
-1.62908e-12 , -0.0561643 , -1.62908e-12 , -0.0561643 , -1.62908e-12 , -0.0561643 , -1.62908e-12 , -0.0561643
-7.54197e-13 , 0.0321356 , -7.54197e-13 , 0.0321356 , -7.54197e-13 , 0.0321356 , -7.54197e-13 , 0.0321356
3.81779e-13 , 0.0516647 , 3.81779e-13 , 0.0516647 , 3.81779e-13 , 0.0516647 , 3.81779e-13 , 0.0516647
1.55122e-12 , -0.0039062 , 1.55122e-12 , -0.0039062 , 1.55122e-12 , -0.0039062 , 1.55122e-12 , -0.0039062
1.49629e-12 , -0.0322309 , 1.49629e-12 , -0.0322309 , 1.49629e-12 , -0.0322309 , 1.49629e-12 , -0.0322309
-7.51149e-13 , -0.0382716 , -7.51149e-13 , -0.0382716 , -7.51149e-13 , -0.0382716 , -7.51149e-13 , -0.0382716
-1.88077e-12 , 0.0249133 , -1.88077e-12 , 0.0249133 , -1.88077e-12 , 0.0249133 , -1.88077e-12 , 0.0249133
-6.16162e-13 , 0.0479501 , -6.16162e-13 , 0.0479501 , -6.16162e-13 , 0.0479501 , -6.16162e-13 , 0.0479501
3.33011e-13 , -0.0177808 , 3.33011e-13 , -0.0177808 , 3.33011e-13 , -0.0177808 , 3.33011e-13 , -0.0177808
6.3969e-13 , -0.0196424 , 6.3969e-13 , -0.0196424 , 6.3969e-13 , -0.0196424 , 6.3969e-13 , -0.0196424
1.04363e-12 , -0.00218132 , 1.04363e-12 , -0.00218132 , 1.04363e-12 , -0.00218132 , 1.04363e-12 , -0.00218132
5.36343e-13 , 0.00185875 , 5.36343e-13 , 0.00185875 , 5.36343e-13 , 0.00185875 , 5.36343e-13 , 0.00185875
-8.21003e-13 , 0.0211703 , -8.21003e-13 , 0.0211703 , -8.21003e-13 , 0.0211703 , -8.21003e-13 , 0.0211703
-9.38593e-13 , -0.009884 , -9.38593e-13 , -0.009884 , -9.38593e-13 , -0.009884 , -9.38593e-13 , -0.009884
5.24095e-13 , -0.00853109 , 5.24095e-13 , -0.00853109 , 5.24095e-13 , -0.00853109 , 5.24095e-13 , -0.00853109
7.05066e-13 , 0.0209476 , 7.05066e-13 , 0.0209476 , 7.05066e-13 , 0.0209476 , 7.05066e-13 , 0.0209476
-1.36272e-13 , -0.0105596 , -1.36272e-13 , -0.0105596 , -1.36272e-13 , -0.0105596 , -1.36272e-13 , -0.0105596
7.90397e-13 , -0.00217253 , 7.90397e-13 , -0.00217253 , 7.90397e-13 , -0.00217253 , 7.90397e-13 , -0.00217253
8.67385e-13 , 0.0105753 , 8.67385e-13 , 0.0105753 , 8.67385e-13 , 0.0105753 , 8.67385e-13 , 0.0105753
-1.30195e-12 , -0.0151075 , -1.30195e-12 , -0.0151075 , -1.30195e-12 , -0.0151075 , -1.30195e-12 , -0.0151075
-1.43844e-12 , 0.0146863 , -1.43844e-12 , 0.0146863 , -1.43844e-12 , 0.0146863 , -1.43844e-12 , 0.0146863
-2.5471e-13 , 0.0155994 , -2.5471e-13 , 0.0155994 , -2.5471e-13 , 0.0155994 , -2.5471e-13 , 0.0155994
-3.5797e-13 , -0.0171309 , -3.5797e-13 , -0.0171309 , -3.5797e-13 , -0.0171309 , -3.5797e-13 , -0.0171309
4.70262e-13 , 0.00234855 , 4.70262e-13 , 0.00234855 , 4.70262e-13 , 0.00234855 , 4.70262e-13 , 0.00234855
1.11063e-12 , -0.000450428 , 1.11063e-12 , -0.000450428 , 1.11063e-12 , -0.000450428 , 1.11063e-12 , -0.000450428
-6.51788e-13 , -0.00500227 , -6.51788e-13 , -0.00500227 , -6.51788e-13 , -0.00500227 , -6.51788e-13 , -0.00500227
-1.41358e-12 , 0.0233023 , -1.41358e-12 , 0.0233023 , -1.41358e-12 , 0.0233023 , -1.41358e-12 , 0.0233023
-2.46583e-13 , 0.01138 , -2.46583e-13 , 0.01138 , -2.46583e-13 , 0.01138 , -2.46583e-13 , 0.01138
-1.18371e-13 , -0.0230732 , -1.18371e-13 , -0.0230732 , -1.18371e-13 , -0.0230732 , -1.18371e-13 , -0.0230732
-4.07089e-13 , -0.0226398 , -4.07089e-13 , -0.0226398 , -4.07089e-13 , -0.0226398 , -4.07089e-13 , -0.0226398
4.9436e-13 , 0.0258624 , 4.9436e-13 , 0.0258624 , 4.9436e-13 , 0.0258624 , 4.9436e-13 , 0.0258624
9.16289e-13 , 0.0362244 , 9.16289e-13 , 0.0362244 , 9.16289e-13 , 0.0362244 , 9.16289e-13 , 0.0362244
8.11813e-14 , -0.0248936 , 8.11813e-14 , -0.0248936 , 8.11813e-14 , -0.0248936 , 8.11813e-14 , -0.0248936
-2.48909e-14 , -0.0173382 , -2.48909e-14 , -0.0173382 , -2.48909e-14 , -0.0173382 , -2.48909e-14 , -0.0173382
2.80303e-13 , 0.0125986 , 2.80303e-13 , 0.0125986 , 2.80303e-13 , 0.0125986 , 2.80303e-13 , 0.0125986
-4.86391e-13 , -0.0122439 , -4.86391e-13 , -0.0122439 , -4.86391e-13 , -0.0122439 , -4.86391e-13 , -0.0122439
-1.18149e-13 , 0.0245038 , -1.18149e-13 , 0.0245038 , -1.18149e-13 , 0.0245038 , -1.18149e-13 , 0.0245038
1.36998e-12 , 0.027733 , 1.36998e-12 , 0.027733 , 1.36998e-12 , 0.027733 , 1.36998e-12 , 0.027733
1.79892e-13 , -0.0462231 , 1.79892e-13 , -0.0462231 , 1.79892e-13 , -0.0462231 , 1.79892e-13 , -0.0462231
-1.50597e-12 , -0.0138642 , -1.50597e-12 , -0.0138642 , -1.50597e-12 , -0.0138642 , -1.50597e-12 , -0.0138642
-2.96528e-13 , 0.0325634 , -2.96528e-13 , 0.0325634 , -2.96528e-13 , 0.0325634 , -2.96528e-13 , 0.0325634
3.2283e-13 , -0.00127528 , 3.2283e-13 , -0.00127528 , 3.2283e-13 , -0.00127528 , 3.2283e-13 , -0.00127528
-2.93759e-13 , 0.0032929 , -2.93759e-13 , 0.0032929 , -2.93759e-13 , 0.0032929 , -2.93759e-13 , 0.0032929
9.22813e-13 , 0.0071923 , 9.22813e-13 , 0.0071923 , 9.22813e-13 , 0.0071923 , 9.22813e-13 , 0.0071923
1.1842e-12 , -0.0249949 , 1.1842e-12 , -0.0249949 , 1.1842e-12 , -0.0249949 , 1.1842e-12 , -0.0249949
-1.21604e-12 , -0.0121942 , -1.21604e-12 , -0.0121942 , -1.21604e-12 , -0.0121942 , -1.21604e-12 , -0.0121942
-1.66502e-12 , 0.0252188 , -1.66502e-12 , 0.0252188 , -1.66502e-12 , 0.0252188 , -1.66502e-12 , 0.0252188
2.3759e-13 , 0.0163477 , 2.3759e-13 , 0.0163477 , 2.3759e-13 , 0.0163477 , 2.3759e-13 , 0.0163477
9.00798e-13 , -0.0222036 , 9.00798e-13 , -0.0222036 , 9.00798e-13 , -0.0222036 , 9.00798e-13 , -0.0222036
8.6286e-13 , -0.00773327 , 8.6286e-13 , -0.00773327 , 8.6286e-13 , -0.00773327 , 8.6286e-13 , -0.00773327
6.7318e-13 , 0.0139526 , 6.7318e-13 , 0.0139526 , 6.7318e-13 , 0.0139526 , 6.7318e-13 , 0.0139526
-1.0864e-12 , -0.0217028 , -1.0864e-12 , -0.0217028 , -1.0864e-12 , -0.0217028 , -1.0864e-12 , -0.0217028
-1.78409e-12 , 0.0021944 , -1.78409e-12 , 0.0021944 , -1.78409e-12 , 0.0021944 , -1.78409e-12 , 0.0021944
1.75869e-13 , 0.0375816 , 1.75869e-13 , 0.0375816 , 1.75869e-13 , 0.0375816 , 1.75869e-13 , 0.0375816
8.61882e-13 , -0.0268515 , 8.61882e-13 , -0.0268515 , 8.61882e-13 , -0.0268515 , 8.61882e-13 , -0.0268515
-3.49516e-14 , -0.0274682 , -3.49516e-14 , -0.0274682 , -3.49516e-14 , -0.0274682 , -3.49516e-14 , -0.0274682
3.26568e-13 , 0.0253915 , 3.26568e-13 , 0.0253915 , 3.26568e-13 , 0.0253915 , 3.26568e-13 , 0.0253915
2.08282e-13 , -0.00286257 , 2.08282e-13 , -0.00286257 , 2.08282e-13 , -0.00286257 , 2.08282e-13 , -0.00286257
-6.67109e-13 , -0.00298712 , -6.67109e-13 , -0.00298712 , -6.67109e-13 , -0.00298712 , -6.67109e-13 , -0.00298712
1.80675e-13 , 0.0100812 , 1.80675e-13 , 0.0100812 , 1.80675e-13 , 0.0100812 , 1.80675e-13 , 0.0100812
3.72204e-13 , -0.024301 , 3.72204e-13 , -0.024301 , 3.72204e-13 , -0.024301 , 3.72204e-13 , -0.024301
-7.8357e-13 , -0.00292063 , -7.8357e-13 , -0.00292063 , -7.8357e-13 , -0.00292063 , -7.8357e-13 , -0.00292063
3.64122e-13 , 0.0173111 , 3.64122e-13 , 0.0173111 , 3.64122e-13 , 0.0173111 , 3.64122e-13 , 0.0173111
1.60794e-12 , -0.00305243 , 1.60794e-12 , -0.00305243 , 1.60794e-12 , -0.00305243 , 1.60794e-12 , -0.00305243
3.62287e-15 , 0.00549908 , 3.62287e-15 , 0.00549908 , 3.62287e-15 , 0.00549908 , 3.62287e-15 , 0.00549908
-7.4523e-13 , -0.0183064 , -7.4523e-13 , -0.0183064 , -7.4523e-13 , -0.0183064 , -7.4523e-13 , -0.0183064
-3.12284e-13 , -0.0263674 , -3.12284e-13 , -0.0263674 , -3.12284e-13 , -0.0263674 , -3.12284e-13 , -0.0263674
-9.39303e-13 , 0.0360221 , -9.39303e-13 , 0.0360221 , -9.39303e-13 , 0.0360221 , -9.39303e-13 , 0.0360221
1.8481e-13 , 0.0213623 , 1.8481e-13 , 0.0213623 , 1.8481e-13 , 0.0213623 , 1.8481e-13 , 0.0213623
2.12034e-12 , -0.0329228 , 2.12034e-12 , -0.0329228 , 2.12034e-12 , -0.0329228 , 2.12034e-12 , -0.0329228
5.47898e-13 , -0.00982284 , 5.47898e-13 , -0.00982284 , 5.47898e-13 , -0.00982284 , 5.47898e-13 , -0.00982284
-1.577e-12 , 0.0023694 , -1.577e-12 , 0.0023694 , -1.577e-12 , 0.0023694 , -1.577e-12 , 0.0023694
-1.28209e-12 , -0.00497566 , -1.28209e-12 , -0.00497566 , -1.28209e-12 , -0.00497566 , -1.28209e-12 , -0.00497566
-5.61456e-13 , 0.025298 , -5.61456e-13 , 0.025298 , -5.61456e-13 , 0.025298 , -5.61456e-13 , 0.025298
7.79061e-13 , 0.0160436 , 7.79061e-13 , 0.0160436 , 7.79061e-13 , 0.0160436 , 7.79061e-13 , 0.0160436
1.61698e-12 , -0.0419393 , 1.61698e-12 , -0.0419393 , 1.61698e-12 , -0.0419393 , 1.61698e-12 , -0.0419393
-9.52431e-14 , -0.0217279 , -9.52431e-14 , -0.0217279 , -9.52431e-14 , -0.0217279 , -9.52431e-14 , -0.0217279
-1.05813e-12 , 0.0452873 , -1.05813e-12 , 0.0452873 , -1.05813e-12 , 0.0452873 , -1.05813e-12 , 0.0452873
-2.83536e-13 , 0.00356712 , -2.83536e-13 , 0.00356712 , -2.83536e-13 , 0.00356712 , -2.83536e-13 , 0.00356712
-3.43718e-13 , -0.0344101 , -3.43718e-13 , -0.0344101 , -3.43718e-13 , -0.0344101 , -3.43718e-13 , -0.0344101
2.54236e-13 , 0.0354674 , 2.54236e-13 , 0.0354674 , 2.54236e-13 , 0.0354674 , 2.54236e-13 , 0.0354674
1.10322e-12 , 0.00385029 , 1.10322e-12 , 0.00385029 , 1.10322e-12 , 0.00385029 , 1.10322e-12 , 0.00385029
-1.32232e-13 , -0.061564 , -1.32232e-13 , -0.061564 , -1.32232e-13 , -0.061564 , -1.32232e-13 , -0.061564
-4.9182e-13 , 0.031762 , -4.9182e-13 , 0.031762 , -4.9182e-13 , 0.031762 , -4.9182e-13 , 0.031762
4.24888e-13 , 0.0489928 , 4.24888e-13 , 0.0489928 , 4.24888e-13 , 0.0489928 , 4.24888e-13 , 0.0489928
-3.97535e-13 , -0.0372287 , -3.97535e-13 , -0.0372287 , -3.97535e-13 , -0.0372287 , -3.97535e-13 , -0.0372287
-7.9726e-13 , -0.0106954 , -7.9726e-13 , -0.0106954 , -7.9726e-13 , -0.0106954 , -7.9726e-13 , -0.0106954
3.48382e-13 , 0.00997853 , 3.48382e-13 , 0.00997853 , 3.48382e-13 , 0.00997853 , 3.48382e-13 , 0.00997853
4.73888e-13 , -0.00966862 , 4.73888e-13 , -0.00966862 , 4.73888e-13 , -0.00966862 , 4.73888e-13 , -0.00966862
5.2336e-13 , 0.0221624 , 5.2336e-13 , 0.0221624 , 5.2336e-13 , 0.0221624 , 5.2336e-13 , 0.0221624
5.96467e-13 , 0.00859928 , 5.96467e-13 , 0.00859928 , 5.96467e-13 , 0.00859928 , 5.96467e-13 , 0.00859928
-8.2063e-13 , -0.0244877 , -8.2063e-13 , -0.0244877 , -8.2063e-13 , -0.0244877 , -8.2063e-13 , -0.0244877
-1.06932e-12 , -0.00405743 , -1.06932e-12 , -0.00405743 , -1.06932e-12 , -0.00405743 , -1.06932e-12 , -0.00405743
2.35442e-13 , 0.0128158 , 2.35442e-13 , 0.0128158 , 2.35442e-13 , 0.0128158 , 2.35442e-13 , 0.0128158
3.73814e-13 , 0.0141479 , 3.73814e-13 , 0.0141479 , 3.73814e-13 , 0.0141479 , 3.73814e-13 , 0.0141479
8.79766e-13 , -0.00301029 , 8.79766e-13 , -0.00301029 , 8.79766e-13 , -0.00301029 , 8.79766e-13 , -0.00301029
1.2368e-12 , -0.0193328 , 1.2368e-12 , -0.0193328 , 1.2368e-12 , -0.0193328 , 1.2368e-12 , -0.0193328
-1.23161e-12 , -0.000568522 , -1.23161e-12 , -0.000568522 , -1.23161e-12 , -0.000568522 , -1.23161e-12 , -0.000568522
-1.89258e-12 , 0.0202507 , -1.89258e-12 , 0.0202507 , -1.89258e-12 , 0.0202507 , -1.89258e-12 , 0.0202507
6.89209e-13 , 0.0144857 , 6.89209e-13 , 0.0144857 , 6.89209e-13 , 0.0144857 , 6.89209e-13 , 0.0144857
3.79574e-13 , -0.0230096 , 3.79574e-13 , -0.0230096 , 3.79574e-13 , -0.0230096 , 3.79574e-13 , -0.0230096
-7.35435e-13 , -0.0236427 , -7.35435e-13 , -0.0236427 , -7.35435e-13 , -0.0236427 , -7.35435e-13 , -0.0236427
1.28451e-12 , 0.0305611 , 1.28451e-12 , 0.0305611 , 1.28451e-12 , 0.0305611 , 1.28451e-12 , 0.0305611
8.31495e-13 , 0.0216268 , 8.31495e-13 , 0.0216268 , 8.31495e-13 , 0.0216268 , 8.31495e-13 , 0.0216268
-1.66114e-12 , -0.0167163 , -1.66114e-12 , -0.0167163 , -1.66114e-12 , -0.0167163 , -1.66114e-12 , -0.0167163
