3.33564e-10 , 48860.6 , -5771.8
0.00333898 , 48903.6 , -5759.9
0.00667796 , 48042.5 , -5706.21
0.0100169 , 46425.6 , -5613.92
0.0133559 , 44302.7 , -5487.1
0.0166949 , 41983.1 , -5330.57
0.0200339 , 39784.8 , -5149.69
0.0233729 , 37984.1 , -4950.18
0.0267118 , 36774.7 , -4737.86
0.0300508 , 36241.9 , -4518.52
0.0333898 , 36357.4 , -4297.66
0.0367288 , 36993.1 , -4080.4
0.0400678 , 37952.1 , -3871.3
0.0434067 , 39009.6 , -3674.24
0.0467457 , 39956.1 , -3492.38
0.0500847 , 40635.2 , -3328.12
0.0534237 , 40968.1 , -3183.04
0.0567627 , 40962.8 , -3057.98
0.0601016 , 40704.6 , -2953.02
0.0634406 , 40332.3 , -2867.61
0.0667796 , 40004.9 , -2800.56
0.0701186 , 39864.7 , -2750.19
0.0734576 , 40005.9 , -2714.39
0.0767965 , 40453.8 , -2690.72
0.0801355 , 41157.9 , -2676.43
0.0834745 , 42001.8 , -2668.63
0.0868135 , 42826.2 , -2664.27
0.0901525 , 43460 , -2660.25
0.0934914 , 43755.1 , -2653.41
0.0968304 , 43616 , -2640.64
0.100169 , 43019.5 , -2618.86
0.103508 , 42020.6 , -2585.07
0.106847 , 40743.1 , -2536.4
0.110186 , 39357.7 , -2470.15
0.113525 , 38051 , -2383.82
0.116864 , 36991.9 , -2275.17
0.120203 , 36301.3 , -2142.3
0.123542 , 36032 , -1983.7
0.126881 , 36159.9 , -1798.31
0.13022 , 36591.6 , -1585.65
0.133559 , 37182.2 , -1345.82
0.136898 , 37764.3 , -1079.62
0.140237 , 38178.6 , -788.547
0.143576 , 38303.3 , -474.88
0.146915 , 38075 , -141.641
0.150254 , 37498.5 , 207.409
0.153593 , 36643.5 , 567.828
0.156932 , 35629.5 , 934.578
0.160271 , 34602.4 , 1302.15
0.16361 , 33706.8 , 1664.7
0.166949 , 33059.5 , 2016.26
0.170288 , 32729.8 , 2350.88
0.173627 , 32728.8 , 2662.89
0.176966 , 33010.1 , 2947.08
0.180305 , 33481 , 3198.93
0.183644 , 34021.5 , 3414.78
0.186983 , 34507.6 , 3592
0.190322 , 34833.6 , 3729.13
0.193661 , 34930.3 , 3825.96
0.197 , 34774.8 , 3883.53
0.200339 , 34391.8 , 3904.18
0.203678 , 33845.5 , 3891.4
0.207017 , 33224.8 , 3849.77
0.210356 , 32625.1 , 3784.71
0.213695 , 32130.3 , 3702.3
0.217034 , 31797.3 , 3609.04
0.220373 , 31647.7 , 3511.51
0.223712 , 31666.5 , 3416.13
0.227051 , 31807 , 3328.86
0.23039 , 32002.6 , 3254.92
0.233729 , 32179.9 , 3198.57
0.237068 , 32273.7 , 3162.91
0.240407 , 32237.8 , 3149.71
0.243746 , 32052.1 , 3159.37
0.247085 , 31724.2 , 3190.9
0.250423 , 31285.4 , 3241.92
0.253762 , 30782.9 , 3308.83
0.257101 , 30269.7 , 3386.95
0.26044 , 29794.6 , 3470.78
0.263779 , 29394.4 , 3554.22
0.267118 , 29088.6 , 3630.89
0.270457 , 28878.8 , 3694.43
0.273796 , 28751.2 , 3738.8
0.277135 , 28681.8 , 3758.57
0.280474 , 28642.7 , 3749.16
0.283813 , 28608.2 , 3707.07
0.287152 , 28559.5 , 3630.03
0.290491 , 28487.1 , 3517.1
0.29383 , 28390.2 , 3368.69
0.297169 , 28275.3 , 3186.52
0.300508 , 28152.6 , 2973.55
0.303847 , 28032.4 , 2733.82
0.307186 , 27922.5 , 2472.24
0.310525 , 27826.7 , 2194.35
0.313864 , 27744.6 , 1906.08
0.317203 , 27672.8 , 1613.49
0.320542 , 27606.9 , 1322.45
0.323881 , 27543.1 , 1038.48
0.32722 , 27479.8 , 766.46
0.330559 , 27417.1 , 510.498
0.333898 , 27356.6 , 273.795
0.337237 , 27299.1 , 58.5653
0.340576 , 27242.6 , -133.979
0.343915 , 27181.2 , -303.602
0.347254 , 27104.1 , -450.96
0.350593 , 26997.3 , -577.488
0.353932 , 26845.1 , -685.248
0.357271 , 26634.2 , -776.763
0.36061 , 26357.2 , -854.835
0.363949 , 26015.3 , -922.374
0.367288 , 25620.1 , -982.237
0.370627 , 25193 , -1037.09
0.373966 , 24762.8 , -1089.29
0.377305 , 24360.6 , -1140.82
0.380644 , 24015.1 , -1193.27
0.383983 , 23746.8 , -1247.8
0.387322 , 23563.7 , -1305.2
0.390661 , 23459.9 , -1365.93
0.394 , 23415.8 , -1430.24
0.397339 , 23402.1 , -1498.22
0.400678 , 23384.7 , -1569.9
0.404017 , 23332 , -1645.37
0.407356 , 23221 , -1724.81
0.410695 , 23041.9 , -1808.57
0.414034 , 22800.3 , -1897.16
0.417372 , 22516.1 , -1991.23
0.420711 , 22219.9 , -2091.56
0.42405 , 21946.4 , -2198.96
0.427389 , 21727.7 , -2314.16
0.430728 , 21586.3 , -2437.71
0.434067 , 21530.5 , -2569.84
0.437406 , 21552.5 , -2710.38
0.440745 , 21629.4 , -2858.57
0.444084 , 21727.8 , -3013.1
0.447423 , 21809.6 , -3171.95
0.450762 , 21839.7 , -3332.48
0.454101 , 21791.6 , -3491.44
0.45744 , 21652.3 , -3645.08
0.460779 , 21423.4 , -3789.31
0.464118 , 21119.8 , -3919.89
0.467457 , 20764.6 , -4032.67
0.470796 , 20384 , -4123.86
0.474135 , 20000.3 , -4190.28
0.477474 , 19626.8 , -4229.64
0.480813 , 19265.2 , -4240.78
0.484152 , 18905.4 , -4223.88
0.487491 , 18528.6 , -4180.61
0.49083 , 18112.4 , -4114.17
0.494169 , 17637.5 , -4029.37
0.497508 , 17093.6 , -3932.48
0.500847 , 16483.1 , -3831.1
0.504186 , 15822.9 , -3733.87
0.507525 , 15142 , -3650.2
0.510864 , 14477 , -3589.85
0.514203 , 13864.4 , -3562.49
0.517542 , 13333.6 , -3577.29
0.520881 , 12899.8 , -3642.43
0.52422 , 12560.2 , -3764.72
0.527559 , 12293.2 , -3949.17
0.530898 , 12061.6 , -4198.74
0.534237 , 11819.2 , -4514.1
0.537576 , 11519.1 , -4893.53
0.540915 , 11122.9 , -5332.93
0.544254 , 10608.5 , -5825.95
0.547593 , 9974.85 , -6364.25
0.550932 , 9242.86 , -6937.82
0.554271 , 8452.33 , -7535.47
0.55761 , 7655.04 , -8145.32
0.560949 , 6905.57 , -8755.37
0.564288 , 6251.52 , -9354.07
0.567627 , 5724.87 , -9930.91
0.570966 , 5336.26 , -10476.9
0.574305 , 5073.12 , -10985.1
0.577644 , 4902.02 , -11450.8
0.580983 , 4774.71 , -11872.1
0.584321 , 4636.73 , -12249.4
0.58766 , 4436.78 , -12586
0.590999 , 4135.26 , -12887.4
0.594338 , 3710.29 , -13161.5
0.597677 , 3160.31 , -13417.5
0.601016 , 2502.77 , -13665.9
0.604355 , 1769.48 , -13917.5
0.607694 , 999.62 , -14183.1
0.611033 , 231.804 , -14472.5
0.614372 , -503.148 , -14794.1
0.617711 , -1187.46 , -15154.3
0.62105 , -1818.72 , -15557.1
0.624389 , -2409.08 , -16003.5
0.627728 , -2981.57 , -16491.7
0.631067 , -3564.63 , -17016.8
0.634406 , -4185.79 , -17571.1
0.637745 , -4866.07 , -18144.4
0.641084 , -5615.95 , -18724.2
0.644423 , -6433.66 , -19296.6
0.647762 , -7305.92 , -19846.8
0.651101 , -8210.8 , -20359.9
0.65444 , -9121.83 , -20821.3
0.657779 , -10012.5 , -21218.1
0.661118 , -10860.3 , -21539
0.664457 , -11649 , -21775.4
0.667796 , -12369.7 , -21921.6
0.671135 , -13019.8 , -21975.4
0.674474 , -13601 , -21937.6
0.677813 , -14116.8 , -21812.7
0.681152 , -14569.8 , -21608.3
0.684491 , -14960.1 , -21334.5
0.68783 , -15285.4 , -21004
0.691169 , -15541.8 , -20630.8
0.694508 , -15725.6 , -20230.1
0.697847 , -15836.6 , -19817.1
0.701186 , -15879.8 , -19406.5
0.704525 , -15866.9 , -19011.9
0.707864 , -15816.2 , -18644.7
0.711203 , -15751.3 , -18314.3
0.714542 , -15697.7 , -18027.4
0.717881 , -15679.2 , -17787.8
0.72122 , -15713.7 , -17596.6
0.724559 , -15810.4 , -17452.3
0.727898 , -15967.8 , -17351.1
0.731237 , -16173.8 , -17287.6
0.734576 , -16407.9 , -17255.3
0.737915 , -16644.7 , -17247.4
0.741254 , -16859 , -17257.5
0.744593 , -17030.1 , -17280.2
0.747932 , -17146.5 , -17312.2
0.75127 , -17208 , -17352.5
0.754609 , -17226.5 , -17403
0.757948 , -17224.5 , -17468.8
0.761287 , -17231.3 , -17558.4
0.764626 , -17278.2 , -17683.3
0.767965 , -17393.4 , -17857.9
0.771304 , -17596.7 , -18099.1
0.774643 , -17896.3 , -18425.2
0.777982 , -18286.4 , -18855.4
0.781321 , -18748 , -19408.7
0.78466 , -19250.8 , -20102.7
0.787999 , -19758 , -20953.1
0.791338 , -20230.7 , -21972.4
0.794677 , -20633.6 , -23168.7
0.798016 , -20940.2 , -24545.9
0.801355 , -21135.8 , -26102.2
0.804694 , -21219.5 , -27830.6
0.808033 , -21204.3 , -29718.4
0.811372 , -21114.4 , -31748
0.814711 , -20982.1 , -33896.6
0.81805 , -20842.6 , -36137.8
0.821389 , -20728.6 , -38442.3
0.824728 , -20666 , -40778.9
0.828067 , -20669.7 , -43116.2
0.831406 , -20741.5 , -45423.4
0.834745 , -20869.5 , -47672.5
0.838084 , -21030.1 , -49838.7
0.841423 , -21191 , -51902.5
0.844762 , -21316.2 , -53849.8
0.848101 , -21371.2 , -55673.6
0.85144 , -21328.5 , -57373.6
0.854779 , -21171.8 , -58957
0.858118 , -20899 , -60438.1
0.861457 , -20522.8 , -61837.6
0.864796 , -20069.2 , -63182.3
0.868135 , -19574.2 , -64503.5
0.871474 , -19078.2 , -65836.1
0.874813 , -18620.5 , -67216.9
0.878152 , -18233.1 , -68682.7
0.881491 , -17936.3 , -70269.4
0.88483 , -17736 , -72009.5
0.888169 , -17623.8 , -73931.2
0.891508 , -17578.9 , -76056.9
0.894847 , -17573.2 , -78401.8
0.898186 , -17576.9 , -80973.6
0.901525 , -17565.3 , -83771.5
0.904864 , -17523.7 , -86786.5
0.908203 , -17451.6 , -90001.4
0.911542 , -17363 , -93391.5
0.914881 , -17284.7 , -96925.3
0.918219 , -17251.4 , -100566
0.921558 , -17299.7 , -104274
0.924897 , -17460.3 , -108005
0.928236 , -17752.3 , -111716
0.931575 , -18179.1 , -115366
0.934914 , -18726.6 , -118916
0.938253 , -19366 , -122332
0.941592 , -20058.4 , -125586
0.944931 , -20762.2 , -128659
0.94827 , -21441.3 , -131538
0.951609 , -22071.8 , -134220
0.954948 , -22647.3 , -136712
0.958287 , -23180.1 , -139029
0.961626 , -23698.8 , -141194
0.964965 , -24243 , -143240
0.968304 , -24854.9 , -145203
0.971643 , -25570.2 , -147127
0.974982 , -26410.4 , -149057
0.978321 , -27377 , -151041
0.98166 , -28450 , -153126
0.984999 , -29590.1 , -155359
0.988338 , -30745.3 , -157780
0.991677 , -31859.6 , -160429
0.995016 , -32883.1 , -163334
0.998355 , -33781.1 , -166521
1.00169 , -34540.1 , -170004
1.00503 , -35169.7 , -173791
1.00837 , -35700.2 , -177881
1.01171 , -36175.7 , -182267
1.01505 , -36644.5 , -186931
1.01839 , -37147.7 , -191851
1.02173 , -37710.1 , -197001
1.02507 , -38332.9 , -202349
1.02841 , -38991.9 , -207860
1.03174 , -39640.5 , -213502
1.03508 , -40216.8 , -219239
1.03842 , -40655.3 , -225040
1.04176 , -40898.9 , -230876
1.0451 , -40910.3 , -236724
1.04844 , -40680.3 , -242564
1.05178 , -40231 , -248384
1.05512 , -39614 , -254177
1.05846 , -38902.2 , -259942
1.0618 , -38178.9 , -265686
1.06513 , -37523.9 , -271418
1.06847 , -37000.1 , -277156
1.07181 , -36643.7 , -282918
1.07515 , -36457.9 , -288726
1.07849 , -36413.2 , -294603
1.08183 , -36452.7 , -300574
1.08517 , -36502 , -306659
1.08851 , -36482.6 , -312879
1.09185 , -36324.7 , -319250
1.09519 , -35979 , -325783
1.09852 , -35424 , -332484
1.10186 , -34668.8 , -339354
1.1052 , -33750.4 , -346388
1.10854 , -32726.1 , -353574
1.11188 , -31663.1 , -360896
1.11522 , -30626.6 , -368330
1.11856 , -29669.4 , -375851
1.1219 , -28823.6 , -383428
1.12524 , -28097 , -391028
1.12858 , -27473.6 , -398616
1.13191 , -26919 , -406158
1.13525 , -26388 , -413620
1.13859 , -25834.6 , -420968
1.14193 , -25221.1 , -428175
1.14527 , -24525.4 , -435214
1.14861 , -23744.9 , -442063
1.15195 , -22897.2 , -448704
1.15529 , -22016 , -455126
1.15863 , -21144.7 , -461321
1.16197 , -20328.6 , -467284
1.1653 , -19605.9 , -473017
1.16864 , -19001.2 , -478523
1.17198 , -18520.5 , -483808
1.17532 , -18150.3 , -488881
1.17866 , -17859.5 , -493749
1.182 , -17604.9 , -498421
1.18534 , -17338 , -502905
1.18868 , -17013.2 , -507206
1.19202 , -16595.5 , -511327
1.19535 , -16066 , -515267
1.19869 , -15425.4 , -519023
1.20203 , -14693.8 , -522588
1.20537 , -13908.1 , -525951
1.20871 , -13116.1 , -529099
1.21205 , -12369.7 , -532017
1.21539 , -11717.3 , -534685
1.21873 , -11196.3 , -537085
1.22207 , -10828.5 , -539197
1.22541 , -10616.6 , -541003
1.22874 , -10544.4 , -542485
1.23208 , -10580 , -543628
1.23542 , -10680 , -544421
1.23876 , -10796.8 , -544856
1.2421 , -10885.3 , -544931
1.24544 , -10909.1 , -544646
1.24878 , -10845.2 , -544010
1.25212 , -10686.2 , -543035
1.25546 , -10440.2 , -541737
1.2588 , -10127.4 , -540137
1.26213 , -9775.85 , -538262
1.26547 , -9414.87 , -536140
1.26881 , -9069.54 , -533803
1.27215 , -8755.81 , -531282
1.27549 , -8477.76 , -528611
1.27883 , -8227.56 , -525824
1.28217 , -7988 , -522952
1.28551 , -7737.47 , -520026
1.28885 , -7456.19 , -517074
1.29219 , -7132.82 , -514120
1.29552 , -6769.93 , -511186
1.29886 , -6387.27 , -508289
1.3022 , -6022 , -505445
1.30554 , -5725.48 , -502663
1.30888 , -5557.12 , -499952
1.31222 , -5575.89 , -497314
1.31556 , -5831.02 , -494753
1.3189 , -6353.29 , -492267
1.32224 , -7148.59 , -489854
1.32558 , -8194.81 , -487512
1.32891 , -9442.76 , -485237
1.33225 , -10821.2 , -483025
1.33559 , -12245.5 , -480874
1.33893 , -13627.7 , -478780
1.34227 , -14888 , -476743
1.34561 , -15964.6 , -474762
1.34895 , -16820.3 , -472840
1.35229 , -17446 , -470981
1.35563 , -17859.5 , -469188
1.35896 , -18100.6 , -467471
1.3623 , -18222.9 , -465837
1.36564 , -18284.3 , -464298
1.36898 , -18337.8 , -462866
1.37232 , -18423.3 , -461556
1.37566 , -18562.9 , -460385
1.379 , -18759.7 , -459372
1.38234 , -18999.5 , -458537
1.38568 , -19255.9 , -457903
1.38902 , -19497.3 , -457497
1.39235 , -19693.6 , -457344
1.39569 , -19823 , -457477
1.39903 , -19875.8 , -457926
1.40237 , -19855.9 , -458727
1.40571 , -19779.9 , -459917
1.40905 , -19673.5 , -461534
1.41239 , -19566.1 , -463620
1.41573 , -19485.7 , -466215
1.41907 , -19453.6 , -469363
1.42241 , -19481.4 , -473104
1.42574 , -19569.1 , -477479
1.42908 , -19706.1 , -482529
1.43242 , -19873.8 , -488288
1.43576 , -20049 , -494790
1.4391 , -20208.1 , -502061
1.44244 , -20331 , -510123
1.44578 , -20403.8 , -518990
1.44912 , -20420 , -528668
1.45246 , -20380.7 , -539155
1.4558 , -20293.3 , -550438
1.45913 , -20169.8 , -562496
1.46247 , -20024.6 , -575295
1.46581 , -19872.8 , -588792
1.46915 , -19728.5 , -602932
1.47249 , -19604.7 , -617652
1.47583 , -19512.9 , -632874
1.47917 , -19463.8 , -648515
1.48251 , -19466.8 , -664482
1.48585 , -19530.8 , -680673
1.48919 , -19663.2 , -696979
1.49252 , -19869.2 , -713289
1.49586 , -20150 , -729484
1.4992 , -20502.3 , -745446
1.50254 , -20916.3 , -761054
1.50588 , -21376.3 , -776189
1.50922 , -21861 , -790735
1.51256 , -22345 , -804581
1.5159 , -22801.6 , -817620
1.51924 , -23205.3 , -829755
1.52257 , -23535.3 , -840897
1.52591 , -23777.3 , -850969
1.52925 , -23925.3 , -859907
1.53259 , -23982.3 , -867657
1.53593 , -23959.1 , -874183
1.53927 , -23872.7 , -879463
1.54261 , -23743.7 , -883490
1.54595 , -23594.1 , -886274
1.54929 , -23444 , -887842
1.55263 , -23310.6 , -888235
1.55596 , -23206.3 , -887511
1.5593 , -23138.9 , -885744
1.56264 , -23111.8 , -883020
1.56598 , -23124.8 , -879438
1.56932 , -23174.7 , -875111
1.57266 , -23257 , -870158
1.576 , -23365.3 , -864710
1.57934 , -23492.2 , -858902
1.58268 , -23628.9 , -852874
1.58602 , -23765.4 , -846767
1.58935 , -23890.1 , -840726
1.59269 , -23990.5 , -834891
1.59603 , -24054.4 , -829400
1.59937 , -24070.6 , -824385
1.60271 , -24030.8 , -819972
1.60605 , -23931.3 , -816278
1.60939 , -23773.5 , -813412
1.61273 , -23564.5 , -811471
1.61607 , -23316.9 , -810541
1.61941 , -23047 , -810696
1.62274 , -22772.8 , -811997
1.62608 , -22511.7 , -814493
1.62942 , -22277.9 , -818219
1.63276 , -22080.7 , -823198
1.6361 , -21923.3 , -829441
1.63944 , -21803.1 , -836944
1.64278 , -21712.7 , -845692
1.64612 , -21642.1 , -855658
1.64946 , -21580.8 , -866803
1.6528 , -21520.3 , -879078
1.65613 , -21456 , -892420
1.65947 , -21387.9 , -906759
1.66281 , -21320.7 , -922013
1.66615 , -21261.9 , -938091
1.66949 , -21220.5 , -954892
1.67283 , -21204.1 , -972307
1.67617 , -21216.8 , -990221
1.67951 , -21258 , -1.00851e+06
1.68285 , -21321.1 , -1.02704e+06
1.68618 , -21395.1 , -1.04569e+06
1.68952 , -21465.4 , -1.06431e+06
1.69286 , -21517.1 , -1.08275e+06
1.6962 , -21536.7 , -1.10089e+06
1.69954 , -21515.3 , -1.11857e+06
1.70288 , -21450.1 , -1.13567e+06
1.70622 , -21344.5 , -1.15203e+06
1.70956 , -21207.9 , -1.16753e+06
1.7129 , -21053.7 , -1.18205e+06
1.71624 , -20896.9 , -1.19546e+06
1.71957 , -20751 , -1.20767e+06
1.72291 , -20625.7 , -1.21858e+06
1.72625 , -20524.9 , -1.22811e+06
1.72959 , -20445.9 , -1.23619e+06
1.73293 , -20380.2 , -1.24275e+06
1.73627 , -20314.6 , -1.24778e+06
1.73961 , -20233.7 , -1.25123e+06
1.74295 , -20122.9 , -1.25309e+06
1.74629 , -19970.5 , -1.25337e+06
1.74963 , -19770 , -1.25209e+06
1.75296 , -19521.4 , -1.24928e+06
1.7563 , -19230.6 , -1.24496e+06
1.75964 , -18909.3 , -1.2392e+06
1.76298 , -18572.4 , -1.23206e+06
1.76632 , -18236.5 , -1.22361e+06
1.76966 , -17917.5 , -1.21391e+06
1.773 , -17628.5 , -1.20306e+06
1.77634 , -17378.6 , -1.19114e+06
1.77968 , -17172.2 , -1.17823e+06
1.78302 , -17009 , -1.16443e+06
1.78635 , -16885 , -1.14983e+06
1.78969 , -16792.8 , -1.13452e+06
1.79303 , -16723.8 , -1.1186e+06
1.79637 , -16668.6 , -1.10215e+06
1.79971 , -16618 , -1.08526e+06
1.80305 , -16564.3 , -1.06803e+06
1.80639 , -16501 , -1.05053e+06
1.80973 , -16423.6 , -1.03285e+06
1.81307 , -16329.2 , -1.01506e+06
1.81641 , -16216.8 , -997243
1.81974 , -16087.3 , -979467
1.82308 , -15943.2 , -961799
1.82642 , -15788.7 , -944300
1.82976 , -15629.7 , -927028
1.8331 , -15472.8 , -910033
1.83644 , -15325.4 , -893360
1.83978 , -15194.5 , -877050
1.84312 , -15085.7 , -861135
1.84646 , -15002.9 , -845642
1.84979 , -14946.9 , -830589
1.85313 , -14915.7 , -815991
1.85647 , -14904.2 , -801853
1.85981 , -14905.2 , -788174
1.86315 , -14910 , -774949
1.86649 , -14909.9 , -762165
1.86983 , -14898.1 , -749804
1.87317 , -14870 , -737846
1.87651 , -14824.9 , -726264
1.87985 , -14766 , -715030
1.88318 , -14699.8 , -704115
1.88652 , -14635.3 , -693486
1.88986 , -14582.4 , -683113
1.8932 , -14549.9 , -672966
1.89654 , -14543.8 , -663014
1.89988 , -14565.9 , -653231
1.90322 , -14612.7 , -643594
1.90656 , -14675.3 , -634080
1.9099 , -14740.2 , -624673
1.91324 , -14790.6 , -615360
1.91657 , -14808.2 , -606131
1.91991 , -14776.1 , -596981
1.92325 , -14680.1 , -587907
1.92659 , -14511.5 , -578911
1.92993 , -14267.8 , -569999
1.93327 , -13953.2 , -561176
1.93661 , -13578.6 , -552453
1.93995 , -13159.6 , -543840
1.94329 , -12715.4 , -535349
1.94663 , -12266.3 , -526992
1.94996 , -11831.4 , -518781
1.9533 , -11426.5 , -510728
1.95664 , -11062.8 , -502842
1.95998 , -10746.3 , -495132
1.96332 , -10477 , -487606
1.96666 , -10250.6 , -480268
1.97 , -10059.1 , -473120
1.97334 , -9892.53 , -466162
1.97668 , -9740.96 , -459391
1.98002 , -9595.83 , -452803
1.98335 , -9451.13 , -446390
1.98669 , -9303.98 , -440142
1.99003 , -9154.59 , -434048
1.99337 , -9005.58 , -428096
1.99671 , -8860.91 , -422271
2.00005 , -8724.62 , -416557
2.00339 , -8599.54 , -410940
2.00673 , -8486.32 , -405404
2.01007 , -8382.87 , -399935
2.0134 , -8284.43 , -394517
2.01674 , -8184.19 , -389139
2.02008 , -8074.36 , -383789
2.02342 , -7947.52 , -378458
2.02676 , -7798.08 , -373139
2.0301 , -7623.42 , -367827
2.03344 , -7424.71 , -362518
2.03678 , -7207.02 , -357214
2.04012 , -6978.91 , -351914
2.04346 , -6751.31 , -346624
2.04679 , -6536.13 , -341349
2.05013 , -6344.52 , -336095
2.05347 , -6185.31 , -330871
2.05681 , -6063.73 , -325683
2.06015 , -5980.63 , -320541
2.06349 , -5932.41 , -315453
2.06683 , -5911.51 , -310425
2.07017 , -5907.46 , -305464
2.07351 , -5908.38 , -300573
2.07685 , -5902.55 , -295756
2.08018 , -5879.9 , -291012
2.08352 , -5833.26 , -286342
2.08686 , -5759.07 , -281741
2.0902 , -5657.61 , -277204
2.09354 , -5532.79 , -272725
2.09688 , -5391.35 , -268295
2.10022 , -5241.93 , -263906
2.10356 , -5093.94 , -259549
2.1069 , -4956.42 , -255212
2.11024 , -4837.11 , -250888
2.11357 , -4741.77 , -246567
2.11691 , -4673.72 , -242241
2.12025 , -4633.71 , -237904
2.12359 , -4620 , -233552
2.12693 , -4628.67 , -229181
2.13027 , -4654.01 , -224791
2.13361 , -4689.07 , -220381
2.13695 , -4726.21 , -215954
2.14029 , -4757.76 , -211513
2.14363 , -4776.57 , -207065
2.14696 , -4776.62 , -202613
2.1503 , -4753.55 , -198165
2.15364 , -4705.09 , -193727
2.15698 , -4631.25 , -189306
2.16032 , -4534.41 , -184906
2.16366 , -4419.11 , -180535
2.167 , -4291.56 , -176194
2.17034 , -4159.01 , -171889
2.17368 , -4028.92 , -167620
2.17701 , -3908.05 , -163388
2.18035 , -3801.77 , -159194
2.18369 , -3713.32 , -155035
2.18703 , -3643.58 , -150911
2.19037 , -3591 , -146818
2.19371 , -3551.97 , -142755
2.19705 , -3521.39 , -138719
2.20039 , -3493.53 , -134709
2.20373 , -3462.82 , -130723
2.20707 , -3424.68 , -126761
2.2104 , -3376.1 , -122825
2.21374 , -3315.95 , -118916
2.21708 , -3245 , -115038
2.22042 , -3165.58 , -111196
2.22376 , -3081.13 , -107393
2.2271 , -2995.5 , -103638
2.23044 , -2912.33 , -99936.9
2.23378 , -2834.49 , -96297
2.23712 , -2763.72 , -92726
2.24046 , -2700.44 , -89231
2.24379 , -2643.92 , -85819
2.24713 , -2592.47 , -82496
2.25047 , -2543.89 , -79267.1
2.25381 , -2495.87 , -76136.4
2.25715 , -2446.4 , -73106.5
2.26049 , -2394.08 , -70179
2.26383 , -2338.25 , -67354.1
2.26717 , -2279 , -64630.7
2.27051 , -2217.07 , -62006.7
2.27385 , -2153.63 , -59479
2.27718 , -2090 , -57043.7
2.28052 , -2027.5 , -54696.5
2.28386 , -1967.16 , -52432.7
2.2872 , -1909.68 , -50247.6
2.29054 , -1855.36 , -48136.5
2.29388 , -1804.12 , -46095.3
2.29722 , -1755.59 , -44120
2.30056 , -1709.24 , -42207.5
2.3039 , -1664.44 , -40355.2
2.30724 , -1620.58 , -38561.4
2.31057 , -1577.14 , -36824.8
2.31391 , -1533.73 , -35144.7
2.31725 , -1490.1 , -33521.1
2.32059 , -1446.15 , -31954.3
2.32393 , -1401.9 , -30444.8
2.32727 , -1357.49 , -28993.1
2.33061 , -1313.16 , -27599.8
2.33395 , -1269.23 , -26265.2
2.33729 , -1226.07 , -24989.5
2.34062 , -1184.11 , -23772.2
2.34396 , -1143.8 , -22612.5
2.3473 , -1105.59 , -21509.2
2.35064 , -1069.92 , -20460.5
2.35398 , -1037.22 , -19464.1
2.35732 , -1007.85 , -18517.5
2.36066 , -982.08 , -17617.6
2.364 , -960.093 , -16761.3
2.36734 , -941.922 , -15945.4
2.37068 , -927.426 , -15166.6
2.37401 , -916.251 , -14421.9
2.37735 , -907.808 , -13708.4
2.38069 , -901.265 , -13023.5
2.38403 , -895.565 , -12365
2.38737 , -889.483 , -11731.2
2.39071 , -881.715 , -11120.7
2.39405 , -870.998 , -10532.7
2.39739 , -856.247 , -9966.59
2.40073 , -836.696 , -9422.28
2.40407 , -812.004 , -8899.9
2.4074 , -782.319 , -8399.78
2.41074 , -748.277 , -7922.4
2.41408 , -710.929 , -7468.24
2.41742 , -671.603 , -7037.76
2.42076 , -631.719 , -6631.27
2.4241 , -592.591 , -6248.93
2.42744 , -555.24 , -5890.64
2.43078 , -520.268 , -5556.05
2.43412 , -487.803 , -5244.54
2.43746 , -457.528 , -4955.22
2.44079 , -428.802 , -4686.96
2.44413 , -400.832 , -4438.45
2.44747 , -372.873 , -4208.18
2.45081 , -344.42 , -3994.59
2.45415 , -315.335 , -3796.04
2.45749 , -285.908 , -3610.96
2.46083 , -256.82 , -3437.83
2.46417 , -229.025 , -3275.27
2.46751 , -203.578 , -3122.08
2.47085 , -181.435 , -2977.26
2.47418 , -163.273 , -2840.03
2.47752 , -149.371 , -2709.81
2.48086 , -139.562 , -2586.27
2.4842 , -133.276 , -2469.23
2.48754 , -129.654 , -2358.67
2.49088 , -127.718 , -2254.7
2.49422 , -126.542 , -2157.47
2.49756 , -125.406 , -2067.19
2.5009 , -123.892 , -1984.03
2.50423 , -121.91 , -1908.09
2.50757 , -119.646 , -1839.39
2.51091 , -117.459 , -1777.83
2.51425 , -115.744 , -1723.16
2.51759 , -114.809 , -1675
2.52093 , -114.77 , -1632.83
2.52427 , -115.521 , -1596
2.52761 , -116.753 , -1563.78
2.53095 , -118.032 , -1535.36
2.53429 , -118.91 , -1509.88
2.53762 , -119.038 , -1486.52
2.54096 , -118.258 , -1464.45
2.5443 , -116.64 , -1442.96
2.54764 , -114.471 , -1421.4
2.55098 , -112.182 , -1399.27
2.55432 , -110.246 , -1376.2
2.55766 , -109.057 , -1351.97
2.561 , -108.835 , -1326.5
2.56434 , -109.57 , -1299.87
2.56768 , -111.017 , -1272.25
2.57101 , -112.758 , -1243.94
2.57435 , -114.294 , -1215.3
2.57769 , -115.167 , -1186.72
2.58103 , -115.07 , -1158.63
2.58437 , -113.916 , -1131.43
2.58771 , -111.867 , -1105.47
2.59105 , -109.293 , -1081.06
2.59439 , -106.687 , -1058.41
2.59773 , -104.554 , -1037.65
2.60107 , -103.287 , -1018.8
2.6044 , -103.083 , -1001.8
2.60774 , -103.89 , -986.513
2.61108 , -105.423 , -972.716
2.61442 , -107.227 , -960.14
2.61776 , -108.781 , -948.48
2.6211 , -109.622 , -937.421
2.62444 , -109.442 , -926.654
2.62778 , -108.166 , -915.897
2.63112 , -105.96 , -904.912
2.63446 , -103.197 , -893.515
2.63779 , -100.369 , -881.585
2.64113 , -97.9722 , -869.069
2.64447 , -96.4024 , -855.977
2.64781 , -95.8632 , -842.38
2.65115 , -96.3269 , -828.398
2.65449 , -97.5456 , -814.188
2.65783 , -99.1124 , -799.931
2.66117 , -100.557 , -785.816
2.66451 , -101.451 , -772.028
2.66784 , -101.505 , -758.732
2.67118 , -100.627 , -746.061
2.67452 , -98.936 , -734.114
2.67786 , -96.7277 , -722.944
2.6812 , -94.4004 , -712.56
2.68454 , -92.3609 , -702.93
2.68788 , -90.9319 , -693.982
2.69122 , -90.2821 , -685.617
2.69456 , -90.3946 , -677.711
2.6979 , -91.0798 , -670.133
2.70123 , -92.0277 , -662.749
2.70457 , -92.8859 , -655.434
2.70791 , -93.3443 , -648.083
2.71125 , -93.2071 , -640.616
2.71459 , -92.4342 , -632.979
2.71793 , -91.1438 , -625.151
2.72127 , -89.5783 , -617.141
2.72461 , -88.0404 , -608.986
2.72795 , -86.8172 , -600.744
2.73129 , -86.1111 , -592.49
2.73462 , -85.9918 , -584.306
2.73796 , -86.3831 , -576.277
2.7413 , -87.0838 , -568.478
2.74464 , -87.8199 , -560.975
2.74798 , -88.3118 , -553.811
2.75132 , -88.3429 , -547.01
2.75466 , -87.8113 , -540.573
2.758 , -86.7532 , -534.477
2.76134 , -85.3336 , -528.68
2.76468 , -83.8059 , -523.123
2.76801 , -82.4513 , -517.736
2.77135 , -81.5121 , -512.445
2.77469 , -81.1353 , -507.178
2.77803 , -81.3387 , -501.871
2.78137 , -82.0071 , -496.471
2.78471 , -82.9199 , -490.944
2.78805 , -83.8019 , -485.276
2.79139 , -84.386 , -479.473
2.79473 , -84.4731 , -473.56
2.79807 , -83.9759 , -467.583
2.8014 , -82.9364 , -461.598
2.80474 , -81.5144 , -455.673
2.80808 , -79.9504 , -449.877
2.81142 , -78.511 , -444.277
2.81476 , -77.4306 , -438.934
2.8181 , -76.861 , -433.891
2.82144 , -76.8416 , -429.179
2.82478 , -77.2936 , -424.806
2.82812 , -78.041 , -420.761
2.83145 , -78.851 , -417.012
2.83479 , -79.4851 , -413.511
2.83813 , -79.7493 , -410.195
2.84147 , -79.5327 , -406.989
2.84481 , -78.8269 , -403.818
2.84815 , -77.7225 , -400.605
2.85149 , -76.3857 , -397.282
2.85483 , -75.0208 , -393.793
2.85817 , -73.8258 , -390.097
2.86151 , -72.9537 , -386.172
2.86484 , -72.4842 , -382.019
2.86818 , -72.4125 , -377.656
2.87152 , -72.656 , -373.122
2.87486 , -73.0759 , -368.47
2.8782 , -73.5078 , -363.767
2.88154 , -73.796 , -359.086
2.88488 , -73.822 , -354.5
2.88822 , -73.5244 , -350.079
2.89156 , -72.906 , -345.886
2.8949 , -72.0286 , -341.969
2.89823 , -70.9971 , -338.358
2.90157 , -69.9378 , -335.067
2.90491 , -68.9755 , -332.089
2.90825 , -68.2119 , -329.401
2.91159 , -67.7114 , -326.959
2.91493 , -67.4932 , -324.71
2.91827 , -67.5318 , -322.589
2.92161 , -67.7637 , -320.529
2.92495 , -68.0988 , -318.463
2.92829 , -68.4354 , -316.327
2.93162 , -68.6745 , -314.069
2.93496 , -68.7341 , -311.65
2.9383 , -68.5607 , -309.045
2.94164 , -68.1364 , -306.248
2.94498 , -67.4824 , -303.267
2.94832 , -66.6569 , -300.128
2.95166 , -65.7481 , -296.87
2.955 , -64.8618 , -293.54
2.95834 , -64.1062 , -290.192
2.96168 , -63.5742 , -286.882
2.96501 , -63.3278 , -283.664
2.96835 , -63.3848 , -280.583
2.97169 , -63.7137 , -277.676
2.97503 , -64.2349 , -274.967
2.97837 , -64.833 , -272.466
2.98171 , -65.3743 , -270.167
2.98505 , -65.7307 , -268.053
2.98839 , -65.803 , -266.094
2.99173 , -65.5403 , -264.249
2.99506 , -64.9517 , -262.474
2.9984 , -64.1057 , -260.722
3.00174 , -63.1193 , -258.946
3.00508 , -62.1364 , -257.108
3.00842 , -61.3002 , -255.174
3.01176 , -60.7257 , -253.126
3.0151 , -60.4772 , -250.955
3.01844 , -60.5551 , -248.667
3.02178 , -60.8965 , -246.279
3.02512 , -61.388 , -243.82
3.02845 , -61.8889 , -241.328
3.03179 , -62.2599 , -238.847
3.03513 , -62.3909 , -236.419
3.03847 , -62.2225 , -234.089
3.04181 , -61.7559 , -231.892
3.04515 , -61.0509 , -229.858
3.04849 , -60.2101 , -228.002
3.05183 , -59.3559 , -226.328
3.05517 , -58.6032 , -224.826
3.05851 , -58.0356 , -223.473
3.06184 , -57.6894 , -222.232
3.06518 , -57.5489 , -221.059
3.06852 , -57.5534 , -219.903
3.07186 , -57.6149 , -218.71
3.0752 , -57.6397 , -217.43
3.07854 , -57.552 , -216.017
3.08188 , -57.31 , -214.435
3.08522 , -56.9145 , -212.663
3.08856 , -56.406 , -210.692
3.0919 , -55.8517 , -208.532
3.09523 , -55.3274 , -206.209
3.09857 , -54.8973 , -203.762
3.10191 , -54.5971 , -201.247
3.10525 , -54.4262 , -198.725
3.10859 , -54.3484 , -196.266
3.11193 , -54.3023 , -193.938
3.11527 , -54.2187 , -191.805
3.11861 , -54.0394 , -189.923
3.12195 , -53.7337 , -188.333
3.12529 , -53.3072 , -187.06
3.12862 , -52.8014 , -186.106
3.13196 , -52.2844 , -185.457
3.1353 , -51.8333 , -185.075
3.13864 , -51.5148 , -184.903
3.14198 , -51.3673 , -184.87
3.14532 , -51.3899 , -184.891
3.14866 , -51.541 , -184.876
3.152 , -51.7472 , -184.735
3.15534 , -51.9201 , -184.38
3.15868 , -51.9779 , -183.738
3.16201 , -51.8656 , -182.75
3.16535 , -51.5698 , -181.38
3.16869 , -51.1231 , -179.615
3.17203 , -50.5981 , -177.469
3.17537 , -50.0913 , -174.981
3.17871 , -49.7004 , -172.215
3.18205 , -49.501 , -169.255
3.18539 , -49.527 , -166.203
3.18873 , -49.7605 , -163.17
3.19206 , -50.134 , -160.27
3.1954 , -50.5429 , -157.614
3.19874 , -50.8679 , -155.302
3.20208 , -51.0017 , -153.414
3.20542 , -50.873 , -152.008
3.20876 , -50.4639 , -151.115
3.2121 , -49.8158 , -150.733
3.21544 , -49.0229 , -150.829
3.21878 , -48.2131 , -151.34
3.22212 , -47.5228 , -152.176
3.22545 , -47.0677 , -153.225
3.22879 , -46.9191 , -154.358
3.23213 , -47.088 , -155.438
3.23547 , -47.522 , -156.331
3.23881 , -48.1151 , -156.909
3.24215 , -48.728 , -157.062
3.24549 , -49.2156 , -156.705
3.24883 , -49.4551 , -155.784
3.25217 , -49.3692 , -154.279
3.25551 , -48.9405 , -152.205
3.25884 , -48.2139 , -149.616
3.26218 , -47.2865 , -146.599
3.26552 , -46.2888 , -143.27
3.26886 , -45.3588 , -139.767
3.2722 , -44.6169 , -136.244
3.27554 , -44.1445 , -132.859
3.27888 , -43.9707 , -129.763
3.28222 , -44.0696 , -127.098
3.28556 , -44.3676 , -124.977
3.2889 , -44.7595 , -123.485
3.29223 , -45.1288 , -122.669
3.29557 , -45.3692 , -122.536
3.29891 , -45.4029 , -123.052
3.30225 , -45.1922 , -124.14
3.30559 , -44.7441 , -125.689
3.30893 , -44.1059 , -127.558
3.31227 , -43.3544 , -129.582
3.31561 , -42.5809 , -131.587
3.31895 , -41.8751 , -133.395
3.32229 , -41.3096 , -134.841
3.32562 , -40.9297 , -135.776
3.32896 , -40.7478 , -136.084
3.3323 , -40.7437 , -135.684
3.33564 , -40.8706 , -134.54
3.33564e-10 , -1.1163e+06 , -156755
0.00333898 , -1.09741e+06 , -143661
0.00667796 , -1.10598e+06 , -118797
0.0100169 , -1.10663e+06 , -89139
0.0133559 , -1.05726e+06 , -61991.3
0.0166949 , -939514 , -42594.3
0.0200339 , -771808 , -32714.7
0.0233729 , -596593 , -30635.3
0.0267118 , -452437 , -32390.9
0.0300508 , -351618 , -33633.7
0.0333898 , -278255 , -31334.6
0.0367288 , -205810 , -24699.3
0.0400678 , -118973 , -15067.3
0.0434067 , -23648.5 , -5004.4
0.0467457 , 60317.8 , 2916.59
0.0500847 , 115491 , 7106.3
0.0534237 , 138564 , 7370.34
0.0567627 , 139493 , 4694.21
0.0601016 , 131197 , 624.997
0.0634406 , 119865 , -3403.01
0.0667796 , 103610 , -6503.12
0.0701186 , 78837.6 , -8411.23
0.0734576 , 47055.7 , -9275.68
0.0767965 , 15463.7 , -9356.47
0.0801355 , -8778.2 , -8826.76
0.0834745 , -24590.1 , -7766.91
0.0868135 , -37204.4 , -6305.92
0.0901525 , -52163.9 , -4773.02
0.0934914 , -68712.9 , -3719.41
0.0968304 , -78996.3 , -3752.62
0.100169 , -74281.9 , -5243.53
0.103508 , -52950.4 , -8055.06
0.106847 , -23128.3 , -11451.9
0.110186 , 2679.75 , -14276.8
0.113525 , 16668.1 , -15354.6
0.116864 , 20940.9 , -13970.1
0.120203 , 24534.1 , -10216.6
0.123542 , 34912.5 , -5051.9
0.126881 , 51261.5 , -13.2568
0.13022 , 65232.1 , 3315.61
0.133559 , 68307.3 , 3887.37
0.136898 , 59293 , 1596.61
0.140237 , 45448.5 , -2654.67
0.143576 , 36363.5 , -7265.21
0.146915 , 35958.4 , -10506.1
0.150254 , 39525 , -11144.5
0.153593 , 38288.7 , -8886.12
0.156932 , 27463.4 , -4473.54
0.160271 , 10816.5 , 596.347
0.16361 , -2164.07 , 4628.05
0.166949 , -4032.22 , 6349.39
0.170288 , 4566.89 , 5369.7
0.173627 , 15647.5 , 2307.58
0.176966 , 20678.4 , -1454.26
0.180305 , 17579.6 , -4291.06
0.183644 , 12050.3 , -4938.21
0.186983 , 12283.5 , -2950.57
0.190322 , 21715.9 , 1147.49
0.193661 , 35976.3 , 6069.29
0.197 , 46483 , 10245.7
0.200339 , 47479 , 12393.8
0.203678 , 40524.5 , 11963
0.207017 , 32805.9 , 9300.02
0.210356 , 30921.5 , 5482.97
0.213695 , 35513 , 1899.65
0.217034 , 41167.9 , -262.536
0.220373 , 41410.9 , -424.194
0.223712 , 34349.7 , 1224.9
0.227051 , 24191.8 , 3854.93
0.23039 , 17529.3 , 6348.9
0.233729 , 17740.1 , 7733.61
0.237068 , 22299.8 , 7523.74
0.240407 , 25170.9 , 5858.57
0.243746 , 22094.8 , 3396.93
0.247085 , 14268.8 , 1029.42
0.250423 , 7399.24 , -469.636
0.253762 , 7052.25 , -715.727
0.257101 , 14219.3 , 182.054
0.26044 , 24652.6 , 1709.88
0.263779 , 32296.7 , 3179.41
0.267118 , 33850.7 , 3999.85
0.270457 , 30807.3 , 3886.35
0.273796 , 27613.5 , 2933.61
0.277135 , 27783.5 , 1541.27
0.280474 , 31240.9 , 234.597
0.283813 , 34856 , -541.903
0.287152 , 35384.5 , -578.66
0.290491 , 32177 , 47.6094
0.29383 , 27493.7 , 1031.97
0.297169 , 24424.8 , 1974.18
0.300508 , 24352.8 , 2528.82
0.303847 , 26055.1 , 2516.57
0.307186 , 26996.8 , 1962.45
0.310525 , 25542.9 , 1058.18
0.313864 , 22225 , 73.4161
0.317203 , 19166 , -745.427
0.320542 , 18332 , -1252.28
0.323881 , 20110.5 , -1432.59
0.32722 , 23253.2 , -1386.08
0.330559 , 26007.7 , -1275.03
0.333898 , 27376.4 , -1259.98
0.337237 , 27537 , -1444.63
0.340576 , 27295.6 , -1845.04
0.343915 , 27227.4 , -2389.36
0.347254 , 27272.4 , -2945.45
0.350593 , 27015.8 , -3367.14
0.353932 , 26257.3 , -3544.74
0.357271 , 25291.2 , -3444.23
0.36061 , 24663.9 , -3121.17
0.363949 , 24670.4 , -2702.29
0.367288 , 25060.9 , -2338.77
0.370627 , 25218.3 , -2146.91
0.373966 , 24652.7 , -2159.81
0.377305 , 23414.2 , -2312.71
0.380644 , 22101 , -2472.76
0.383983 , 21462.1 , -2504.56
0.387322 , 21878.8 , -2344.57
0.390661 , 23085.4 , -2048.75
0.394 , 24314.5 , -1785.84
0.397339 , 24777.4 , -1771.5
0.400678 , 24173.5 , -2167.33
0.404017 , 22900.6 , -2989.43
0.407356 , 21815.3 , -4072.66
0.410695 , 21679.8 , -5114.84
0.414034 , 22652.2 , -5789.75
0.417372 , 24178 , -5882.9
0.420711 , 25380.3 , -5389.38
0.42405 , 25686.9 , -4526
0.427389 , 25229.5 , -3646.92
0.430728 , 24694.7 , -3097.13
0.434067 , 24723.3 , -3068.38
0.437406 , 25330.8 , -3523.5
0.440745 , 25841.2 , -4224.47
0.444084 , 25426.1 , -4851.03
0.447423 , 23835.3 , -5153.83
0.450762 , 21706.9 , -5069.36
0.454101 , 20163.6 , -4742.5
0.45744 , 19987.9 , -4447.29
0.460779 , 21043.9 , -4445.99
0.464118 , 22428.6 , -4855.66
0.467457 , 23233.3 , -5587.09
0.470796 , 23271.4 , -6384.45
0.474135 , 23150.7 , -6944.68
0.477474 , 23629.4 , -7058.07
0.480813 , 24823.9 , -6702.99
0.484152 , 25982.5 , -6052.59
0.487491 , 26055.8 , -5395.05
0.49083 , 24595.1 , -5008.84
0.494169 , 22204.6 , -5052.17
0.497508 , 20133.6 , -5512.92
0.500847 , 19329.2 , -6232.28
0.504186 , 19736.2 , -6979.94
0.507525 , 20421.9 , -7539.48
0.510864 , 20404.2 , -7767.74
0.514203 , 19468.5 , -7614.04
0.517542 , 18291.2 , -7110.18
0.520881 , 17798.3 , -6353.56
0.52422 , 18345.4 , -5498.71
0.527559 , 19429.2 , -4753.68
0.530898 , 20150.6 , -4361.89
0.534237 , 19985.6 , -4550.9
0.537576 , 19176.7 , -5449.07
0.540915 , 18427.3 , -6999.58
0.544254 , 18214.9 , -8919.37
0.547593 , 18361.4 , -10743.6
0.550932 , 18234.3 , -11961.7
0.554271 , 17367.9 , -12204.8
0.55761 , 15920.2 , -11407.3
0.560949 , 14555.7 , -9865.61
0.564288 , 13880 , -8152.46
0.567627 , 13950.1 , -6910.23
0.570966 , 14286.4 , -6604.05
0.574305 , 14334.4 , -7340.86
0.577644 , 13924 , -8836.06
0.580983 , 13318.2 , -10544.8
0.584321 , 12872 , -11900.2
0.58766 , 12691.9 , -12552.1
0.590999 , 12649.9 , -12499.4
0.594338 , 12698.4 , -12061.1
0.597677 , 13084.6 , -11707.1
0.601016 , 14140.7 , -11833.7
0.604355 , 15787.6 , -12591.8
0.607694 , 17268.7 , -13843.9
0.611033 , 17516 , -15259.7
0.614372 , 15981.2 , -16493.3
0.617711 , 13243.3 , -17347.3
0.62105 , 10771.5 , -17843.7
0.624389 , 9895.23 , -18175.1
0.627728 , 10764.4 , -18571
0.631067 , 12189.3 , -19159.8
0.634406 , 12574.4 , -19899.7
0.637745 , 11225.7 , -20615.4
0.641084 , 8940.32 , -21112.3
0.644423 , 7345.77 , -21301.3
0.647762 , 7516.04 , -21259.6
0.651101 , 9036.21 , -21190.4
0.65444 , 10340.5 , -21301.7
0.657779 , 10062.2 , -21670.4
0.661118 , 8237.7 , -22169.8
0.664457 , 6297.55 , -22509
0.667796 , 5810.41 , -22373.4
0.671135 , 7046.76 , -21600.6
0.674474 , 8634.75 , -20304.9
0.677813 , 8672.71 , -18880.5
0.681152 , 6400.25 , -17871.1
0.684491 , 2999.45 , -17756.6
0.68783 , 784.531 , -18747.6
0.691169 , 1386.69 , -20679.2
0.694508 , 4410.22 , -23052.8
0.697847 , 7676.97 , -25210.7
0.701186 , 8876.43 , -26575.8
0.704525 , 7286.98 , -26857.6
0.707864 , 4196.29 , -26149.4
0.711203 , 1743.09 , -24882.3
0.714542 , 1196.8 , -23662
0.717881 , 2097.95 , -23056.3
0.72122 , 2891.5 , -23410
0.724559 , 2404.89 , -24752.2
0.727898 , 853.008 , -26814.7
0.731237 , -462.744 , -29143.6
0.734576 , -420.646 , -31256.8
0.737915 , 855.988 , -32788.9
0.741254 , 2075.49 , -33582.2
0.744593 , 1898.89 , -33701.6
0.747932 , 90.742 , -33381.2
0.75127 , -2309.77 , -32929
0.754609 , -3913.24 , -32625.1
0.757948 , -4148.15 , -32645.5
0.761287 , -3638.13 , -33032.4
0.764626 , -3496.14 , -33712.1
0.767965 , -4227.11 , -34548.3
0.771304 , -5267.01 , -35405.4
0.774643 , -5582.86 , -36197.3
0.777982 , -4769.06 , -36905.4
0.781321 , -3600.76 , -37564.1
0.78466 , -3480.58 , -38224.8
0.787999 , -5219.18 , -38921.2
0.791338 , -8223.33 , -39651.7
0.794677 , -10847.4 , -40386.3
0.798016 , -11661.1 , -41092.4
0.801355 , -10574.1 , -41762.1
0.804694 , -8862.75 , -42424.4
0.808033 , -8074.44 , -43136.8
0.811372 , -8754.22 , -43961.4
0.814711 , -10080.6 , -44940.4
0.81805 , -10707.7 , -46085.7
0.821389 , -10060.3 , -47386.3
0.824728 , -8935.56 , -48822.9
0.828067 , -8869.78 , -50375.9
0.831406 , -10802.8 , -52014
0.834745 , -14191.4 , -53667.4
0.838084 , -17349.7 , -55207.1
0.841423 , -18752.1 , -56455.1
0.844762 , -18217.1 , -57239.8
0.848101 , -16987.9 , -57484.2
0.85144 , -16658.6 , -57287.9
0.854779 , -17849.4 , -56950.7
0.858118 , -19730.4 , -56905.3
0.861457 , -20762.5 , -57564.1
0.864796 , -20014 , -59137.4
0.868135 , -17957.6 , -61504.1
0.871474 , -16116.4 , -64211.9
0.874813 , -15886.7 , -66628.6
0.878152 , -17514.5 , -68196.6
0.881491 , -20017.5 , -68685.4
0.88483 , -22037.8 , -68318.7
0.888169 , -22865.1 , -67706.5
0.891508 , -22809.6 , -67591.7
0.894847 , -22709.8 , -68520
0.898186 , -23098 , -70583.5
0.901525 , -23774.4 , -73369.2
0.904864 , -24126.1 , -76149.9
0.908203 , -23848.2 , -78239.6
0.911542 , -23389.6 , -79345.8
0.914881 , -23710 , -79742.2
0.918219 , -25543.8 , -80159.2
0.921558 , -28784.6 , -81428
0.924897 , -32491.3 , -84037.6
0.928236 , -35496.4 , -87824.7
0.931575 , -37123 , -91967.4
0.934914 , -37474 , -95317.9
0.938253 , -37149.8 , -96940.8
0.941592 , -36711 , -96615
0.944931 , -36360.6 , -95046.4
0.94827 , -36064 , -93661.7
0.951609 , -35915 , -94038.3
0.954948 , -36350.9 , -97203.3
0.958287 , -37971.9 , -103112
0.961626 , -41082.5 , -110560
0.964965 , -45322.8 , -117589
0.968304 , -49698.4 , -122257
0.971643 , -53015.1 , -123435
0.974982 , -54432 , -121304
0.978321 , -53796.1 , -117326
0.98166 , -51603.6 , -113688
0.984999 , -48699 , -112434
0.988338 , -45944.3 , -114660
0.991677 , -44020 , -120084
0.995016 , -43361.7 , -127180
0.998355 , -44134.2 , -133814
1.00169 , -46187 , -138104
1.00503 , -49036.4 , -139164
1.00837 , -51973.1 , -137431
1.01171 , -54325.8 , -134447
1.01505 , -55774.6 , -132223
1.01839 , -56528.4 , -132428
1.02173 , -57227.5 , -135750
1.02507 , -58598.6 , -141664
1.02841 , -61047.3 , -148675
1.03174 , -64423.1 , -154930
1.03508 , -68085.2 , -158934
1.03842 , -71220.2 , -160099
1.04176 , -73220.6 , -158925
1.0451 , -73918.9 , -156764
1.04844 , -73583.3 , -155273
1.05178 , -72731.7 , -155779
1.05512 , -71913.8 , -158793
1.05846 , -71584.8 , -163844
1.0618 , -72089.4 , -169684
1.06513 , -73676.9 , -174772
1.06847 , -76455 , -177858
1.07181 , -80273.9 , -178431
1.07515 , -84643.1 , -176893
1.07849 , -88808.7 , -174371
1.08183 , -92031.7 , -172274
1.08517 , -93948.2 , -171739
1.08851 , -94790.8 , -173201
1.09185 , -95304.3 , -176240
1.09519 , -96376.1 , -179771
1.09852 , -98595.6 , -182495
1.10186 , -102015 , -183428
1.1052 , -106238 , -182290
1.10854 , -110746 , -179591
1.11188 , -115201 , -176383
1.11522 , -119529 , -173768
1.11856 , -123780 , -172404
1.1219 , -127930 , -172204
1.12524 , -131854 , -172393
1.12858 , -135485 , -171880
1.13191 , -139024 , -169817
1.13525 , -142968 , -166064
1.13859 , -147883 , -161350
1.14193 , -154053 , -157043
1.14527 , -161260 , -154600
1.14861 , -168866 , -154928
1.15195 , -176138 , -157947
1.15529 , -182562 , -162551
1.15863 , -187952 , -167012
1.16197 , -192323 , -169661
1.1653 , -195706 , -169580
1.16864 , -198126 , -166982
1.17198 , -199755 , -163147
1.17532 , -201076 , -159892
1.17866 , -202823 , -158830
1.182 , -205641 , -160696
1.18534 , -209672 , -165043
1.18868 , -214391 , -170419
1.19202 , -218877 , -174951
1.19535 , -222374 , -177092
1.19869 , -224777 , -176222
1.20203 , -226690 , -172866
1.20537 , -229001 , -168460
1.20871 , -232280 , -164769
1.21205 , -236404 , -163231
1.21539 , -240664 , -164469
1.21873 , -244257 , -168171
1.22207 , -246789 , -173338
1.22541 , -248476 , -178780
1.22874 , -249938 , -183611
1.23208 , -251792 , -187544
1.23542 , -254334 , -190885
1.23876 , -257481 , -194246
1.2421 , -260933 , -198160
1.24544 , -264367 , -202766
1.24878 , -267517 , -207729
1.25212 , -270161 , -212409
1.25546 , -272093 , -216198
1.2588 , -273186 , -218855
1.26213 , -273491 , -220664
1.26547 , -273251 , -222349
1.26881 , -272773 , -224764
1.27215 , -272196 , -228507
1.27549 , -271365 , -233632
1.27883 , -269909 , -239596
1.28217 , -267518 , -245473
1.28551 , -264175 , -250371
1.28885 , -260161 , -253858
1.29219 , -255771 , -256244
1.29552 , -250959 , -258590
1.29886 , -245243 , -262432
1.3022 , -238014 , -269338
1.30554 , -229115 , -280447
1.30888 , -219276 , -296160
1.31222 , -210012 , -316077
1.31556 , -202944 , -339171
1.3189 , -198904 , -364103
1.32224 , -197425 , -389567
1.32558 , -196990 , -414537
1.32891 , -195966 , -438369
1.33225 , -193628 , -460783
1.33559 , -190622 , -481773
1.33893 , -188530 , -501509
1.34227 , -188822 , -520260
1.34561 , -191908 , -538315
1.34895 , -196914 , -555884
1.35229 , -202356 , -572943
1.35563 , -207220 , -589058
1.35896 , -211682 , -603247
1.3623 , -216959 , -613996
1.36564 , -224370 , -619470
1.36898 , -234274 , -617954
1.37232 , -245635 , -608401
1.37566 , -256546 , -590937
1.379 , -265369 , -567138
1.38234 , -271699 , -539933
1.38568 , -276499 , -513119
1.38902 , -281256 , -490576
1.39235 , -286738 , -475398
1.39569 , -292151 , -469173
1.39903 , -295303 , -471629
1.40237 , -293692 , -480723
1.40571 , -285887 , -493170
1.40905 , -272370 , -505240
1.41239 , -255350 , -513614
1.41573 , -237703 , -516093
1.41907 , -221662 , -511981
1.42241 , -208020 , -502099
1.42574 , -196239 , -488449
1.42908 , -185324 , -473652
1.43242 , -174877 , -460308
1.43576 , -165690 , -450435
1.4391 , -159535 , -445110
1.44244 , -158286 , -444361
1.44578 , -162886 , -447311
1.44912 , -172730 , -452503
1.45246 , -185792 , -458308
1.4558 , -199403 , -463303
1.45913 , -211251 , -466541
1.46247 , -220096 , -467648
1.46581 , -225889 , -466776
1.46915 , -229311 , -464447
1.47249 , -231083 , -461357
1.47583 , -231435 , -458211
1.47917 , -230005 , -455619
1.48251 , -226158 , -454055
1.48585 , -219505 , -453849
1.48919 , -210307 , -455182
1.49252 , -199563 , -458046
1.49586 , -188769 , -462191
1.4992 , -179455 , -467083
1.50254 , -172735 , -471926
1.50588 , -169016 , -475777
1.50922 , -167971 , -477759
1.51256 , -168754 , -477318
1.5159 , -170359 , -474438
1.51924 , -171999 , -469728
1.52257 , -173342 , -464316
1.52591 , -174534 , -459554
1.52925 , -176023 , -456602
1.53259 , -178260 , -456029
1.53593 , -181425 , -457568
1.53927 , -185295 , -460137
1.54261 , -189270 , -462140
1.54595 , -192540 , -461980
1.54929 , -194302 , -458617
1.55263 , -193982 , -451972
1.55596 , -191412 , -443035
1.5593 , -186924 , -433605
1.56264 , -181329 , -425740
1.56598 , -175741 , -421090
1.56932 , -171266 , -420352
1.57266 , -168661 , -423041
1.576 , -168111 , -427659
1.57934 , -169254 , -432225
1.58268 , -171435 , -434968
1.58602 , -174055 , -434931
1.58935 , -176805 , -432278
1.59269 , -179672 , -428191
1.59603 , -182705 , -424407
1.59937 , -185742 , -422568
1.60271 , -188255 , -423642
1.60605 , -189443 , -427621
1.60939 , -188509 , -433586
1.61273 , -184989 , -440105
1.61607 , -178980 , -445772
1.61941 , -171195 , -449681
1.62274 , -162860 , -451648
1.62608 , -155501 , -452126
1.62942 , -150658 , -451879
1.63276 , -149569 , -451588
1.6361 , -152860 , -451563
1.63944 , -160309 , -451692
1.64278 , -170786 , -451628
1.64612 , -182431 , -451102
1.64946 , -193034 , -450196
1.6528 , -200544 , -449418
1.65613 , -203530 , -449527
1.65947 , -201490 , -451169
1.66281 , -194921 , -454484
1.66615 , -185170 , -458894
1.66949 , -174102 , -463178
1.67283 , -163689 , -465880
1.67617 , -155609 , -465889
1.67951 , -150943 , -462987
1.68285 , -150054 , -458099
1.68618 , -152630 , -453132
1.68952 , -157860 , -450384
1.69286 , -164663 , -451728
1.6962 , -171900 , -457846
1.69954 , -178544 , -467835
1.70288 , -183809 , -479347
1.70622 , -187244 , -489276
1.70956 , -188772 , -494782
1.7129 , -188637 , -494289
1.71624 , -187265 , -488118
1.71957 , -185093 , -478482
1.72291 , -182461 , -468835
1.72625 , -179636 , -462753
1.72959 , -176920 , -462747
1.73293 , -174754 , -469396
1.73627 , -173661 , -481125
1.73961 , -174015 , -494702
1.74295 , -175753 , -506297
1.74629 , -178236 , -512731
1.74963 , -180408 , -512502
1.75296 , -181261 , -506234
1.7563 , -180383 , -496429
1.75964 , -178314 , -486618
1.76298 , -176493 , -480224
1.76632 , -176811 , -479529
1.76966 , -180943 , -485078
1.773 , -189757 , -495679
1.77634 , -203002 , -508957
1.77968 , -219341 , -522215
1.78302 , -236653 , -533301
1.78635 , -252472 , -541167
1.78969 , -264444 , -545985
1.79303 , -270716 , -548816
1.79637 , -270215 , -551002
1.79971 , -262786 , -553533
1.80305 , -249141 , -556623
1.80639 , -230666 , -559645
1.80973 , -209149 , -561445
1.81307 , -186552 , -560905
1.81641 , -164906 , -557546
1.81974 , -146297 , -551956
1.82308 , -132846 , -545851
1.82642 , -126555 , -541732
1.82976 , -128979 , -542187
1.8331 , -140843 , -549041
1.83644 , -161790 , -562603
1.83978 , -190438 , -581255
1.84312 , -224765 , -601543
1.84646 , -262656 , -618816
1.84979 , -302327 , -628269
1.85313 , -342439 , -626160
1.85647 , -381880 , -610878
1.85981 , -419403 , -583584
1.86315 , -453404 , -548246
1.86649 , -482009 , -511030
1.86983 , -503440 , -479196
1.87317 , -516450 , -459749
1.87651 , -520595 , -458139
1.87985 , -516197 , -477304
1.88318 , -504086 , -517213
1.88652 , -485302 , -574968
1.88986 , -460918 , -645407
1.8932 , -432016 , -722037
1.89654 , -399720 , -798105
1.89988 , -365170 , -867618
1.90322 , -329400 , -926131
1.90656 , -293204 , -971212
1.9099 , -257140 , -1.00252e+06
1.91324 , -221695 , -1.02153e+06
1.91657 , -187530 , -1.03095e+06
1.91991 , -155596 , -1.034e+06
1.92325 , -127009 , -1.03365e+06
1.92659 , -102691 , -1.03206e+06
1.92993 , -83010.1 , -1.03023e+06
1.93327 , -67628.2 , -1.02799e+06
1.93661 , -55683.3 , -1.02428e+06
1.93995 , -46198.2 , -1.0176e+06
1.94329 , -38473 , -1.00655e+06
1.94663 , -32240.4 , -990169
1.94996 , -27532.7 , -968243
1.9533 , -24395.5 , -941248
1.95664 , -22665 , -910204
1.95998 , -21947.2 , -876394
1.96332 , -21778.1 , -841097
1.96666 , -21820.1 , -805381
1.97 , -21949.2 , -770011
1.97334 , -22192.3 , -735458
1.97668 , -22594.6 , -701979
1.98002 , -23132.5 , -669718
1.98335 , -23734.2 , -638801
1.98669 , -24363.9 , -609393
1.99003 , -25076.6 , -581712
1.99337 , -25981.5 , -556013
1.99671 , -27137.5 , -532543
2.00005 , -28468.3 , -511487
2.00339 , -29773.7 , -492913
2.00673 , -30836.2 , -476730
2.01007 , -31546.4 , -462674
2.0134 , -31951.6 , -450321
2.01674 , -32194.9 , -439133
2.02008 , -32388.7 , -428540
2.02342 , -32519.4 , -418024
2.02676 , -32450.7 , -407198
2.0301 , -32020.7 , -395860
2.03344 , -31164.3 , -384006
2.03678 , -29976.6 , -371798
2.04012 , -28682.1 , -359506
2.04346 , -27535.7 , -347432
2.04679 , -26720.9 , -335837
2.05013 , -26298.5 , -324890
2.05347 , -26221.7 , -314648
2.05681 , -26389.1 , -305063
2.06015 , -26699.6 , -296020
2.06349 , -27080.8 , -287374
2.06683 , -27493.2 , -278998
2.07017 , -27917.7 , -270808
2.07351 , -28342.4 , -262773
2.07685 , -28752.8 , -254913
2.08018 , -29126.2 , -247281
2.08352 , -29432.3 , -239944
2.08686 , -29641.1 , -232966
2.0902 , -29736.9 , -226405
2.09354 , -29730.7 , -220303
2.09688 , -29661.8 , -214684
2.10022 , -29583.5 , -209551
2.10356 , -29539.2 , -204878
2.1069 , -29541.2 , -200604
2.11024 , -29564.4 , -196638
2.11357 , -29557.6 , -192873
2.11691 , -29466.4 , -189206
2.12025 , -29256 , -185562
2.12359 , -28923.4 , -181914
2.12693 , -28498.8 , -178279
2.13027 , -28035.3 , -174703
2.13361 , -27593.4 , -171240
2.13695 , -27223.8 , -167922
2.14029 , -26954.7 , -164748
2.14363 , -26785.9 , -161685
2.14696 , -26694.3 , -158688
2.1503 , -26645.9 , -155717
2.15364 , -26609.1 , -152754
2.15698 , -26562.2 , -149798
2.16032 , -26492.2 , -146861
2.16366 , -26389.7 , -143942
2.167 , -26245.7 , -141023
2.17034 , -26053.5 , -138070
2.17368 , -25814.9 , -135044
2.17701 , -25542.4 , -131925
2.18035 , -25255.9 , -128726
2.18369 , -24974.7 , -125495
2.18703 , -24711.2 , -122301
2.19037 , -24471.1 , -119212
2.19371 , -24256.9 , -116275
2.19705 , -24070.9 , -113501
2.20039 , -23911.8 , -110868
2.20373 , -23769.6 , -108336
2.20707 , -23623.4 , -105860
2.2104 , -23449.3 , -103404
2.21374 , -23232.8 , -100946
2.21708 , -22977.9 , -98476.7
2.22042 , -22702.8 , -96001.7
2.22376 , -22424.3 , -93536.6
2.2271 , -22140.4 , -91109.4
2.23044 , -21826.5 , -88757.2
2.23378 , -21449.7 , -86519.9
2.23712 , -20993.4 , -84426.9
2.24046 , -20477.5 , -82484.8
2.24379 , -19959.4 , -80670.7
2.24713 , -19516.6 , -78938.4
2.25047 , -19216.4 , -77236.7
2.25381 , -19088.9 , -75533.4
2.25715 , -19109.6 , -73832.5
2.26049 , -19198 , -72176.2
2.26383 , -19230.3 , -70628
2.26717 , -19068.9 , -69243.7
2.27051 , -18604.1 , -68043.6
2.27385 , -17799.2 , -67001
2.27718 , -16720.1 , -66052.1
2.28052 , -15530.4 , -65123.3
2.28386 , -14445.5 , -64162.5
2.2872 , -13658.9 , -63158
2.29054 , -13273 , -62133.6
2.29388 , -13265.8 , -61123.1
2.29722 , -13508.2 , -60136.8
2.30056 , -13820.2 , -59136.5
2.3039 , -14036.6 , -58034.9
2.30724 , -14053 , -56720.6
2.31057 , -13840.4 , -55097.8
2.31391 , -13435.4 , -53124.6
2.31725 , -12920.8 , -50830.7
2.32059 , -12406.3 , -48309.7
2.32393 , -12008.9 , -45689.9
2.32727 , -11825.6 , -43098.9
2.33061 , -11901.9 , -40639
2.33395 , -12207.2 , -38381
2.33729 , -12638 , -36376.1
2.34062 , -13056.6 , -34673.3
2.34396 , -13352.2 , -33329.8
2.3473 , -13495 , -32402.8
2.35064 , -13550.7 , -31925.9
2.35398 , -13644.5 , -31880.3
2.35732 , -13890.9 , -32174
2.36066 , -14328.6 , -32643.5
2.364 , -14896.7 , -33078.4
2.36734 , -15464.6 , -33264.4
2.37068 , -15896.2 , -33029.1
2.37401 , -16109.1 , -32278
2.37735 , -16096 , -31010.1
2.38069 , -15898.8 , -29311.1
2.38403 , -15559 , -27330
2.38737 , -15080.4 , -25246.4
2.39071 , -14429.7 , -23237.3
2.39405 , -13574 , -21450.3
2.39739 , -12527.6 , -19984.8
2.40073 , -11370.9 , -18884.6
2.40407 , -10225.8 , -18139.8
2.4074 , -9199.69 , -17697
2.41074 , -8332.77 , -17475.7
2.41408 , -7583.27 , -17385.8
2.41742 , -6860.48 , -17342.5
2.42076 , -6084.75 , -17273.9
2.4241 , -5237.13 , -17122.4
2.42744 , -4369 , -16841
2.43078 , -3568.78 , -16389.4
2.43412 , -2909.84 , -15734.7
2.43746 , -2412.98 , -14857.1
2.44079 , -2044.13 , -13758.2
2.44413 , -1743.65 , -12467.2
2.44747 , -1464.19 , -11039.7
2.45081 , -1192.83 , -9547.38
2.45415 , -946.943 , -8062.64
2.45749 , -752.112 , -6644.09
2.46083 , -620.032 , -5329.11
2.46417 , -540.523 , -4136.38
2.46751 , -489.504 , -3075.68
2.47085 , -443.911 , -2158.48
2.47418 , -392.288 , -1402.2
2.47752 , -335.56 , -825.337
2.48086 , -280.521 , -435.628
2.4842 , -232.663 , -218.588
2.48754 , -193.215 , -133.847
2.49088 , -160.658 , -123.205
2.49422 , -133.573 , -127.9
2.49756 , -111.834 , -107.356
2.5009 , -95.6034 , -50.3585
2.50423 , -83.8288 , 26.8133
2.50757 , -74.0854 , 94.21
2.51091 , -64.0353 , 126.786
2.51425 , -53.1884 , 118.275
2.51759 , -43.3702 , 83.6543
2.52093 , -37.4037 , 49.7619
2.52427 , -36.9277 , 39.9146
2.52761 , -40.9096 , 61.3283
2.53095 , -45.8972 , 102.167
2.53429 , -47.8732 , 139.417
2.53762 , -44.5518 , 152.682
2.54096 , -36.6873 , 135.882
2.5443 , -27.5839 , 100.296
2.54764 , -21.1146 , 67.5279
2.55098 , -19.5009 , 56.7609
2.55432 , -22.2605 , 73.7707
2.55766 , -26.9217 , 107.97
2.561 , -30.8535 , 138.966
2.56434 , -32.7849 , 148.614
2.56768 , -32.932 , 131.484
2.57101 , -31.8947 , 97.744
2.57435 , -29.5803 , 66.9486
2.57769 , -25.3538 , 56.5227
2.58103 , -19.3599 , 71.711
2.58437 , -13.6254 , 102.778
2.58771 , -11.4603 , 130.941
2.59105 , -15.1231 , 139.442
2.59439 , -23.5084 , 123.234
2.59773 , -32.0453 , 91.711
2.60107 , -35.4118 , 62.9994
2.6044 , -31.2565 , 53.2842
2.60774 , -21.9993 , 67.4438
2.61108 , -13.1272 , 96.4121
2.61442 , -9.23042 , 122.688
2.61776 , -10.9395 , 130.659
2.6211 , -15.1746 , 115.65
2.62444 , -18.2723 , 86.464
2.62778 , -19.0948 , 60.0284
2.63112 , -19.3646 , 51.3934
2.63446 , -21.1101 , 64.9795
2.63779 , -23.8522 , 92.1602
2.64113 , -24.4549 , 116.496
2.64447 , -20.0498 , 123.454
2.64781 , -11.4097 , 108.878
2.65115 , -3.43928 , 81.2675
2.65449 , -1.87642 , 56.6285
2.65783 , -8.74261 , 48.9951
2.66117 , -20.4188 , 62.2283
2.66451 , -30.126 , 87.8771
2.66784 , -32.8466 , 110.284
2.67118 , -28.6512 , 115.862
2.67452 , -21.8448 , 101.055
2.67786 , -17.0008 , 74.333
2.6812 , -15.5196 , 51.1107
2.68454 , -15.5694 , 44.6322
2.68788 , -14.9745 , 58.2151
2.69122 , -13.9173 , 83.3858
2.69456 , -14.7129 , 104.949
2.6979 , -18.9306 , 109.959
2.70123 , -24.8601 , 95.2916
2.70457 , -28.1074 , 69.3972
2.70791 , -25.1322 , 47.2422
2.71125 , -16.6139 , 41.4749
2.71459 , -7.4712 , 55.0252
2.71793 , -3.28421 , 79.4701
2.72127 , -6.10808 , 100.078
2.72461 , -13.2128 , 104.512
2.72795 , -19.6513 , 90.0569
2.73129 , -22.1963 , 65.1223
2.73462 , -21.1882 , 44.1987
2.73796 , -19.0201 , 39.2697
2.7413 , -17.1866 , 52.7694
2.74464 , -14.9838 , 76.2189
2.74798 , -11.0462 , 95.312
2.75132 , -5.90432 , 98.4107
2.75466 , -2.62941 , 83.4216
2.758 , -4.52863 , 59.0007
2.76134 , -11.9005 , 39.3969
2.76468 , -21.0384 , 36.0007
2.76801 , -26.7271 , 50.599
2.77135 , -26.2118 , 74.3161
2.77469 , -21.1548 , 92.8588
2.77803 , -15.8893 , 94.9605
2.78137 , -13.6648 , 79.04
2.78471 , -14.345 , 54.1459
2.78805 , -15.4947 , 34.6341
2.79139 , -15.475 , 31.7155
2.79473 , -15.2736 , 46.8549
2.79807 , -17.1763 , 70.9088
2.8014 , -21.675 , 89.5055
2.80474 , -25.9332 , 91.5002
2.80808 , -25.7343 , 75.5266
2.81142 , -19.3774 , 50.7937
2.81476 , -9.84879 , 31.6621
2.8181 , -2.95945 , 29.1956
2.82144 , -2.84066 , 44.6585
2.82478 , -8.73363 , 68.7791
2.82812 , -15.9097 , 87.2088
2.83145 , -19.7885 , 88.9568
2.83479 , -19.4312 , 72.8405
2.83813 , -17.3315 , 48.1594
2.84147 , -16.077 , 29.2046
2.84481 , -15.462 , 26.8423
2.84815 , -13.0581 , 42.1255
2.85149 , -7.6335 , 65.6937
2.85483 , -1.7354 , 83.306
2.85817 , -0.351587 , 84.2461
2.86151 , -6.42193 , 67.646
2.86484 , -17.3643 , 43.0039
2.86818 , -26.2663 , 24.5901
2.87152 , -27.2029 , 23.0348
2.87486 , -20.1379 , 39.0538
2.8782 , -10.9537 , 63.0099
2.88154 , -6.45137 , 80.575
2.88488 , -8.7641 , 81.1655
2.88822 , -14.178 , 64.1859
2.89156 , -17.2517 , 39.4016
2.8949 , -16.1714 , 21.2126
2.89823 , -14.1767 , 20.1881
2.90157 , -15.7388 , 36.8398
2.90491 , -21.3324 , 61.2988
2.90825 , -26.1384 , 79.0966
2.91159 , -24.297 , 79.6562
2.91493 , -14.8623 , 62.5082
2.91827 , -3.66367 , 37.5742
2.92161 , 1.111 , 19.3453
2.92495 , -4.10772 , 18.3732
2.92829 , -15.0632 , 35.0715
2.93162 , -23.2792 , 59.4708
2.93496 , -23.287 , 77.0747
2.9383 , -16.9197 , 77.3782
2.94164 , -10.8597 , 60.04
2.94498 , -9.94827 , 35.0812
2.94832 , -12.7191 , 16.9894
2.95166 , -13.4177 , 16.1945
2.955 , -8.45943 , 32.9282
2.95834 , -0.879437 , 57.0845
2.96168 , 1.87898 , 74.1675
2.96501 , -4.92105 , 73.8337
2.96835 , -18.0022 , 56.0026
2.97169 , -27.9359 , 30.9339
2.97503 , -26.9614 , 13.2129
2.97837 , -15.8373 , 13.172
2.98171 , -3.41217 , 30.7912
2.98505 , 0.865261 , 55.6723
2.98839 , -5.1765 , 73.1181
2.99173 , -15.1949 , 72.7565
2.99506 , -20.6339 , 54.6464
2.9984 , -18.54 , 29.2704
3.00174 , -13.6209 , 11.4064
3.00508 , -12.8495 , 11.4631
3.00842 , -18.0261 , 29.3646
3.01176 , -23.6365 , 54.5761
3.0151 , -22.2199 , 72.2664
3.01844 , -12.1571 , 71.9965
3.02178 , -0.261924 , 53.8386
3.02512 , 3.68448 , 28.3315
3.02845 , -4.31235 , 10.2967
3.03179 , -18.4874 , 10.1408
3.03513 , -27.9628 , 27.7526
3.03847 , -25.9537 , 52.5775
3.04181 , -15.2614 , 69.8288
3.04515 , -5.20966 , 69.1857
3.04849 , -3.04746 , 50.8661
3.05183 , -7.82996 , 25.5004
3.05517 , -12.2652 , 7.87679
3.05851 , -10.4371 , 8.23179
3.06184 , -3.83783 , 26.2111
3.06518 , 0.103036 , 51.06
3.06852 , -4.45566 , 67.9431
3.07186 , -15.4826 , 66.6839
3.0752 , -24.2132 , 47.7817
3.07854 , -22.874 , 22.1554
3.08188 , -11.8749 , 4.74734
3.08522 , 0.247863 , 5.73372
3.08856 , 4.15264 , 24.5121
3.0919 , -2.40507 , 50.0133
3.09523 , -13.2013 , 67.1767
3.09857 , -19.6534 , 65.7993
3.10191 , -18.4746 , 46.5596
3.10525 , -13.7756 , 20.6606
3.10859 , -12.0402 , 3.27876
3.11193 , -15.226 , 4.64894
3.11527 , -18.8581 , 24.0186
3.11861 , -16.9307 , 50.038
3.12195 , -8.67051 , 67.3817
3.12529 , -0.29567 , 65.7329
3.12862 , 0.298623 , 45.8614
3.13196 , -8.91954 , 19.2118
3.1353 , -21.5581 , 1.2231
3.13864 , -27.8993 , 2.28019
3.14198 , -23.1661 , 21.6065
3.14532 , -11.4447 , 47.6941
3.14866 , -1.76331 , 65.0408
3.152 , -0.082052 , 63.2579
3.15534 , -4.61498 , 43.2017
3.15868 , -8.5758 , 16.5147
3.16201 , -7.35103 , -1.18103
3.16535 , -3.02053 , 0.535423
3.16869 , -1.8984 , 20.7175
3.17203 , -7.63871 , 47.5387
3.17537 , -16.8063 , 65.1812
3.17871 , -21.4645 , 63.1116
3.18205 , -16.5348 , 42.3069
3.18539 , -4.96459 , 14.7569
3.18873 , 4.34669 , -3.50197
3.19206 , 4.14539 , -1.77014
3.1954 , -4.97932 , 19.006
3.19874 , -15.4308 , 46.7155
3.20208 , -19.5482 , 65.1095
3.20542 , -16.1242 , 63.291
3.20876 , -10.5733 , 42.1217
3.2121 , -8.97942 , 13.7787
3.21544 , -12.0262 , -5.31161
3.21878 , -14.718 , -4.05914
3.22212 , -12.0131 , 16.7819
3.22545 , -4.64944 , 45.0033
3.22879 , 0.798104 , 64.0311
3.23213 , -2.02371 , 62.5952
3.23547 , -12.7779 , 41.3364
3.23881 , -23.894 , 12.4764
3.24215 , -26.7957 , -7.27883
3.24549 , -19.3221 , -6.48185
3.24883 , -7.52328 , 14.3558
3.25217 , -0.19514 , 43.0288
3.25551 , -1.23672 , 62.7367
3.25884 , -6.84738 , 61.8876
3.26218 , -9.9212 , 40.8863
3.26552 , -7.19841 , 11.9274
3.26886 , -2.24743 , -8.10489
3.2722 , -1.49628 , -7.50292
3.27554 , -7.30404 , 13.3939
3.27888 , -14.9661 , 42.3512
3.28222 , -16.789 , 62.3521
3.28556 , -9.52771 , 61.5373
3.2889 , 1.90983 , 40.1725
3.29223 , 8.23758 , 10.5578
3.29557 , 3.81443 , -10.0991
3.29891 , -8.35659 , -9.71116
3.30225 , -19.2115 , 11.5993
3.30559 , -21.4107 , 41.5048
3.30893 , -15.2608 , 62.5962
3.31227 , -7.59089 , 62.501
3.31561 , -5.0026 , 41.1094
3.31895 , -7.99131 , 10.6871
3.32229 , -11.3199 , -11.2152
3.32562 , -9.91548 , -11.9506
3.32896 , -4.33714 , 8.85981
3.3323 , -0.4374 , 39.079
3.33564 , -3.54892 , 61.0843
3.33564e-10 , -7.56034e+06 , -902321
0.00333898 , -7.31025e+06 , -791838
0.00667796 , -6.91458e+06 , -627623
0.0100169 , -6.2739e+06 , -467014
0.0133559 , -5.32076e+06 , -352885
0.0166949 , -4.15509e+06 , -294799
0.0200339 , -3.01452e+06 , -271675
0.0233729 , -2.11158e+06 , -251586
0.0267118 , -1.50295e+06 , -214068
0.0300508 , -1.10907e+06 , -160701
0.0333898 , -839082 , -109278
0.0367288 , -678318 , -78244.3
0.0400678 , -658886 , -73392.2
0.0434067 , -770854 , -85319
0.0467457 , -926699 , -97485.2
0.0500847 , -1.01657e+06 , -97576.5
0.0534237 , -986995 , -83960.4
0.0567627 , -860204 , -63941.4
0.0601016 , -688099 , -46816.6
0.0634406 , -504129 , -37671
0.0667796 , -321317 , -35929
0.0701186 , -158634 , -38230.4
0.0734576 , -47801 , -42068.7
0.0767965 , -8939.46 , -46987
0.0801355 , -30342.5 , -53044.2
0.0834745 , -82029.8 , -58872.8
0.0868135 , -145805 , -61738.9
0.0901525 , -221635 , -59774.6
0.0934914 , -302756 , -54206.1
0.0968304 , -356455 , -49124.2
0.100169 , -343554 , -48431.9
0.103508 , -259456 , -52234
0.106847 , -147199 , -55786.1
0.110186 , -61988.4 , -52344.8
0.113525 , -23940.1 , -38185
0.116864 , -10840.7 , -16119.9
0.120203 , 4124.4 , 5316.31
0.123542 , 17046.8 , 16822
0.126881 , 2211.48 , 14181.4
0.13022 , -48599.1 , 1021.49
0.133559 , -107310 , -13460
0.136898 , -135716 , -20311.2
0.140237 , -124901 , -16347.8
0.143576 , -100097 , -5825.26
0.146915 , -86302.2 , 2666.97
0.150254 , -78222.2 , 1906.48
0.153593 , -51717.6 , -9382.84
0.156932 , -1394.91 , -25874.6
0.160271 , 44149.6 , -39098.7
0.16361 , 50539.4 , -42660.5
0.166949 , 16381.7 , -35939.7
0.170288 , -24280.4 , -24102.3
0.173627 , -39348.4 , -14603.1
0.176966 , -31708.4 , -12446.7
0.180305 , -29615.1 , -17131.8
0.183644 , -47838.5 , -23103.8
0.186983 , -67539.4 , -23399.2
0.190322 , -58981.7 , -14238
0.193661 , -18909.5 , 2271.62
0.197 , 22817.6 , 19035.7
0.200339 , 35166.4 , 28020.1
0.203678 , 18371.2 , 25007.3
0.207017 , -466.091 , 12124.4
0.210356 , -1146.05 , -3470.14
0.213695 , 7817.21 , -13952.5
0.217034 , 3908.55 , -15499.7
0.220373 , -18555.2 , -10292.5
0.223712 , -40004.4 , -4619.18
0.227051 , -39060.1 , -4412.89
0.23039 , -18152.8 , -11234
0.233729 , -1.66463 , -21357.9
0.237068 , 32.4358 , -28471.6
0.240407 , -8365.3 , -28024.2
0.243746 , -3886.84 , -20217.3
0.247085 , 18700.2 , -9669.64
0.250423 , 40194.8 , -2156.59
0.253762 , 37898.8 , -811.263
0.257101 , 11150.3 , -4395.05
0.26044 , -17801.3 , -8647.02
0.263779 , -27461.1 , -9525.32
0.267118 , -17691.5 , -5950.26
0.270457 , -5376.85 , -223.184
0.273796 , -3081.99 , 3917.37
0.277135 , -6521.42 , 4002.41
0.280474 , -3475.84 , 358.274
0.283813 , 9192.76 , -4439.11
0.287152 , 21441.3 , -7529.31
0.290491 , 22393.9 , -7621.9
0.29383 , 12986 , -5525.69
0.297169 , 3970.26 , -3243.5
0.300508 , 2907.14 , -2506.2
0.303847 , 6285.96 , -3806.21
0.307186 , 5434.3 , -6407.37
0.310525 , -1950.01 , -9041.12
0.313864 , -8591.94 , -10646.1
0.317203 , -5922.47 , -10717.4
0.320542 , 6288.46 , -9276.98
0.323881 , 19622.5 , -6723.34
0.32722 , 25423.2 , -3727.15
0.330559 , 22233.3 , -1108.9
0.333898 , 15190.2 , 425.705
0.337237 , 9822.09 , 635.685
0.340576 , 7643.58 , -85.4002
0.343915 , 7093.84 , -949.266
0.347254 , 6885.27 , -1337.83
0.350593 , 7331.9 , -1283.3
0.353932 , 8991 , -1445.2
0.357271 , 11309.6 , -2542.19
0.36061 , 13159.6 , -4666.45
0.363949 , 14202.6 , -7057.51
0.367288 , 15062.8 , -8573.74
0.370627 , 16128.7 , -8526.13
0.373966 , 16679 , -7210.24
0.377305 , 15569 , -5686.77
0.380644 , 12740.5 , -4964.67
0.383983 , 9786.24 , -5239.43
0.387322 , 8804.55 , -5806.7
0.390661 , 10554.5 , -5721.24
0.394 , 13667.4 , -4651.66
0.397339 , 15746.7 , -3213.05
0.400678 , 15479.7 , -2489.69
0.404017 , 13850.9 , -3137.61
0.407356 , 13181 , -4815.83
0.410695 , 14724.2 , -6432.29
0.414034 , 17196.4 , -7016.93
0.417372 , 17989.4 , -6508.58
0.420711 , 16086 , -5801.09
0.42405 , 13516.4 , -5995.12
0.427389 , 13365.5 , -7453.34
0.430728 , 16152.4 , -9426.11
0.434067 , 18707.9 , -10564.6
0.437406 , 17341.9 , -9931.95
0.440745 , 12196.1 , -7730.24
0.444084 , 7811.06 , -5183.02
0.447423 , 8778.81 , -3670.4
0.450762 , 14924.9 , -3773.48
0.454101 , 21301.4 , -4929.58
0.45744 , 23064.9 , -5915.46
0.460779 , 19912.4 , -5763.06
0.464118 , 15446.1 , -4432.88
0.467457 , 12786.7 , -2800.86
0.470796 , 11836.2 , -2032.88
0.474135 , 11019.6 , -2823.33
0.477474 , 10513.3 , -4995.57
0.480813 , 12277.1 , -7654.59
0.484152 , 16726.1 , -9715.33
0.487491 , 20713.6 , -10457
0.49083 , 20223.1 , -9824.09
0.494169 , 15085.7 , -8385.52
0.497508 , 9866.23 , -7020.67
0.500847 , 9202.77 , -6479.25
0.504186 , 12645.8 , -6991.87
0.507525 , 15084.4 , -8119.41
0.510864 , 12539.3 , -8972.99
0.514203 , 6788.45 , -8760.35
0.517542 , 3541.07 , -7372.85
0.520881 , 6268.78 , -5598.95
0.52422 , 12631.6 , -4709.96
0.527559 , 17194.4 , -5586.04
0.530898 , 16940 , -7957.93
0.534237 , 13444.5 , -10380
0.537576 , 10079.1 , -11098.7
0.540915 , 8315.42 , -9306.22
0.544254 , 7372.5 , -5879.97
0.547593 , 6628.74 , -2973.84
0.550932 , 6922.79 , -2626.6
0.554271 , 8993.82 , -5321.84
0.55761 , 11549.5 , -9562.54
0.560949 , 12044.5 , -12845
0.564288 , 9550.06 , -13392.6
0.567627 , 6116.37 , -11405.6
0.570966 , 4732.23 , -8894.61
0.574305 , 6152.15 , -8190.36
0.577644 , 8205.97 , -10216.7
0.580983 , 8188.07 , -13803.6
0.584321 , 5494.05 , -16551
0.58766 , 1903.19 , -16597.5
0.590999 , -88.1763 , -13976.4
0.594338 , 1197.33 , -10566.7
0.597677 , 6027 , -8714.05
0.601016 , 12875.2 , -9579.8
0.604355 , 18235.7 , -12442.7
0.607694 , 18072.4 , -15411
0.611033 , 11225.4 , -16925.7
0.614372 , 1822.82 , -16871.9
0.617711 , -3006 , -16483.6
0.62105 , 570.887 , -17194.9
0.624389 , 8789.89 , -19395.3
0.627728 , 13293.4 , -22073.4
0.631067 , 9306.32 , -23596.2
0.634406 , 631.112 , -22978.7
0.637745 , -4156.74 , -20650
0.641084 , -469.23 , -18150
0.644423 , 7988.42 , -17033.9
0.647762 , 13753.6 , -17838.1
0.651101 , 13397.8 , -19855.8
0.65444 , 9736.86 , -21804.3
0.657779 , 6810.95 , -22792.1
0.661118 , 4711.57 , -22836.8
0.664457 , 889.843 , -22605.3
0.667796 , -4300.86 , -22693.1
0.671135 , -5985.66 , -23081.7
0.674474 , -344.473 , -23209.7
0.677813 , 9151.88 , -22553.9
0.681152 , 13482.1 , -21201.4
0.684491 , 7308.67 , -19924.5
0.68783 , -4449.18 , -19687.7
0.691169 , -10884 , -20968.8
0.694508 , -6252.21 , -23404.7
0.697847 , 4161.12 , -26006.8
0.701186 , 9953.94 , -27763.1
0.704525 , 6558.27 , -28190.4
0.707864 , -902.445 , -27495.3
0.711203 , -4430.34 , -26321.1
0.714542 , -2053.74 , -25334.1
0.717881 , 1323.7 , -24944.9
0.72122 , 1004.18 , -25274.8
0.724559 , -1854.29 , -26266.5
0.727898 , -2694.89 , -27771.7
0.731237 , -226.072 , -29548.3
0.734576 , 1648.24 , -31241
0.737915 , -907.368 , -32456.5
0.741254 , -6174.79 , -32940.3
0.744593 , -8501.65 , -32738.4
0.747932 , -5258.83 , -32198.5
0.75127 , -418.45 , -31780.5
0.754609 , -63.0653 , -31802.4
0.757948 , -5150.2 , -32300.8
0.761287 , -10338.6 , -33097.5
0.764626 , -10287 , -33990.6
0.767965 , -5755.88 , -34901.5
0.771304 , -2275.93 , -35861.8
0.774643 , -3378.72 , -36883.4
0.777982 , -6852.7 , -37864
0.781321 , -8317.92 , -38642
0.78466 , -7117.43 , -39168.5
0.787999 , -6864.03 , -39628.4
0.791338 , -10121.7 , -40365
0.794677 , -14374.9 , -41623.9
0.798016 , -14807.5 , -43305.9
0.801355 , -10551.3 , -44948.1
0.804694 , -6336.23 , -45993
0.808033 , -7066.28 , -46174.4
0.811372 , -11861.8 , -45737.1
0.814711 , -15084.5 , -45309.1
0.81805 , -13313.2 , -45503.3
0.821389 , -9695.19 , -46531
0.824728 , -10107.3 , -48109.9
0.828067 , -15645.9 , -49726.4
0.831406 , -20728.1 , -51043.2
0.834745 , -19458.6 , -52134.3
0.838084 , -12829.4 , -53366.5
0.841423 , -8061.63 , -55025.2
0.844762 , -10650.9 , -56991.2
0.848101 , -18336.5 , -58739.2
0.85144 , -23908.8 , -59684.4
0.854779 , -23350.9 , -59627.6
0.858118 , -19776.5 , -58960.6
0.861457 , -18974.1 , -58459.3
0.864796 , -22364.7 , -58798.8
0.868135 , -25808.6 , -60131.9
0.871474 , -25203.7 , -62032.6
0.874813 , -21636.2 , -63838.2
0.878152 , -19808 , -65128.1
0.881491 , -21984.5 , -65982.2
0.88483 , -25138 , -66829
0.888169 , -24815.1 , -68019.9
0.891508 , -20899.1 , -69484
0.894847 , -18141.5 , -70768.4
0.898186 , -20740.2 , -71462.5
0.901525 , -27398.7 , -71673.2
0.904864 , -32639.3 , -72126.7
0.908203 , -32717.5 , -73717.5
0.911542 , -29314 , -76768.9
0.914881 , -27147.9 , -80562.2
0.918219 , -28767.9 , -83594.4
0.921558 , -32507.9 , -84524.6
0.924897 , -35235.9 , -83215.8
0.928236 , -35898.5 , -81084.9
0.931575 , -35690.9 , -80359.8
0.934914 , -35489.1 , -82613
0.938253 , -34537 , -87552
0.941592 , -32213.2 , -93012.3
0.944931 , -30208.2 , -96335
0.94827 , -31612.2 , -96296.4
0.951609 , -37387.2 , -94223
0.954948 , -44400.2 , -93352.5
0.958287 , -47820.5 , -96684.9
0.961626 , -45697.3 , -104719
0.964965 , -40869.7 , -114720
0.968304 , -38184.1 , -122207
0.971643 , -40020 , -123823
0.974982 , -44653.1 , -119656
0.978321 , -48594.4 , -113341
0.98166 , -49907.1 , -109761
0.984999 , -49152.2 , -111850
0.988338 , -47827.3 , -118716
0.991677 , -46774.2 , -126388
0.995016 , -46253.5 , -130676
0.998355 , -46795 , -130081
1.00169 , -49052.7 , -126703
1.00503 , -52621.5 , -124533
1.00837 , -55583.9 , -126459
1.01171 , -55932.4 , -132220
1.01505 , -53662.6 , -138791
1.01839 , -51219.1 , -142830
1.02173 , -51574.1 , -143259
1.02507 , -55736.7 , -142004
1.02841 , -62062 , -142359
1.03174 , -67808.2 , -146293
1.03508 , -71207.9 , -152805
1.03842 , -72187.2 , -158617
1.04176 , -71605.4 , -160650
1.0451 , -70322 , -158385
1.04844 , -69072.1 , -154293
1.05178 , -68786.7 , -152029
1.05512 , -70419.4 , -153796
1.05846 , -74142.2 , -158863
1.0618 , -78811.8 , -164285
1.06513 , -82528.8 , -167180
1.06847 , -83984.7 , -166768
1.07181 , -83410.4 , -164679
1.07515 , -82291.5 , -163435
1.07849 , -82195.7 , -164417
1.08183 , -83802.3 , -166942
1.08517 , -86862.3 , -169083
1.08851 , -90836.9 , -169432
1.09185 , -95406.3 , -168321
1.09519 , -100379 , -167498
1.09852 , -105274 , -168561
1.10186 , -109222 , -171469
1.1052 , -111460 , -174363
1.10854 , -112069 , -174882
1.11188 , -112258 , -171955
1.11522 , -113845 , -166679
1.11856 , -118248 , -161613
1.1219 , -125652 , -158997
1.12524 , -134915 , -159224
1.12858 , -144186 , -160643
1.13191 , -151780 , -160800
1.13525 , -156828 , -158180
1.13859 , -159466 , -153259
1.14193 , -160656 , -148210
1.14527 , -161797 , -145562
1.14861 , -164262 , -146754
1.15195 , -168954 , -151421
1.15529 , -175990 , -157707
1.15863 , -184622 , -163246
1.16197 , -193403 , -166201
1.1653 , -200584 , -165907
1.16864 , -204722 , -163014
1.17198 , -205413 , -159209
1.17532 , -203805 , -156645
1.17866 , -202410 , -157181
1.182 , -203958 , -161588
1.18534 , -209792 , -169047
1.18868 , -218884 , -177285
1.19202 , -228334 , -183473
1.19535 , -235132 , -185556
1.19869 , -237897 , -183334
1.20203 , -237327 , -178619
1.20537 , -235221 , -174274
1.20871 , -233140 , -172657
1.21205 , -231835 , -174386
1.21539 , -231602 , -178208
1.21873 , -232750 , -182056
1.22207 , -235474 , -184607
1.22541 , -239347 , -186272
1.22874 , -243235 , -188912
1.23208 , -245983 , -194398
1.23542 , -247280 , -202981
1.23876 , -247809 , -212618
1.2421 , -248498 , -219872
1.24544 , -249659 , -221969
1.24878 , -250883 , -218762
1.25212 , -251679 , -213292
1.25546 , -252049 , -210395
1.2588 , -252340 , -214037
1.26213 , -252635 , -224881
1.26547 , -252482 , -239590
1.26881 , -251348 , -252378
1.27215 , -249279 , -258018
1.27549 , -246996 , -254634
1.27883 , -245322 , -244707
1.28217 , -244606 , -233770
1.28551 , -244740 , -227575
1.28885 , -245557 , -229325
1.29219 , -246884 , -238437
1.29552 , -248043 , -251333
1.29886 , -247535 , -263647
1.3022 , -243736 , -272536
1.30554 , -236348 , -277953
1.30888 , -227145 , -282430
1.31222 , -218892 , -289743
1.31556 , -213122 , -303268
1.3189 , -208860 , -324767
1.32224 , -203794 , -353978
1.32558 , -196931 , -388910
1.32891 , -190106 , -426572
1.33225 , -186638 , -463808
1.33559 , -188303 , -497983
1.33893 , -193655 , -527386
1.34227 , -199476 , -551245
1.34561 , -203932 , -569387
1.34895 , -208235 , -581729
1.35229 , -215132 , -587911
1.35563 , -225909 , -587322
1.35896 , -239047 , -579627
1.3623 , -251821 , -565535
1.36564 , -262833 , -547361
1.36898 , -272519 , -528940
1.37232 , -281061 , -514706
1.37566 , -286223 , -508222
1.379 , -283982 , -510744
1.38234 , -271825 , -520520
1.38568 , -251588 , -533241
1.38902 , -228860 , -543583
1.39235 , -209324 , -547233
1.39569 , -195377 , -542550
1.39903 , -185984 , -531083
1.40237 , -179444 , -516725
1.40571 , -176058 , -503892
1.40905 , -178112 , -495611
1.41239 , -187448 , -492427
1.41573 , -203087 , -492583
1.41907 , -220983 , -493259
1.42241 , -235845 , -492111
1.42574 , -243425 , -488274
1.42908 , -241865 , -482428
1.43242 , -231921 , -476072
1.43576 , -216561 , -470616
1.4391 , -200211 , -466835
1.44244 , -187564 , -464890
1.44578 , -182056 , -464664
1.44912 , -184592 , -466015
1.45246 , -193263 , -468707
1.4558 , -204195 , -472168
1.45913 , -213080 , -475395
1.46247 , -216669 , -477255
1.46581 , -213752 , -477083
1.46915 , -205404 , -475173
1.47249 , -194476 , -472769
1.47583 , -184451 , -471460
1.47917 , -178143 , -472274
1.48251 , -176791 , -475041
1.48585 , -179904 , -478415
1.48919 , -185721 , -480578
1.49252 , -191881 , -480234
1.49586 , -196090 , -477326
1.4992 , -196770 , -473084
1.50254 , -193649 , -469393
1.50588 , -187948 , -467836
1.50922 , -181858 , -468926
1.51256 , -177468 , -471922
1.5159 , -175839 , -475279
1.51924 , -176823 , -477488
1.52257 , -179588 , -477829
1.52591 , -183228 , -476649
1.52925 , -186937 , -475001
1.53259 , -189863 , -473881
1.53593 , -191100 , -473498
1.53927 , -190031 , -473060
1.54261 , -186760 , -471221
1.54595 , -182178 , -466970
1.54929 , -177617 , -460419
1.55263 , -174401 , -452948
1.55596 , -173564 , -446571
1.5593 , -175680 , -442842
1.56264 , -180629 , -441961
1.56598 , -187366 , -442666
1.56932 , -194002 , -443003
1.57266 , -198347 , -441530
1.576 , -198694 , -438218
1.57934 , -194419 , -434461
1.58268 , -186204 , -432193
1.58602 , -175968 , -432664
1.58935 , -166584 , -435654
1.59269 , -161236 , -439629
1.59603 , -162273 , -442720
1.59937 , -169905 , -443909
1.60271 , -181528 , -443624
1.60605 , -192410 , -443394
1.60939 , -197611 , -444781
1.61273 , -194227 , -448303
1.61607 , -182756 , -453056
1.61941 , -166986 , -457265
1.62274 , -152565 , -459389
1.62608 , -144927 , -459055
1.62942 , -147322 , -457220
1.63276 , -159560 , -455495
1.6361 , -177877 , -455132
1.63944 , -196065 , -456346
1.64278 , -207600 , -458400
1.64612 , -208066 , -460284
1.64946 , -196970 , -461444
1.6528 , -178196 , -462016
1.65613 , -158781 , -462469
1.65947 , -146335 , -463028
1.66281 , -146012 , -463441
1.66615 , -158299 , -463327
1.66949 , -178664 , -462801
1.67283 , -199320 , -462786
1.67617 , -212320 , -464574
1.67951 , -212642 , -468832
1.68285 , -200022 , -474800
1.68618 , -178986 , -480411
1.68952 , -157215 , -483496
1.69286 , -142791 , -483327
1.6962 , -141185 , -481404
1.69954 , -153036 , -480725
1.70288 , -173762 , -483853
1.70622 , -195384 , -491000
1.70956 , -209830 , -499533
1.7129 , -212134 , -505424
1.71624 , -202051 , -505838
1.71957 , -183669 , -501197
1.72291 , -163621 , -495245
1.72625 , -148871 , -492902
1.72959 , -144671 , -497174
1.73293 , -152950 , -507088
1.73627 , -171484 , -518018
1.73961 , -194396 , -524321
1.74295 , -214202 , -522692
1.74629 , -224695 , -514216
1.74963 , -223286 , -503873
1.75296 , -211643 , -497792
1.7563 , -194548 , -499883
1.75964 , -177894 , -509758
1.76298 , -166837 , -523058
1.76632 , -164562 , -533903
1.76966 , -171615 , -538034
1.773 , -185801 , -534965
1.77634 , -202870 , -528085
1.77968 , -218056 , -522770
1.78302 , -227919 , -523595
1.78635 , -231471 , -532051
1.78969 , -229968 , -545906
1.79303 , -225653 , -560422
1.79637 , -220466 , -570778
1.79971 , -215532 , -574421
1.80305 , -211448 , -572170
1.80639 , -208747 , -567521
1.80973 , -208044 , -564585
1.81307 , -209897 , -565813
1.81641 , -214744 , -570790
1.81974 , -223038 , -576764
1.82308 , -235282 , -580541
1.82642 , -251618 , -580537
1.82976 , -271079 , -577683
1.8331 , -291096 , -574590
1.83644 , -307769 , -573529
1.83978 , -316948 , -574589
1.84312 , -315568 , -575347
1.84646 , -302687 , -572440
1.84979 , -279917 , -564182
1.85313 , -251272 , -552590
1.85647 , -222439 , -543374
1.85981 , -199485 , -543578
1.86315 , -187228 , -557942
1.86649 , -187953 , -585852
1.86983 , -201192 , -620578
1.87317 , -224698 , -651358
1.87651 , -255827 , -667535
1.87985 , -292237 , -662941
1.88318 , -331505 , -638706
1.88652 , -370363 , -603345
1.88986 , -404708 , -570181
1.8932 , -430713 , -553128
1.89654 , -446171 , -562376
1.89988 , -450799 , -601395
1.90322 , -445180 , -666156
1.90656 , -429429 , -746658
1.9099 , -402994 , -830166
1.91324 , -365919 , -905032
1.91657 , -320340 , -963838
1.91991 , -270666 , -1.00485e+06
1.92325 , -222017 , -1.03137e+06
1.92659 , -178141 , -1.04939e+06
1.92993 , -140425 , -1.06451e+06
1.93327 , -108584 , -1.07944e+06
1.93661 , -82093.7 , -1.09308e+06
1.93995 , -60988.8 , -1.10138e+06
1.94329 , -45499.4 , -1.09945e+06
1.94663 , -35214.9 , -1.08387e+06
1.94996 , -28812.9 , -1.05417e+06
1.9533 , -24667.4 , -1.01283e+06
1.95664 , -21716.7 , -964116
1.95998 , -19777.4 , -912463
1.96332 , -19111.7 , -861181
1.96666 , -19762.8 , -812071
1.97 , -21283.3 , -765813
1.97334 , -22996.1 , -722710
1.97668 , -24421.8 , -683218
1.98002 , -25456.7 , -648010
1.98335 , -26220.9 , -617642
1.98669 , -26811.5 , -592152
1.99003 , -27201 , -570883
1.99337 , -27306.6 , -552642
1.99671 , -27097.8 , -536066
2.00005 , -26631.5 , -520004
2.00339 , -26026 , -503750
2.00673 , -25436.7 , -487110
2.01007 , -25048.4 , -470324
2.0134 , -25044.6 , -453932
2.01674 , -25530.2 , -438565
2.02008 , -26451 , -424720
2.02342 , -27583.9 , -412548
2.02676 , -28626.9 , -401762
2.0301 , -29336.1 , -391730
2.03344 , -29623.5 , -381732
2.03678 , -29559.2 , -371255
2.04012 , -29297.5 , -360171
2.04346 , -28989.2 , -348713
2.04679 , -28733.6 , -337292
2.05013 , -28576.9 , -326268
2.05347 , -28530.1 , -315823
2.05681 , -28579 , -305957
2.06015 , -28687.2 , -296568
2.06349 , -28809.3 , -287540
2.06683 , -28921.3 , -278777
2.07017 , -29045.9 , -270223
2.07351 , -29245.7 , -261874
2.07685 , -29575.4 , -253805
2.08018 , -30025.6 , -246167
2.08352 , -30500.5 , -239124
2.08686 , -30849.3 , -232751
2.0902 , -30933.9 , -226957
2.09354 , -30692 , -221512
2.09688 , -30167.4 , -216162
2.10022 , -29497.1 , -210789
2.10356 , -28865.8 , -205476
2.1069 , -28441.7 , -200448
2.11024 , -28316.7 , -195922
2.11357 , -28473 , -191966
2.11691 , -28794 , -188464
2.12025 , -29113.5 , -185189
2.12359 , -29279 , -181926
2.12693 , -29200.7 , -178559
2.13027 , -28872.7 , -175077
2.13361 , -28368.3 , -171545
2.13695 , -27814.1 , -168055
2.14029 , -27350.3 , -164710
2.14363 , -27081.4 , -161592
2.14696 , -27038.9 , -158727
2.1503 , -27172.1 , -156041
2.15364 , -27372.8 , -153359
2.15698 , -27517.7 , -150474
2.16032 , -27507.3 , -147272
2.16366 , -27292 , -143821
2.167 , -26882.5 , -140347
2.17034 , -26346.5 , -137108
2.17368 , -25786.1 , -134232
2.17701 , -25299.1 , -131636
2.18035 , -24943.4 , -129085
2.18369 , -24726.6 , -126341
2.18703 , -24622.3 , -123305
2.19037 , -24591.4 , -120054
2.19371 , -24586.3 , -116770
2.19705 , -24544.6 , -113621
2.20039 , -24398.5 , -110689
2.20373 , -24110 , -107979
2.20707 , -23709.1 , -105458
2.2104 , -23291.6 , -103085
2.21374 , -22967.4 , -100807
2.21708 , -22796.5 , -98547.3
2.22042 , -22758.8 , -96224.1
2.22376 , -22776.3 , -93804.1
2.2271 , -22758.3 , -91343
2.23044 , -22633.4 , -88963.3
2.23378 , -22359.8 , -86771.2
2.23712 , -21928.8 , -84772.9
2.24046 , -21370.5 , -82865.3
2.24379 , -20754.6 , -80918.4
2.24713 , -20172.2 , -78887.9
2.25047 , -19704.9 , -76865.5
2.25381 , -19399 , -75016.6
2.25715 , -19250.7 , -73453.4
2.26049 , -19197 , -72143.9
2.26383 , -19111.9 , -70934.5
2.26717 , -18829.1 , -69670.3
2.27051 , -18209 , -68315.6
2.27385 , -17227.5 , -66977
2.27718 , -16024 , -65812
2.28052 , -14857.3 , -64898.7
2.28386 , -13990.1 , -64172.3
2.2872 , -13576.5 , -63475.9
2.29054 , -13619.4 , -62673.6
2.29388 , -14001.4 , -61729.6
2.29722 , -14538.1 , -60688.3
2.30056 , -15021.5 , -59578.8
2.3039 , -15257.1 , -58333.9
2.30724 , -15115.2 , -56798.8
2.31057 , -14582.7 , -54830.8
2.31391 , -13772.4 , -52414.2
2.31725 , -12872.3 , -49703.9
2.32059 , -12071.2 , -46967.4
2.32393 , -11515.2 , -44466.5
2.32727 , -11308.8 , -42356.4
2.33061 , -11518.9 , -40654.3
2.33395 , -12144.5 , -39273.1
2.33729 , -13072.9 , -38080.1
2.34062 , -14081.9 , -36944.7
2.34396 , -14915.9 , -35766
2.3473 , -15389.3 , -34493.6
2.35064 , -15444.4 , -33144.4
2.35398 , -15129.8 , -31805.3
2.35732 , -14538.2 , -30606.4
2.36066 , -13756.4 , -29671.8
2.364 , -12845.4 , -29074.7
2.36734 , -11835.4 , -28825.3
2.37068 , -10730.1 , -28888.4
2.37401 , -9539.48 , -29201.7
2.37735 , -8339.13 , -29665.2
2.38069 , -7304.11 , -30107.4
2.38403 , -6655.07 , -30273.1
2.38737 , -6525.5 , -29873.1
2.39071 , -6854.5 , -28694.3
2.39405 , -7416.08 , -26707
2.39739 , -7981.74 , -24095.4
2.40073 , -8480.98 , -21180.2
2.40407 , -9012.62 , -18282.3
2.4074 , -9693.09 , -15619.2
2.41074 , -10481.2 , -13297.6
2.41408 , -11142.4 , -11388.2
2.41742 , -11386.2 , -9999.45
2.42076 , -11059.7 , -9274.96
2.4241 , -10237.5 , -9303.94
2.42744 , -9153.14 , -10017.4
2.43078 , -8045.92 , -11160
2.43412 , -7045.21 , -12372.2
2.43746 , -6158.8 , -13331.4
2.44079 , -5338.14 , -13857.3
2.44413 , -4549.19 , -13917.2
2.44747 , -3798.84 , -13550.1
2.45081 , -3116.36 , -12784.8
2.45415 , -2522.78 , -11623.1
2.45749 , -2018.15 , -10089.9
2.46083 , -1592.6 , -8295.36
2.46417 , -1243.94 , -6439.01
2.46751 , -980.052 , -4743.4
2.47085 , -802.343 , -3362.17
2.47418 , -688.44 , -2330.65
2.47752 , -596.932 , -1589.4
2.48086 , -495.363 , -1052.62
2.4842 , -385.721 , -663.808
2.48754 , -299.669 , -401.799
2.49088 , -264.945 , -249.316
2.49422 , -275.321 , -166.574
2.49756 , -294.4 , -100.089
2.5009 , -288.66 , -17.0599
2.50423 , -255.236 , 71.677
2.50757 , -217.772 , 126.49
2.51091 , -199.107 , 120.745
2.51425 , -201.835 , 71.3579
2.51759 , -213.646 , 28.9255
2.52093 , -224.263 , 35.3667
2.52427 , -231.628 , 87.5516
2.52761 , -234.305 , 140.578
2.53095 , -226.549 , 148.378
2.53429 , -206.298 , 105.18
2.53762 , -184.651 , 50.4357
2.54096 , -179.636 , 32.9791
2.5443 , -196.966 , 67.1031
2.54764 , -220.359 , 120.314
2.55098 , -225.851 , 143.471
2.55432 , -206.221 , 115.55
2.55766 , -178.208 , 62.3311
2.561 , -164.531 , 32.4036
2.56434 , -171.684 , 52.7423
2.56768 , -187.761 , 104.366
2.57101 , -199.118 , 139.928
2.57435 , -203.245 , 126.844
2.57769 , -203.916 , 76.6254
2.58103 , -199.999 , 34.0169
2.58437 , -186.635 , 36.2367
2.58771 , -167.633 , 79.5143
2.59105 , -158.965 , 123.071
2.59439 , -173.012 , 126.461
2.59773 , -200.509 , 86.1066
2.60107 , -215.123 , 38.0679
2.6044 , -200.074 , 25.0074
2.60774 , -167.544 , 57.6761
2.61108 , -147.114 , 105.717
2.61442 , -155.078 , 125.615
2.61776 , -179.238 , 99.9945
2.6211 , -195.276 , 52.6719
2.62444 , -193.432 , 26.3263
2.62778 , -184.039 , 43.6188
2.63112 , -178.95 , 87.1408
2.63446 , -175.894 , 115.949
2.63779 , -166.245 , 103.077
2.64113 , -153.383 , 59.7383
2.64447 , -153.507 , 24.5725
2.64781 , -174.411 , 28.2712
2.65115 , -199.49 , 66.0211
2.65449 , -201.268 , 102.547
2.65783 , -172.161 , 104.601
2.66117 , -136.124 , 70.9801
2.66451 , -125.267 , 32.9179
2.66784 , -146.912 , 25.0299
2.67118 , -178.102 , 53.7058
2.67452 , -191.949 , 91.7208
2.67786 , -183.844 , 103.56
2.6812 , -169.198 , 77.953
2.68454 , -160.959 , 37.9035
2.68788 , -157.424 , 19.3711
2.69122 , -152.728 , 38.4139
2.69456 , -150.65 , 76.8282
2.6979 , -159.753 , 99.117
2.70123 , -176.495 , 84.9572
2.70457 , -182.48 , 47.4443
2.70791 , -164.504 , 20.7111
2.71125 , -133.93 , 28.5853
2.71459 , -118.722 , 63.045
2.71793 , -134.079 , 91.9433
2.72127 , -165.317 , 88.5786
2.72461 , -183.442 , 55.9003
2.72795 , -175.305 , 23.3829
2.73129 , -153.971 , 19.7937
2.73462 , -140.324 , 47.0138
2.73796 , -140.862 , 78.7826
2.7413 , -147.139 , 85.1764
2.74464 , -152.046 , 60.0993
2.74798 , -158.04 , 26.5761
2.75132 , -167.458 , 15.2433
2.75466 , -172.103 , 36.0531
2.758 , -160.479 , 69.2535
2.76134 , -135.046 , 83.7945
2.76468 , -115.163 , 66.0426
2.76801 , -118.201 , 32.3042
2.77135 , -140.266 , 13.6817
2.77469 , -160.265 , 27.2953
2.77803 , -162.645 , 60.4214
2.78137 , -151.565 , 82.1641
2.78471 , -141.443 , 71.9145
2.78805 , -138.846 , 38.4087
2.79139 , -139.163 , 11.8318
2.79473 , -138.809 , 16.1859
2.79807 , -142.344 , 47.2805
2.8014 , -153.076 , 76.5529
2.80474 , -161.842 , 77.2276
2.80808 , -153.803 , 48.8225
2.81142 , -128.322 , 17.5219
2.81476 , -105.663 , 12.0758
2.8181 , -107.759 , 37.34
2.82144 , -133.472 , 69.744
2.82478 , -158.38 , 78.8689
2.82812 , -160.529 , 55.3645
2.83145 , -142.251 , 19.6083
2.83479 , -123.757 , 3.15622
2.83813 , -119.187 , 19.9737
2.84147 , -125.133 , 53.8038
2.84481 , -131.991 , 73.2167
2.84815 , -138.243 , 60.492
2.85149 , -147.33 , 27.8005
2.85483 , -154.688 , 5.83664
2.85817 , -148.042 , 15.3791
2.86151 , -124.593 , 47.974
2.86484 , -101.457 , 73.5731
2.86818 , -100.624 , 68.1702
2.87152 , -123.388 , 36.0227
2.87486 , -146.515 , 5.93774
2.8782 , -147.445 , 4.90874
2.88154 , -128.966 , 33.2774
2.88488 , -113.492 , 64.3154
2.88822 , -115.235 , 68.7526
2.89156 , -125.853 , 41.8007
2.8949 , -129.988 , 7.78946
2.89823 , -127.229 , -2.01305
2.90157 , -129.815 , 21.8351
2.90491 , -140.402 , 58.0249
2.90825 , -143.26 , 73.7618
2.91159 , -124.588 , 54.7066
2.91493 , -95.8728 , 18.1598
2.91827 , -86.0551 , -2.70682
2.92161 , -107.839 , 10.7674
2.92495 , -139.82 , 45.5743
2.92829 , -149.224 , 68.9337
2.93162 , -129.061 , 58.448
2.93496 , -104.255 , 22.8688
2.9383 , -100.116 , -5.69216
2.94164 , -113.764 , -1.12026
2.94498 , -123.517 , 32.6447
2.94832 , -120.525 , 65.0138
2.95166 , -118.59 , 66.6543
2.955 , -129.712 , 36.3768
2.95834 , -141.344 , 2.26819
2.96168 , -130.248 , -4.12065
2.96501 , -97.0282 , 23.0824
2.96835 , -73.3899 , 58.4437
2.97169 , -86.9607 , 68.4917
2.97503 , -125.536 , 42.6658
2.97837 , -147.84 , 3.4582
2.98171 , -130.748 , -13.8341
2.98505 , -95.7048 , 6.57963
2.98839 , -81.8414 , 46.2306
2.99173 , -99.816 , 68.9627
2.99506 , -123.426 , 53.9198
2.9984 , -126.373 , 14.8001
3.00174 , -114.224 , -12.4411
3.00508 , -110.951 , -2.44609
3.00842 , -121.616 , 36.1096
3.01176 , -124.208 , 68.098
3.0151 , -102.686 , 63.8633
3.01844 , -75.1709 , 26.4333
3.02178 , -75.4483 , -10.9531
3.02512 , -108.562 , -14.9583
3.02845 , -139.19 , 17.4829
3.03179 , -131.778 , 56.3229
3.03513 , -93.9555 , 65.8257
3.03847 , -68.0756 , 37.2725
3.04181 , -80.6688 , -3.00301
3.04515 , -112.829 , -17.7307
3.04849 , -127.175 , 7.01905
3.05183 , -114.615 , 48.8409
3.05517 , -100.749 , 69.3613
3.05851 , -106.738 , 49.4581
3.06184 , -119.371 , 7.03202
3.06518 , -110.99 , -19.1632
3.06852 , -81.5386 , -5.03506
3.07186 , -64.0215 , 36.5093
3.0752 , -83.076 , 67.084
3.07854 , -120.178 , 57.9311
3.08188 , -132.866 , 16.5466
3.08522 , -105.886 , -19.7553
3.08856 , -69.9411 , -17.7691
3.0919 , -64.4167 , 21.0689
3.09523 , -91.3473 , 61.6187
3.09857 , -117.312 , 66.8961
3.10191 , -117.173 , 31.9191
3.10525 , -101.599 , -11.4905
3.10859 , -95.702 , -23.6209
3.11193 , -102.22 , 6.72345
3.11527 , -100.729 , 51.6618
3.11861 , -82.0072 , 69.463
3.12195 , -66.8722 , 42.7642
3.12529 , -79.9303 , -5.14826
3.12862 , -112.348 , -31.1503
3.13196 , -126.502 , -11.4922
3.1353 , -101.349 , 36.3149
3.13864 , -61.3367 , 69.1235
3.14198 , -49.6434 , 57.3158
3.14532 , -77.4007 , 11.8794
3.14866 , -112.074 , -25.4566
3.152 , -118.487 , -20.2695
3.15534 , -99.4119 , 22.948
3.15868 , -85.5265 , 64.6126
3.16201 , -91.7945 , 66.0895
3.16535 , -99.7243 , 25.1926
3.16869 , -87.5933 , -21.3927
3.17203 , -65.0129 , -31.2995
3.17537 , -62.585 , 4.77877
3.17871 , -89.1882 , 54.216
3.18205 , -115.197 , 71.8682
3.18539 , -107.213 , 41.2389
3.18873 , -71.1426 , -10.1413
3.19206 , -47.2325 , -35.436
3.1954 , -61.8293 , -11.1225
3.19874 , -96.5234 , 41.2516
3.20208 , -112.77 , 74.2349
3.20542 , -98.8456 , 57.4535
3.20876 , -79.261 , 5.42206
3.2121 , -78.1207 , -35.2858
3.21544 , -87.9367 , -28.1374
3.21878 , -84.9792 , 20.1137
3.22212 , -67.2857 , 65.3629
3.22545 , -60.497 , 66.1171
3.22879 , -81.558 , 21.3103
3.23213 , -109.994 , -28.474
3.23547 , -109.132 , -37.7089
3.23881 , -73.1515 , 2.62637
3.24215 , -38.6534 , 56.5546
3.24549 , -42.9013 , 75.4852
3.24883 , -79.7382 , 42.246
3.25217 , -108.248 , -13.2154
3.25551 , -102.4 , -40.8628
3.25884 , -78.7796 , -15.9392
3.26218 , -69.8472 , 38.5035
3.26552 , -80.9493 , 72.4887
3.26886 , -87.7009 , 54.5679
3.2722 , -74.0738 , 0.56889
3.27554 , -56.9591 , -40.6067
3.27888 , -62.7438 , -31.3951
3.28222 , -87.9949 , 20.1152
3.28556 , -99.5229 , 67.2728
3.2889 , -76.9022 , 67.1247
3.29223 , -42.2269 , 19.5599
3.29557 , -36.0147 , -32.3216
3.29891 , -67.7272 , -41.182
3.30225 , -103.415 , 1.46744
3.30559 , -106.344 , 57.2356
3.30893 , -79.3815 , 75.4003
3.31227 , -57.1155 , 38.903
3.31561 , -60.8917 , -19.9103
3.31895 , -75.7089 , -48.2571
3.32229 , -76.0118 , -20.5592
3.32562 , -62.3324 , 38.3285
3.32896 , -58.7251 , 75.4305
3.3323 , -75.9793 , 57.4502
3.33564 , -92.6017 , 0.865223
