0 1
1e+06 2.98791e+06
2e+06 1.48893e+06
3e+06 989261
4e+06 739418
5e+06 589506
6e+06 489560
7e+06 418165
8e+06 364616
9e+06 322964
1e+07 289639
1.1e+07 262371
1.2e+07 239645
1.3e+07 220414
1.4e+07 203928
1.5e+07 189639
1.6e+07 177134
1.7e+07 166099
1.8e+07 156290
1.9e+07 147511
2e+07 139610
2.1e+07 132460
2.2e+07 125959
2.3e+07 120023
2.4e+07 114581
2.5e+07 109573
2.6e+07 104950
2.7e+07 100669
2.8e+07 96692.9
2.9e+07 92990.8
3e+07 89535
3.1e+07 86301.8
3.2e+07 83270.2
3.3e+07 80422.1
3.4e+07 77741.2
3.5e+07 75213.2
3.6e+07 72825.4
3.7e+07 70566.5
3.8e+07 68426.2
3.9e+07 66395.6
4e+07 64466.3
4.1e+07 62630.9
4.2e+07 60882.9
4.3e+07 59216
4.4e+07 57624.9
4.5e+07 56104.4
4.6e+07 54649.9
4.7e+07 53257.4
4.8e+07 51922.8
4.9e+07 50642.7
5e+07 49413.8
5.1e+07 48233.1
5.2e+07 47097.8
5.3e+07 46005.5
5.4e+07 44953.6
5.5e+07 43940.1
5.6e+07 42962.8
5.7e+07 42019.9
5.8e+07 41109.6
5.9e+07 40230.3
6e+07 39380.4
6.1e+07 38558.5
6.2e+07 37763.2
6.3e+07 36993.3
6.4e+07 36247.6
6.5e+07 35525
6.6e+07 34824.5
6.7e+07 34145
6.8e+07 33485.7
6.9e+07 32845.7
7e+07 32224.1
7.1e+07 31620.2
7.2e+07 31033.3
7.3e+07 30462.7
7.4e+07 29907.7
7.5e+07 29367.7
7.6e+07 28842.1
7.7e+07 28330.3
7.8e+07 27831.9
7.9e+07 27346.4
8e+07 26873.2
8.1e+07 26411.9
8.2e+07 25962.1
8.3e+07 25523.4
8.4e+07 25095.3
8.5e+07 24677.6
8.6e+07 24269.8
8.7e+07 23871.6
8.8e+07 23482.8
8.9e+07 23102.9
9e+07 22731.7
9.1e+07 22368.9
9.2e+07 22014.2
9.3e+07 21667.5
9.4e+07 21328.4
9.5e+07 20996.6
9.6e+07 20672.1
9.7e+07 20354.5
9.8e+07 20043.6
9.9e+07 19739.3
1e+08 19441.3
1.01e+08 19149.5
1.02e+08 18863.7
1.03e+08 18583.8
1.04e+08 18309.4
1.05e+08 18040.6
1.06e+08 17777.1
1.07e+08 17518.8
1.08e+08 17265.5
1.09e+08 17017.2
1.1e+08 16773.7
1.11e+08 16534.8
1.12e+08 16300.4
1.13e+08 16070.5
1.14e+08 15844.9
1.15e+08 15623.5
1.16e+08 15406.2
1.17e+08 15192.8
1.18e+08 14983.4
1.19e+08 14777.7
1.2e+08 14575.8
1.21e+08 14377.4
1.22e+08 14182.6
1.23e+08 13991.2
1.24e+08 13803.2
1.25e+08 13618.4
1.26e+08 13436.9
1.27e+08 13258.5
1.28e+08 13083.1
1.29e+08 12910.7
1.3e+08 12741.3
1.31e+08 12574.7
1.32e+08 12410.8
1.33e+08 12249.8
1.34e+08 12091.4
1.35e+08 11935.6
1.36e+08 11782.3
1.37e+08 11631.6
1.38e+08 11483.3
1.39e+08 11337.3
1.4e+08 11193.8
1.41e+08 11052.5
1.42e+08 10913.5
1.43e+08 10776.7
1.44e+08 10642
1.45e+08 10509.5
1.46e+08 10379
1.47e+08 10250.5
1.48e+08 10124.1
1.49e+08 9999.53
1.5e+08 9876.92
1.51e+08 9756.18
1.52e+08 9637.28
1.53e+08 9520.17
1.54e+08 9404.83
1.55e+08 9291.23
1.56e+08 9179.32
1.57e+08 9069.07
1.58e+08 8960.46
1.59e+08 8853.46
1.6e+08 8748.03
1.61e+08 8644.14
1.62e+08 8541.77
1.63e+08 8440.89
1.64e+08 8341.48
1.65e+08 8243.49
1.66e+08 8146.92
1.67e+08 8051.73
1.68e+08 7957.9
1.69e+08 7865.4
1.7e+08 7774.22
1.71e+08 7684.32
1.72e+08 7595.7
1.73e+08 7508.31
1.74e+08 7422.15
1.75e+08 7337.19
1.76e+08 7253.4
1.77e+08 7170.78
1.78e+08 7089.3
1.79e+08 7008.94
1.8e+08 6929.69
1.81e+08 6851.52
1.82e+08 6774.41
1.83e+08 6698.35
1.84e+08 6623.32
1.85e+08 6549.31
1.86e+08 6476.29
1.87e+08 6404.25
1.88e+08 6333.18
1.89e+08 6263.06
1.9e+08 6193.87
1.91e+08 6125.6
1.92e+08 6058.23
1.93e+08 5991.75
1.94e+08 5926.15
1.95e+08 5861.41
1.96e+08 5797.51
1.97e+08 5734.45
1.98e+08 5672.21
1.99e+08 5610.79
2e+08 5550.15
2.01e+08 5490.3
2.02e+08 5431.22
2.03e+08 5372.9
2.04e+08 5315.33
2.05e+08 5258.5
2.06e+08 5202.39
2.07e+08 5146.99
2.08e+08 5092.3
2.09e+08 5038.3
2.1e+08 4984.98
2.11e+08 4932.34
2.12e+08 4880.35
2.13e+08 4829.02
2.14e+08 4778.33
2.15e+08 4728.28
2.16e+08 4678.85
2.17e+08 4630.03
2.18e+08 4581.81
2.19e+08 4534.2
2.2e+08 4487.17
2.21e+08 4440.72
2.22e+08 4394.84
2.23e+08 4349.53
2.24e+08 4304.77
2.25e+08 4260.55
2.26e+08 4216.88
2.27e+08 4173.73
2.28e+08 4131.11
2.29e+08 4089.01
2.3e+08 4047.41
2.31e+08 4006.31
2.32e+08 3965.71
2.33e+08 3925.6
2.34e+08 3885.97
2.35e+08 3846.81
2.36e+08 3808.12
2.37e+08 3769.89
2.38e+08 3732.11
2.39e+08 3694.78
2.4e+08 3657.89
2.41e+08 3621.44
2.42e+08 3585.42
2.43e+08 3549.82
2.44e+08 3514.64
2.45e+08 3479.88
2.46e+08 3445.52
2.47e+08 3411.56
2.48e+08 3377.99
2.49e+08 3344.82
2.5e+08 3312.03
2.51e+08 3279.62
2.52e+08 3247.59
2.53e+08 3215.93
2.54e+08 3184.63
2.55e+08 3153.69
2.56e+08 3123.11
2.57e+08 3092.87
2.58e+08 3062.99
2.59e+08 3033.44
2.6e+08 3004.23
2.61e+08 2975.36
2.62e+08 2946.81
2.63e+08 2918.58
2.64e+08 2890.68
2.65e+08 2863.09
2.66e+08 2835.81
2.67e+08 2808.83
2.68e+08 2782.17
2.69e+08 2755.8
2.7e+08 2729.72
2.71e+08 2703.94
2.72e+08 2678.44
2.73e+08 2653.23
2.74e+08 2628.3
2.75e+08 2603.64
2.76e+08 2579.26
2.77e+08 2555.15
2.78e+08 2531.31
2.79e+08 2507.72
2.8e+08 2484.4
2.81e+08 2461.34
2.82e+08 2438.52
2.83e+08 2415.96
2.84e+08 2393.64
2.85e+08 2371.57
2.86e+08 2349.74
2.87e+08 2328.14
2.88e+08 2306.78
2.89e+08 2285.65
2.9e+08 2264.75
2.91e+08 2244.08
2.92e+08 2223.63
2.93e+08 2203.4
2.94e+08 2183.38
2.95e+08 2163.59
2.96e+08 2144
2.97e+08 2124.62
2.98e+08 2105.45
2.99e+08 2086.49
3e+08 2067.73
3.01e+08 2049.16
3.02e+08 2030.8
3.03e+08 2012.63
3.04e+08 1994.65
3.05e+08 1976.86
3.06e+08 1959.26
3.07e+08 1941.84
3.08e+08 1924.61
3.09e+08 1907.56
3.1e+08 1890.69
3.11e+08 1873.99
3.12e+08 1857.47
3.13e+08 1841.12
3.14e+08 1824.94
3.15e+08 1808.93
3.16e+08 1793.09
3.17e+08 1777.41
3.18e+08 1761.89
3.19e+08 1746.54
3.2e+08 1731.34
3.21e+08 1716.3
3.22e+08 1701.41
3.23e+08 1686.68
3.24e+08 1672.1
3.25e+08 1657.66
3.26e+08 1643.38
3.27e+08 1629.24
3.28e+08 1615.24
3.29e+08 1601.39
3.3e+08 1587.68
3.31e+08 1574.11
3.32e+08 1560.67
3.33e+08 1547.37
3.34e+08 1534.21
3.35e+08 1521.18
3.36e+08 1508.28
3.37e+08 1495.51
3.38e+08 1482.87
3.39e+08 1470.35
3.4e+08 1457.96
3.41e+08 1445.7
3.42e+08 1433.55
3.43e+08 1421.53
3.44e+08 1409.63
3.45e+08 1397.85
3.46e+08 1386.18
3.47e+08 1374.63
3.48e+08 1363.19
3.49e+08 1351.87
3.5e+08 1340.65
3.51e+08 1329.55
3.52e+08 1318.56
3.53e+08 1307.68
3.54e+08 1296.9
3.55e+08 1286.23
3.56e+08 1275.66
3.57e+08 1265.2
3.58e+08 1254.84
3.59e+08 1244.57
3.6e+08 1234.41
3.61e+08 1224.35
3.62e+08 1214.39
3.63e+08 1204.52
3.64e+08 1194.75
3.65e+08 1185.07
3.66e+08 1175.48
3.67e+08 1165.99
3.68e+08 1156.59
3.69e+08 1147.28
3.7e+08 1138.05
3.71e+08 1128.92
3.72e+08 1119.87
3.73e+08 1110.92
3.74e+08 1102.04
3.75e+08 1093.25
3.76e+08 1084.54
3.77e+08 1075.92
3.78e+08 1067.38
3.79e+08 1058.92
3.8e+08 1050.54
3.81e+08 1042.24
3.82e+08 1034.01
3.83e+08 1025.87
3.84e+08 1017.8
3.85e+08 1009.8
3.86e+08 1001.88
3.87e+08 994.038
3.88e+08 986.266
3.89e+08 978.567
3.9e+08 970.94
3.91e+08 963.384
3.92e+08 955.898
3.93e+08 948.481
3.94e+08 941.134
3.95e+08 933.854
3.96e+08 926.641
3.97e+08 919.495
3.98e+08 912.415
3.99e+08 905.4
4e+08 898.45
4.01e+08 891.563
4.02e+08 884.74
4.03e+08 877.979
4.04e+08 871.279
4.05e+08 864.641
4.06e+08 858.063
4.07e+08 851.546
4.08e+08 845.087
4.09e+08 838.687
4.1e+08 832.345
4.11e+08 826.061
4.12e+08 819.833
4.13e+08 813.661
4.14e+08 807.546
4.15e+08 801.485
4.16e+08 795.478
4.17e+08 789.526
4.18e+08 783.627
4.19e+08 777.781
4.2e+08 771.986
4.21e+08 766.244
4.22e+08 760.553
4.23e+08 754.913
4.24e+08 749.322
4.25e+08 743.782
4.26e+08 738.29
4.27e+08 732.847
4.28e+08 727.452
4.29e+08 722.105
4.3e+08 716.805
4.31e+08 711.552
4.32e+08 706.344
4.33e+08 701.183
4.34e+08 696.067
4.35e+08 690.995
4.36e+08 685.968
4.37e+08 680.985
4.38e+08 676.045
4.39e+08 671.149
4.4e+08 666.295
4.41e+08 661.483
4.42e+08 656.713
4.43e+08 651.984
4.44e+08 647.296
4.45e+08 642.648
4.46e+08 638.041
4.47e+08 633.473
4.48e+08 628.945
4.49e+08 624.456
4.5e+08 620.005
4.51e+08 615.592
4.52e+08 611.217
4.53e+08 606.879
4.54e+08 602.579
4.55e+08 598.315
4.56e+08 594.087
4.57e+08 589.895
4.58e+08 585.739
4.59e+08 581.618
4.6e+08 577.532
4.61e+08 573.481
4.62e+08 569.464
4.63e+08 565.48
4.64e+08 561.53
4.65e+08 557.614
4.66e+08 553.73
4.67e+08 549.879
4.68e+08 546.06
4.69e+08 542.273
4.7e+08 538.518
4.71e+08 534.794
4.72e+08 531.101
4.73e+08 527.439
4.74e+08 523.807
4.75e+08 520.205
4.76e+08 516.634
4.77e+08 513.091
4.78e+08 509.578
4.79e+08 506.094
4.8e+08 502.639
4.81e+08 499.212
4.82e+08 495.814
4.83e+08 492.443
4.84e+08 489.1
4.85e+08 485.784
4.86e+08 482.496
4.87e+08 479.234
4.88e+08 475.999
4.89e+08 472.79
4.9e+08 469.608
4.91e+08 466.451
4.92e+08 463.32
4.93e+08 460.214
4.94e+08 457.134
4.95e+08 454.078
4.96e+08 451.047
4.97e+08 448.04
4.98e+08 445.058
4.99e+08 442.099
5e+08 439.165
5.01e+08 436.254
5.02e+08 433.366
5.03e+08 430.501
5.04e+08 427.659
5.05e+08 424.84
5.06e+08 422.043
5.07e+08 419.269
5.08e+08 416.517
5.09e+08 413.786
5.1e+08 411.077
5.11e+08 408.39
5.12e+08 405.724
5.13e+08 403.078
5.14e+08 400.454
5.15e+08 397.851
5.16e+08 395.268
5.17e+08 392.705
5.18e+08 390.162
5.19e+08 387.639
5.2e+08 385.136
5.21e+08 382.653
5.22e+08 380.189
5.23e+08 377.744
5.24e+08 375.318
5.25e+08 372.911
5.26e+08 370.523
5.27e+08 368.153
5.28e+08 365.801
5.29e+08 363.468
5.3e+08 361.153
5.31e+08 358.856
5.32e+08 356.576
5.33e+08 354.314
5.34e+08 352.069
5.35e+08 349.842
5.36e+08 347.631
5.37e+08 345.438
5.38e+08 343.261
5.39e+08 341.101
5.4e+08 338.958
5.41e+08 336.83
5.42e+08 334.719
5.43e+08 332.624
5.44e+08 330.545
5.45e+08 328.482
5.46e+08 326.434
5.47e+08 324.402
5.48e+08 322.385
5.49e+08 320.384
5.5e+08 318.397
5.51e+08 316.425
5.52e+08 314.469
5.53e+08 312.526
5.54e+08 310.599
5.55e+08 308.686
5.56e+08 306.787
5.57e+08 304.902
5.58e+08 303.032
5.59e+08 301.175
5.6e+08 299.332
5.61e+08 297.503
5.62e+08 295.687
5.63e+08 293.885
5.64e+08 292.096
5.65e+08 290.321
5.66e+08 288.558
5.67e+08 286.809
5.68e+08 285.072
5.69e+08 283.349
5.7e+08 281.638
5.71e+08 279.939
5.72e+08 278.253
5.73e+08 276.579
5.74e+08 274.918
5.75e+08 273.268
5.76e+08 271.631
5.77e+08 270.005
5.78e+08 268.392
5.79e+08 266.79
5.8e+08 265.2
5.81e+08 263.621
5.82e+08 262.054
5.83e+08 260.498
5.84e+08 258.953
5.85e+08 257.419
5.86e+08 255.897
5.87e+08 254.385
5.88e+08 252.885
5.89e+08 251.395
5.9e+08 249.915
5.91e+08 248.447
5.92e+08 246.989
5.93e+08 245.541
5.94e+08 244.103
5.95e+08 242.676
5.96e+08 241.259
5.97e+08 239.852
5.98e+08 238.455
5.99e+08 237.068
6e+08 235.691
6.01e+08 234.324
6.02e+08 232.966
6.03e+08 231.618
6.04e+08 230.279
6.05e+08 228.95
6.06e+08 227.63
6.07e+08 226.319
6.08e+08 225.018
6.09e+08 223.725
6.1e+08 222.442
6.11e+08 221.168
6.12e+08 219.902
6.13e+08 218.646
6.14e+08 217.398
6.15e+08 216.159
6.16e+08 214.928
6.17e+08 213.706
6.18e+08 212.492
6.19e+08 211.287
6.2e+08 210.091
6.21e+08 208.902
6.22e+08 207.722
6.23e+08 206.549
6.24e+08 205.385
6.25e+08 204.229
6.26e+08 203.081
6.27e+08 201.941
6.28e+08 200.808
6.29e+08 199.683
6.3e+08 198.566
6.31e+08 197.457
6.32e+08 196.355
6.33e+08 195.261
6.34e+08 194.174
6.35e+08 193.094
6.36e+08 192.022
6.37e+08 190.957
6.38e+08 189.899
6.39e+08 188.848
6.4e+08 187.805
6.41e+08 186.769
6.42e+08 185.739
6.43e+08 184.716
6.44e+08 183.701
6.45e+08 182.692
6.46e+08 181.69
6.47e+08 180.694
6.48e+08 179.706
6.49e+08 178.724
6.5e+08 177.748
6.51e+08 176.779
6.52e+08 175.816
6.53e+08 174.86
6.54e+08 173.91
6.55e+08 172.967
6.56e+08 172.03
6.57e+08 171.099
6.58e+08 170.174
6.59e+08 169.255
6.6e+08 168.342
6.61e+08 167.435
6.62e+08 166.535
6.63e+08 165.64
6.64e+08 164.751
6.65e+08 163.868
6.66e+08 162.991
6.67e+08 162.119
6.68e+08 161.253
6.69e+08 160.393
6.7e+08 159.538
6.71e+08 158.689
6.72e+08 157.846
6.73e+08 157.008
6.74e+08 156.175
6.75e+08 155.348
6.76e+08 154.526
6.77e+08 153.71
6.78e+08 152.898
6.79e+08 152.092
6.8e+08 151.292
6.81e+08 150.496
6.82e+08 149.705
6.83e+08 148.92
6.84e+08 148.14
6.85e+08 147.364
6.86e+08 146.594
6.87e+08 145.828
6.88e+08 145.068
6.89e+08 144.312
6.9e+08 143.561
6.91e+08 142.815
6.92e+08 142.073
6.93e+08 141.337
6.94e+08 140.605
6.95e+08 139.877
6.96e+08 139.155
6.97e+08 138.437
6.98e+08 137.723
6.99e+08 137.014
7e+08 136.309
7.01e+08 135.609
7.02e+08 134.913
7.03e+08 134.222
7.04e+08 133.535
7.05e+08 132.852
7.06e+08 132.173
7.07e+08 131.499
7.08e+08 130.829
7.09e+08 130.163
7.1e+08 129.501
7.11e+08 128.844
7.12e+08 128.19
7.13e+08 127.541
7.14e+08 126.895
7.15e+08 126.254
7.16e+08 125.617
7.17e+08 124.983
7.18e+08 124.354
7.19e+08 123.728
7.2e+08 123.106
7.21e+08 122.488
7.22e+08 121.874
7.23e+08 121.264
7.24e+08 120.657
7.25e+08 120.054
7.26e+08 119.455
7.27e+08 118.859
7.28e+08 118.267
7.29e+08 117.679
7.3e+08 117.094
7.31e+08 116.513
7.32e+08 115.935
7.33e+08 115.361
7.34e+08 114.791
7.35e+08 114.223
7.36e+08 113.66
7.37e+08 113.099
7.38e+08 112.543
7.39e+08 111.989
7.4e+08 111.439
7.41e+08 110.892
7.42e+08 110.348
7.43e+08 109.808
7.44e+08 109.271
7.45e+08 108.737
7.46e+08 108.206
7.47e+08 107.679
7.48e+08 107.154
7.49e+08 106.633
7.5e+08 106.115
7.51e+08 105.6
7.52e+08 105.088
7.53e+08 104.579
7.54e+08 104.074
7.55e+08 103.571
7.56e+08 103.071
7.57e+08 102.574
7.58e+08 102.08
7.59e+08 101.589
7.6e+08 101.101
7.61e+08 100.616
7.62e+08 100.133
7.63e+08 99.6537
7.64e+08 99.1769
7.65e+08 98.703
7.66e+08 98.2318
7.67e+08 97.7635
7.68e+08 97.2978
7.69e+08 96.8349
7.7e+08 96.3747
7.71e+08 95.9172
7.72e+08 95.4623
7.73e+08 95.0101
7.74e+08 94.5605
7.75e+08 94.1136
7.76e+08 93.6692
7.77e+08 93.2274
7.78e+08 92.7882
7.79e+08 92.3515
7.8e+08 91.9174
7.81e+08 91.4857
7.82e+08 91.0566
7.83e+08 90.6299
7.84e+08 90.2057
7.85e+08 89.7839
7.86e+08 89.3645
7.87e+08 88.9476
7.88e+08 88.533
7.89e+08 88.1208
7.9e+08 87.711
7.91e+08 87.3035
7.92e+08 86.8984
7.93e+08 86.4955
7.94e+08 86.095
7.95e+08 85.6967
7.96e+08 85.3007
7.97e+08 84.907
7.98e+08 84.5155
7.99e+08 84.1262
8e+08 83.7391
8.01e+08 83.3542
8.02e+08 82.9715
8.03e+08 82.5909
8.04e+08 82.2125
8.05e+08 81.8363
8.06e+08 81.4621
8.07e+08 81.0901
8.08e+08 80.7201
8.09e+08 80.3522
8.1e+08 79.9864
8.11e+08 79.6226
8.12e+08 79.2609
8.13e+08 78.9012
8.14e+08 78.5435
8.15e+08 78.1877
8.16e+08 77.834
8.17e+08 77.4823
8.18e+08 77.1325
8.19e+08 76.7846
8.2e+08 76.4387
8.21e+08 76.0947
8.22e+08 75.7526
8.23e+08 75.4124
8.24e+08 75.074
8.25e+08 74.7376
8.26e+08 74.403
8.27e+08 74.0702
8.28e+08 73.7393
8.29e+08 73.4102
8.3e+08 73.0829
8.31e+08 72.7574
8.32e+08 72.4336
8.33e+08 72.1117
8.34e+08 71.7915
8.35e+08 71.4731
8.36e+08 71.1564
8.37e+08 70.8414
8.38e+08 70.5282
8.39e+08 70.2167
8.4e+08 69.9068
8.41e+08 69.5986
8.42e+08 69.2922
8.43e+08 68.9873
8.44e+08 68.6842
8.45e+08 68.3826
8.46e+08 68.0827
8.47e+08 67.7844
8.48e+08 67.4878
8.49e+08 67.1927
8.5e+08 66.8992
8.51e+08 66.6073
8.52e+08 66.317
8.53e+08 66.0282
8.54e+08 65.741
8.55e+08 65.4553
8.56e+08 65.1711
8.57e+08 64.8885
8.58e+08 64.6074
8.59e+08 64.3278
8.6e+08 64.0496
8.61e+08 63.773
8.62e+08 63.4978
8.63e+08 63.2241
8.64e+08 62.9518
8.65e+08 62.681
8.66e+08 62.4116
8.67e+08 62.1437
8.68e+08 61.8771
8.69e+08 61.612
8.7e+08 61.3483
8.71e+08 61.086
8.72e+08 60.825
8.73e+08 60.5654
8.74e+08 60.3072
8.75e+08 60.0504
8.76e+08 59.7949
8.77e+08 59.5407
8.78e+08 59.2879
8.79e+08 59.0364
8.8e+08 58.7862
8.81e+08 58.5373
8.82e+08 58.2897
8.83e+08 58.0434
8.84e+08 57.7984
8.85e+08 57.5547
8.86e+08 57.3122
8.87e+08 57.071
8.88e+08 56.831
8.89e+08 56.5923
8.9e+08 56.3549
8.91e+08 56.1186
8.92e+08 55.8836
8.93e+08 55.6498
8.94e+08 55.4172
8.95e+08 55.1858
8.96e+08 54.9556
8.97e+08 54.7265
8.98e+08 54.4987
8.99e+08 54.272
9e+08 54.0465
9.01e+08 53.8222
9.02e+08 53.5989
9.03e+08 53.3769
9.04e+08 53.1559
9.05e+08 52.9361
9.06e+08 52.7175
9.07e+08 52.4999
9.08e+08 52.2834
9.09e+08 52.0681
9.1e+08 51.8538
9.11e+08 51.6406
9.12e+08 51.4286
9.13e+08 51.2175
9.14e+08 51.0076
9.15e+08 50.7987
9.16e+08 50.5909
9.17e+08 50.3841
9.18e+08 50.1784
9.19e+08 49.9737
9.2e+08 49.77
9.21e+08 49.5673
9.22e+08 49.3657
9.23e+08 49.1651
9.24e+08 48.9655
9.25e+08 48.7669
9.26e+08 48.5693
9.27e+08 48.3727
9.28e+08 48.177
9.29e+08 47.9824
9.3e+08 47.7887
9.31e+08 47.5959
9.32e+08 47.4042
9.33e+08 47.2134
9.34e+08 47.0235
9.35e+08 46.8346
9.36e+08 46.6466
9.37e+08 46.4595
9.38e+08 46.2734
9.39e+08 46.0882
9.4e+08 45.9039
9.41e+08 45.7205
9.42e+08 45.5381
9.43e+08 45.3565
9.44e+08 45.1758
9.45e+08 44.996
9.46e+08 44.8171
9.47e+08 44.6391
9.48e+08 44.4619
9.49e+08 44.2856
9.5e+08 44.1102
9.51e+08 43.9356
9.52e+08 43.7619
9.53e+08 43.5891
9.54e+08 43.4171
9.55e+08 43.2459
9.56e+08 43.0755
9.57e+08 42.906
9.58e+08 42.7373
9.59e+08 42.5694
9.6e+08 42.4024
9.61e+08 42.2361
9.62e+08 42.0707
9.63e+08 41.9061
9.64e+08 41.7422
9.65e+08 41.5792
9.66e+08 41.4169
9.67e+08 41.2554
9.68e+08 41.0947
9.69e+08 40.9348
9.7e+08 40.7756
9.71e+08 40.6172
9.72e+08 40.4596
9.73e+08 40.3027
9.74e+08 40.1466
9.75e+08 39.9912
9.76e+08 39.8365
9.77e+08 39.6826
9.78e+08 39.5295
9.79e+08 39.377
9.8e+08 39.2253
9.81e+08 39.0743
9.82e+08 38.9241
9.83e+08 38.7745
9.84e+08 38.6257
9.85e+08 38.4775
9.86e+08 38.3301
9.87e+08 38.1834
9.88e+08 38.0373
9.89e+08 37.892
9.9e+08 37.7473
9.91e+08 37.6034
9.92e+08 37.4601
9.93e+08 37.3174
9.94e+08 37.1755
9.95e+08 37.0342
9.96e+08 36.8936
9.97e+08 36.7536
9.98e+08 36.6143
9.99e+08 36.4757
1e+09 36.3377
