0 0.0215605 0
0.000333564 0.0219791 0.000690721
0.000667128 0.0223827 0.0014082
0.00100069 0.0227703 0.00215243
0.00133426 0.0231406 0.00292334
0.00166782 0.0234925 0.00372084
0.00200138 0.0238246 0.00454479
0.00233495 0.0241357 0.00539498
0.00266851 0.0244247 0.0062712
0.00300208 0.0246901 0.00717315
0.00333564 0.0249307 0.00810049
0.00366921 0.0251452 0.00905285
0.00400277 0.0253323 0.0100298
0.00433633 0.0254907 0.0110308
0.0046699 0.025619 0.0120554
0.00500346 0.0257159 0.0131029
0.00533703 0.02578 0.0141727
0.00567059 0.0258101 0.0152641
0.00600415 0.0258048 0.0163762
0.00633772 0.0257628 0.0175084
0.00667128 0.0256827 0.0186596
0.00700485 0.0255633 0.0198289
0.00733841 0.0254032 0.0210154
0.00767197 0.0252012 0.0222179
0.00800554 0.0249559 0.0234352
0.0083391 0.0246662 0.0246662
0.00867267 0.0243308 0.0259097
0.00900623 0.0239484 0.0271642
0.00933979 0.023518 0.0284284
0.00967336 0.0230383 0.0297009
0.0100069 0.0225082 0.03098
0.0103405 0.0219267 0.0322642
0.0106741 0.0212926 0.0335519
0.0110076 0.020605 0.0348413
0.0113412 0.0198629 0.0361307
0.0116747 0.0190654 0.0374181
0.0120083 0.0182116 0.0387017
0.0123419 0.0173007 0.0399796
0.0126754 0.0163318 0.0412496
0.013009 0.0153044 0.0425097
0.0133426 0.0142177 0.0437578
0.0136761 0.0130712 0.0449916
0.0140097 0.0118644 0.0462089
0.0143433 0.0105967 0.0474073
0.0146768 0.00926792 0.0485845
0.0150104 0.00787767 0.0497381
0.0153439 0.00642573 0.0508655
0.0156775 0.004912 0.0519643
0.0160111 0.00333641 0.0530319
0.0163446 0.001699 0.0540657
0.0166782 -8.64929e-08 0.055063
0.0170118 -0.00176063 0.0560212
0.0173453 -0.0035823 0.0569376
0.0176789 -0.00546468 0.0578093
0.0180125 -0.00740724 0.0586336
0.018346 -0.00940936 0.0594077
0.0186796 -0.0114703 0.0601288
0.0190132 -0.0135892 0.060794
0.0193467 -0.0157651 0.0614004
0.0196803 -0.0179969 0.0619453
0.0200138 -0.0202834 0.0624256
0.0203474 -0.0226234 0.0628386
0.020681 -0.0250154 0.0631813
0.0210145 -0.0274578 0.0634509
0.0213481 -0.029949 0.0636444
0.0216817 -0.0324871 0.0637591
0.0220152 -0.0350702 0.0637922
0.0223488 -0.0376963 0.0637407
0.0226824 -0.0403632 0.0636019
0.0230159 -0.0430685 0.0633731
0.0233495 -0.0458098 0.0630515
0.0236831 -0.0485846 0.0626346
0.0240166 -0.05139 0.0621196
0.0243502 -0.0542234 0.0615041
0.0246837 -0.0570816 0.0607854
0.0250173 -0.0599616 0.0599613
0.0253509 -0.0628601 0.0590292
0.0256844 -0.0657737 0.0579871
0.026018 -0.0686991 0.0568325
0.0263516 -0.0716325 0.0555635
0.0266851 -0.0745701 0.0541781
0.0270187 -0.0775081 0.0526742
0.0273523 -0.0804426 0.0510501
0.0276858 -0.0833692 0.0493041
0.0280194 -0.0862839 0.0474347
0.0283529 -0.0891823 0.0454403
0.0286865 -0.0920598 0.0433197
0.0290201 -0.0949119 0.0410717
0.0293536 -0.0977338 0.0386952
0.0296872 -0.100521 0.0361894
0.0300208 -0.103268 0.0335535
0.0303543 -0.10597 0.0307869
0.0306879 -0.108623 0.0278893
0.0310215 -0.11122 0.0248603
0.031355 -0.113757 0.0217
0.0316886 -0.116229 0.0184084
0.0320222 -0.118629 0.0149859
0.0323557 -0.120952 0.011433
0.0326893 -0.123194 0.00775033
0.0330228 -0.125348 0.00393882
0.0333564 -0.127408 -4.00265e-07
0.03369 -0.12937 -0.00406602
0.0340235 -0.131227 -0.0082565
0.0343571 -0.132973 -0.0125701
0.0346907 -0.134603 -0.0170048
0.0350242 -0.136111 -0.0215583
0.0353578 -0.137492 -0.0262284
0.0356914 -0.138738 -0.0310122
0.0360249 -0.139846 -0.0359069
0.0363585 -0.140809 -0.0409093
0.0366921 -0.141621 -0.046016
0.0370256 -0.142277 -0.0512233
0.0373592 -0.142771 -0.0565274
0.0376927 -0.143097 -0.0619242
0.0380263 -0.14325 -0.0674092
0.0383599 -0.143226 -0.0729777
0.0386934 -0.143017 -0.078625
0.039027 -0.14262 -0.0843459
0.0393606 -0.142029 -0.0901349
0.0396941 -0.141239 -0.0959865
0.0400277 -0.140245 -0.101895
0.0403613 -0.139043 -0.107854
0.0406948 -0.137628 -0.113856
0.0410284 -0.135995 -0.119897
0.0413619 -0.134141 -0.125968
0.0416955 -0.132061 -0.132062
0.0420291 -0.129752 -0.138173
0.0423626 -0.12721 -0.144293
0.0426962 -0.124431 -0.150413
0.0430298 -0.121413 -0.156526
0.0433633 -0.118152 -0.162624
0.0436969 -0.114646 -0.168698
0.0440305 -0.110892 -0.17474
0.044364 -0.106888 -0.18074
0.0446976 -0.102633 -0.18669
0.0450312 -0.0981236 -0.19258
0.0453647 -0.0933599 -0.198402
0.0456983 -0.0883405 -0.204145
0.0460318 -0.0830648 -0.209801
0.0463654 -0.0775325 -0.215358
0.046699 -0.0717435 -0.220807
0.0470325 -0.0656982 -0.226138
0.0473661 -0.0593973 -0.231342
0.0476997 -0.052842 -0.236406
0.0480332 -0.0460335 -0.241322
0.0483668 -0.0389738 -0.246078
0.0487004 -0.0316652 -0.250665
0.0490339 -0.0241101 -0.255071
0.0493675 -0.0163117 -0.259286
0.0497011 -0.00827325 -0.263298
0.0500346 1.25867e-06 -0.267099
0.0503682 0.00850762 -0.270676
0.0507017 0.0172412 -0.274019
0.0510353 0.0261967 -0.277118
0.0513689 0.0353689 -0.279962
0.0517024 0.0447515 -0.282541
0.052036 0.0543383 -0.284844
0.0523696 0.0641223 -0.28686
0.0527031 0.0740963 -0.28858
0.0530367 0.0842525 -0.289994
0.0533703 0.0945828 -0.291091
0.0537038 0.105079 -0.291862
0.0540374 0.115731 -0.292298
0.0543709 0.126529 -0.292388
0.0547045 0.137465 -0.292125
0.0550381 0.148528 -0.291498
0.0553716 0.159706 -0.2905
0.0557052 0.170988 -0.289122
0.0560388 0.182363 -0.287355
0.0563723 0.19382 -0.285194
0.0567059 0.205344 -0.282628
0.0570395 0.216924 -0.279653
0.057373 0.228546 -0.276261
0.0577066 0.240196 -0.272446
0.0580402 0.251861 -0.268201
0.0583737 0.263526 -0.263523
0.0587073 0.275176 -0.258404
0.0590408 0.286796 -0.252842
0.0593744 0.298371 -0.246831
0.059708 0.309885 -0.240369
0.0600415 0.321323 -0.233452
0.0603751 0.332667 -0.226077
0.0607087 0.343901 -0.218244
0.0610422 0.355009 -0.209949
0.0613758 0.365972 -0.201192
0.0617094 0.376775 -0.191974
0.0620429 0.3874 -0.182294
0.0623765 0.397828 -0.172153
0.06271 0.408042 -0.161553
0.0630436 0.418024 -0.150495
0.0633772 0.427757 -0.138984
0.0637107 0.437221 -0.127022
0.0640443 0.446399 -0.114613
0.0643779 0.455272 -0.101762
0.0647114 0.463822 -0.0884759
0.065045 0.472032 -0.0747595
0.0653786 0.479881 -0.0606201
0.0657121 0.487353 -0.0460654
0.0660457 0.494429 -0.0311037
0.0663793 0.501091 -0.0157443
0.0667128 0.507321 3.1876e-06
0.0670464 0.513102 0.0161281
0.0673799 0.518415 0.0326192
0.0677135 0.523244 0.0494645
0.0680471 0.527572 0.0666513
0.0683806 0.531381 0.084166
0.0687142 0.534655 0.101995
0.0690478 0.537378 0.120122
0.0693813 0.539534 0.138533
0.0697149 0.541108 0.15721
0.0700485 0.542084 0.176138
0.070382 0.542449 0.195298
0.0707156 0.542187 0.214671
0.0710492 0.541285 0.234239
0.0713827 0.539731 0.253982
0.0717163 0.537511 0.27388
0.0720498 0.534614 0.293911
0.0723834 0.531028 0.314054
0.072717 0.526744 0.334287
0.0730505 0.52175 0.354586
0.0733841 0.516037 0.374929
0.0737177 0.509598 0.39529
0.0740512 0.502424 0.415647
0.0743848 0.494508 0.435974
0.0747184 0.485844 0.456245
0.0750519 0.476427 0.476434
0.0753855 0.466253 0.496516
0.075719 0.455316 0.516462
0.0760526 0.443616 0.536247
0.0763862 0.43115 0.555843
0.0767197 0.417917 0.575222
0.0770533 0.403917 0.594355
0.0773869 0.389152 0.613215
0.0777204 0.373623 0.631772
0.078054 0.357334 0.649999
0.0783876 0.340289 0.667866
0.0787211 0.322493 0.685345
0.0790547 0.303952 0.702405
0.0793883 0.284673 0.719019
0.0797218 0.264666 0.735156
0.0800554 0.24394 0.750789
0.0803889 0.222504 0.765887
0.0807225 0.200372 0.780422
0.0810561 0.177555 0.794365
0.0813896 0.154068 0.807687
0.0817232 0.129926 0.820361
0.0820568 0.105145 0.832359
0.0823903 0.079742 0.843652
0.0827239 0.0537358 0.854213
0.0830575 0.027146 0.864016
0.083391 -6.85679e-06 0.873033
0.0837246 -0.027701 0.88124
0.0840582 -0.0559136 0.88861
0.0843917 -0.0846208 0.895118
0.0847253 -0.113797 0.900742
0.0850588 -0.143418 0.905456
0.0853924 -0.173454 0.909239
0.085726 -0.203879 0.912067
0.0860595 -0.234663 0.913921
0.0863931 -0.265776 0.914779
0.0867267 -0.297187 0.914622
0.0870602 -0.328864 0.913432
0.0873938 -0.360775 0.911191
0.0877274 -0.392884 0.907882
0.0880609 -0.425159 0.903489
0.0883945 -0.457563 0.897999
0.088728 -0.49006 0.891398
0.0890616 -0.522613 0.883673
0.0893952 -0.555184 0.874814
0.0897287 -0.587736 0.864812
0.0900623 -0.620229 0.853656
0.0903959 -0.652623 0.841342
0.0907294 -0.684879 0.827862
0.091063 -0.716955 0.813212
0.0913966 -0.748811 0.797388
0.0917301 -0.780404 0.780391
0.0920637 -0.811694 0.762218
0.0923973 -0.842638 0.742872
0.0927308 -0.873193 0.722355
0.0930644 -0.903316 0.700671
0.0933979 -0.932965 0.677826
0.0937315 -0.962097 0.653828
0.0940651 -0.990668 0.628685
0.0943986 -1.01864 0.602408
0.0947322 -1.04596 0.575008
0.0950658 -1.07259 0.546499
0.0953993 -1.09849 0.516898
0.0957329 -1.12361 0.486219
0.0960665 -1.14792 0.454482
0.0964 -1.17137 0.421707
0.0967336 -1.19392 0.387916
0.0970672 -1.21553 0.353131
0.0974007 -1.23615 0.317378
0.0977343 -1.25576 0.280683
0.0980678 -1.2743 0.243073
0.0984014 -1.29174 0.20458
0.098735 -1.30805 0.165233
0.0990685 -1.32318 0.125065
0.0994021 -1.3371 0.0841109
0.0997357 -1.34978 0.0424059
0.100069 -1.36118 -1.28288e-05
0.100403 -1.37126 -0.0431067
0.100736 -1.38001 -0.0868358
0.10107 -1.38737 -0.131159
0.101403 -1.39334 -0.176033
0.101737 -1.39787 -0.221414
0.102071 -1.40094 -0.267257
0.102404 -1.40252 -0.313516
0.102738 -1.4026 -0.360142
0.103071 -1.40115 -0.407087
0.103405 -1.39815 -0.454301
0.103738 -1.39358 -0.501734
0.104072 -1.38742 -0.549332
0.104406 -1.37965 -0.597044
0.104739 -1.37027 -0.644816
0.105073 -1.35926 -0.692592
0.105406 -1.3466 -0.740318
0.10574 -1.3323 -0.787938
0.106073 -1.31634 -0.835395
0.106407 -1.29873 -0.882632
0.106741 -1.27945 -0.929591
0.107074 -1.2585 -0.976214
0.107408 -1.2359 -1.02244
0.107741 -1.21163 -1.06822
0.108075 -1.18571 -1.11348
0.108408 -1.15815 -1.15817
0.108742 -1.12895 -1.20223
0.109075 -1.09812 -1.2456
0.109409 -1.06569 -1.28823
0.109743 -1.03166 -1.33004
0.110076 -0.996057 -1.37098
0.11041 -0.958897 -1.41101
0.110743 -0.920204 -1.45004
0.111077 -0.880003 -1.48804
0.11141 -0.83832 -1.52494
0.111744 -0.795186 -1.56068
0.112078 -0.75063 -1.59521
0.112411 -0.704687 -1.62848
0.112745 -0.657391 -1.66043
0.113078 -0.60878 -1.69101
0.113412 -0.558894 -1.72016
0.113745 -0.507774 -1.74784
0.114079 -0.455463 -1.77399
0.114412 -0.402008 -1.79857
0.114746 -0.347455 -1.82153
0.11508 -0.291854 -1.84282
0.115413 -0.235256 -1.86241
0.115747 -0.177714 -1.88024
0.11608 -0.119283 -1.89627
0.116414 -0.0600182 -1.91048
0.116747 2.11424e-05 -1.92281
0.117081 0.0607758 -1.93324
0.117415 0.122185 -1.94173
0.117748 0.184185 -1.94824
0.118082 0.246712 -1.95276
0.118415 0.309702 -1.95524
0.118749 0.373087 -1.95567
0.119082 0.4368 -1.95403
0.119416 0.500771 -1.95028
0.11975 0.564931 -1.94442
0.120083 0.629209 -1.93643
0.120417 0.693532 -1.92629
0.12075 0.757828 -1.91399
0.121084 0.822025 -1.89953
0.121417 0.886047 -1.88289
0.121751 0.94982 -1.86407
0.122084 1.01327 -1.84308
0.122418 1.07632 -1.81991
0.122752 1.13889 -1.79457
0.123085 1.20092 -1.76706
0.123419 1.26232 -1.73739
0.123752 1.32302 -1.70558
0.124086 1.38293 -1.67164
0.124419 1.442 -1.63559
0.124753 1.50014 -1.59744
0.125087 1.55727 -1.55723
0.12542 1.61332 -1.51498
0.125754 1.66823 -1.47071
0.126087 1.72191 -1.42445
0.126421 1.77429 -1.37625
0.126754 1.82531 -1.32613
0.127088 1.87489 -1.27414
0.127421 1.92296 -1.22031
0.127755 1.96946 -1.1647
0.128089 2.01431 -1.10735
0.128422 2.05746 -1.0483
0.128756 2.09884 -0.987607
0.129089 2.13838 -0.925331
0.129423 2.17604 -0.861524
0.129756 2.21174 -0.796245
0.13009 2.24543 -0.729555
0.130424 2.27706 -0.661518
0.130757 2.30658 -0.592198
0.131091 2.33392 -0.521664
0.131424 2.35906 -0.449984
0.131758 2.38193 -0.37723
0.132091 2.40249 -0.303475
0.132425 2.42071 -0.228794
0.132759 2.43654 -0.153264
0.133092 2.44995 -0.0769621
0.133426 2.4609 3.09247e-05
0.133759 2.46937 0.0776342
0.134093 2.47532 0.155765
0.134426 2.47873 0.23434
0.13476 2.47957 0.313275
0.135093 2.47783 0.392483
0.135427 2.47349 0.471877
0.135761 2.46654 0.55137
0.136094 2.45696 0.630873
0.136428 2.44474 0.710298
0.136761 2.42989 0.789555
0.137095 2.4124 0.868554
0.137428 2.39227 0.947204
0.137762 2.36951 1.02542
0.138096 2.34412 1.1031
0.138429 2.31612 1.18016
0.138763 2.28552 1.25652
0.139096 2.25234 1.33207
0.13943 2.21659 1.40673
0.139763 2.17831 1.48042
0.140097 2.13752 1.55304
0.14043 2.09424 1.62451
0.140764 2.04852 1.69473
0.141098 2.00039 1.76363
0.141431 1.94988 1.83111
0.141765 1.89705 1.8971
0.142098 1.84194 1.96151
0.142432 1.78458 2.02427
0.142765 1.72505 2.08529
0.143099 1.66339 2.14449
0.143433 1.59965 2.2018
0.143766 1.53391 2.25714
0.1441 1.46621 2.31045
0.144433 1.39663 2.36165
0.144767 1.32524 2.41067
0.1451 1.25209 2.45746
0.145434 1.17728 2.50193
0.145768 1.10087 2.54405
0.146101 1.02293 2.58374
0.146435 0.94356 2.62095
0.146768 0.862827 2.65563
0.147102 0.780817 2.68773
0.147435 0.697618 2.7172
0.147769 0.613315 2.74399
0.148102 0.527997 2.76807
0.148436 0.441757 2.78939
0.14877 0.354684 2.80793
0.149103 0.266873 2.82364
0.149437 0.178418 2.8365
0.14977 0.0894143 2.84649
0.150104 -4.03415e-05 2.85358
0.150437 -0.0898488 2.85775
0.150771 -0.179913 2.85898
0.151105 -0.270133 2.85727
0.151438 -0.36041 2.85261
0.151772 -0.450644 2.84499
0.152105 -0.540734 2.8344
0.152439 -0.63058 2.82086
0.152772 -0.720081 2.80436
0.153106 -0.809138 2.78492
0.153439 -0.897649 2.76254
0.153773 -0.985515 2.73725
0.154107 -1.07264 2.70906
0.15444 -1.15892 2.67799
0.154774 -1.24425 2.64407
0.155107 -1.32855 2.60734
0.155441 -1.41172 2.56782
0.155774 -1.49365 2.52554
0.156108 -1.57426 2.48056
0.156442 -1.65346 2.43291
0.156775 -1.73114 2.38264
0.157109 -1.80723 2.3298
0.157442 -1.88164 2.27444
0.157776 -1.95427 2.21662
0.158109 -2.02505 2.1564
0.158443 -2.09389 2.09383
0.158777 -2.16072 2.02899
0.15911 -2.22545 1.96194
0.159444 -2.28801 1.89275
0.159777 -2.34832 1.82149
0.160111 -2.40633 1.74824
0.160444 -2.46195 1.67308
0.160778 -2.51512 1.59609
0.161111 -2.56579 1.51735
0.161445 -2.61388 1.43694
0.161779 -2.65936 1.35496
0.162112 -2.70215 1.27149
0.162446 -2.74222 1.18661
0.162779 -2.77951 1.10044
0.163113 -2.81398 1.01305
0.163446 -2.84559 0.92454
0.16378 -2.8743 0.835015
0.164114 -2.90009 0.744568
0.164447 -2.92291 0.6533
0.164781 -2.94274 0.561311
0.165114 -2.95956 0.468702
0.165448 -2.97335 0.375575
0.165781 -2.9841 0.282033
0.166115 -2.99178 0.18818
0.166448 -2.99639 0.0941183
0.166782 -2.99793 -4.70914e-05
0.167116 -2.99639 -0.0942125
0.167449 -2.99177 -0.188274
0.167783 -2.98409 -0.282127
0.168116 -2.97334 -0.375668
0.16845 -2.95955 -0.468795
0.168783 -2.94273 -0.561403
0.169117 -2.92289 -0.653392
0.169451 -2.90006 -0.744659
0.169784 -2.87428 -0.835105
0.170118 -2.84556 -0.924629
0.170451 -2.81395 -1.01313
0.170785 -2.77947 -1.10052
0.171118 -2.74218 -1.1867
0.171452 -2.70211 -1.27157
0.171786 -2.65931 -1.35504
0.172119 -2.61384 -1.43703
0.172453 -2.56574 -1.51743
0.172786 -2.51507 -1.59617
0.17312 -2.46189 -1.67316
0.173453 -2.40627 -1.74832
0.173787 -2.34827 -1.82156
0.17412 -2.28795 -1.89282
0.174454 -2.22539 -1.96201
0.174788 -2.16065 -2.02906
0.175121 -2.09383 -2.0939
0.175455 -2.02498 -2.15646
0.175788 -1.9542 -2.21668
0.176122 -1.88157 -2.2745
0.176455 -1.80716 -2.32986
0.176789 -1.73107 -2.3827
0.177123 -1.65338 -2.43296
0.177456 -1.57418 -2.48061
0.17779 -1.49357 -2.52559
0.178123 -1.41164 -2.56786
0.178457 -1.32847 -2.60738
0.17879 -1.24417 -2.64411
0.179124 -1.15883 -2.67803
0.179457 -1.07255 -2.70909
0.179791 -0.985429 -2.73728
0.180125 -0.897562 -2.76257
0.180458 -0.80905 -2.78495
0.180792 -0.719993 -2.80439
0.181125 -0.630491 -2.82088
0.181459 -0.540645 -2.83442
0.181792 -0.450554 -2.845
0.182126 -0.36032 -2.85262
0.18246 -0.270043 -2.85728
0.182793 -0.179823 -2.85899
0.183127 -0.089759 -2.85775
0.18346 4.93063e-05 -2.85358
0.183794 0.0895038 -2.84649
0.184127 0.178507 -2.8365
0.184461 0.266961 -2.82363
0.184795 0.354772 -2.80792
0.185128 0.441844 -2.78938
0.185462 0.528084 -2.76805
0.185795 0.613401 -2.74397
0.186129 0.697703 -2.71718
0.186462 0.780902 -2.68771
0.186796 0.86291 -2.6556
0.187129 0.943642 -2.62092
0.187463 1.02302 -2.58371
0.187797 1.10095 -2.54401
0.18813 1.17736 -2.5019
0.188464 1.25217 -2.45742
0.188797 1.32531 -2.41063
0.189131 1.39671 -2.3616
0.189464 1.46628 -2.3104
0.189798 1.53398 -2.25709
0.190132 1.59972 -2.20175
0.190465 1.66346 -2.14443
0.190799 1.72512 -2.08523
0.191132 1.78465 -2.02421
0.191466 1.842 -1.96146
0.191799 1.89711 -1.89704
0.192133 1.94994 -1.83105
0.192466 2.00044 -1.76356
0.1928 2.04857 -1.69467
0.193134 2.09429 -1.62444
0.193467 2.13757 -1.55297
0.193801 2.17836 -1.48035
0.194134 2.21664 -1.40666
0.194468 2.25238 -1.332
0.194801 2.28556 -1.25644
0.195135 2.31616 -1.18009
0.195469 2.34416 -1.10303
0.195802 2.36954 -1.02534
0.196136 2.3923 -0.947129
0.196469 2.41243 -0.868478
0.196803 2.42992 -0.789478
0.197136 2.44477 -0.710221
0.19747 2.45698 -0.630796
0.197804 2.46656 -0.551292
0.198137 2.47351 -0.471799
0.198471 2.47785 -0.392405
0.198804 2.47958 -0.313197
0.199138 2.47874 -0.234263
0.199471 2.47532 -0.155688
0.199805 2.46937 -0.0775566
0.200138 2.4609 4.6387e-05
0.200472 2.44995 0.077039
0.200806 2.43654 0.15334
0.201139 2.4207 0.22887
0.201473 2.40248 0.30355
0.201806 2.38192 0.377305
0.20214 2.35904 0.450058
0.202473 2.33391 0.521737
0.202807 2.30656 0.592271
0.203141 2.27704 0.661589
0.203474 2.24541 0.729626
0.203808 2.21171 0.796314
0.204141 2.17601 0.861592
0.204475 2.13836 0.925398
0.204808 2.09881 0.987673
0.205142 2.05743 1.04836
0.205475 2.01428 1.10741
0.205809 1.96942 1.16476
0.206143 1.92292 1.22038
0.206476 1.87485 1.2742
0.20681 1.82527 1.32619
0.207143 1.77425 1.3763
0.207477 1.72186 1.42451
0.20781 1.66818 1.47076
0.208144 1.61328 1.51503
0.208478 1.55722 1.55728
0.208811 1.50009 1.59749
0.209145 1.44195 1.63563
0.209478 1.38288 1.67168
0.209812 1.32296 1.70562
0.210145 1.26226 1.73743
0.210479 1.20086 1.76709
0.210813 1.13884 1.7946
0.211146 1.07626 1.81994
0.21148 1.01321 1.84311
0.211813 0.949761 1.8641
0.212147 0.885987 1.88292
0.21248 0.821965 1.89955
0.212814 0.757768 1.91402
0.213147 0.693472 1.92631
0.213481 0.629148 1.93645
0.213815 0.56487 1.94444
0.214148 0.50071 1.9503
0.214482 0.436739 1.95404
0.214815 0.373026 1.95569
0.215149 0.309641 1.95525
0.215482 0.246651 1.95276
0.215816 0.184124 1.94825
0.21615 0.122124 1.94173
0.216483 0.0607151 1.93324
0.216817 -3.92645e-05 1.92281
0.21715 -0.0600782 1.91048
0.217484 -0.119342 1.89627
0.217817 -0.177773 1.88023
0.218151 -0.235315 1.8624
0.218484 -0.291912 1.84282
0.218818 -0.347512 1.82152
0.219152 -0.402065 1.79856
0.219485 -0.455519 1.77398
0.219819 -0.507829 1.74782
0.220152 -0.558948 1.72014
0.220486 -0.608833 1.69099
0.220819 -0.657443 1.66041
0.221153 -0.704738 1.62846
0.221487 -0.75068 1.59519
0.22182 -0.795235 1.56066
0.222154 -0.838368 1.52491
0.222487 -0.88005 1.48801
0.222821 -0.920249 1.45001
0.223154 -0.958941 1.41098
0.223488 -0.9961 1.37095
0.223822 -1.0317 1.33001
0.224155 -1.06573 1.28819
0.224489 -1.09816 1.24557
0.224822 -1.12899 1.2022
0.225156 -1.15819 1.15814
0.225489 -1.18575 1.11344
0.225823 -1.21166 1.06818
0.226156 -1.23593 1.0224
0.22649 -1.25853 0.976175
0.226824 -1.27947 0.929551
0.227157 -1.29875 0.882591
0.227491 -1.31637 0.835354
0.227824 -1.33233 0.787896
0.228158 -1.34663 0.740276
0.228491 -1.35928 0.692549
0.228825 -1.37029 0.644772
0.229159 -1.37967 0.597001
0.229492 -1.38743 0.549289
0.229826 -1.39359 0.50169
0.230159 -1.39816 0.454257
0.230493 -1.40116 0.407043
0.230826 -1.40261 0.360098
0.23116 -1.40253 0.313472
0.231493 -1.40095 0.267213
0.231827 -1.39787 0.22137
0.232161 -1.39334 0.175989
0.232494 -1.38738 0.131115
0.232828 -1.38001 0.0867924
0.233161 -1.37127 0.0430636
0.233495 -1.36118 -2.99339e-05
0.233828 -1.34978 -0.0424483
0.234162 -1.3371 -0.0841529
0.234496 -1.32318 -0.125107
0.234829 -1.30804 -0.165274
0.235163 -1.29174 -0.20462
0.235496 -1.27429 -0.243114
0.23583 -1.25575 -0.280722
0.236163 -1.23614 -0.317417
0.236497 -1.21552 -0.353169
0.236831 -1.19391 -0.387953
0.237164 -1.17136 -0.421744
0.237498 -1.14791 -0.454518
0.237831 -1.1236 -0.486254
0.238165 -1.09847 -0.516932
0.238498 -1.07257 -0.546533
0.238832 -1.04594 -0.575041
0.239165 -1.01862 -0.60244
0.239499 -0.990649 -0.628716
0.239833 -0.962076 -0.653858
0.240166 -0.932944 -0.677856
0.2405 -0.903294 -0.700699
0.240833 -0.87317 -0.722382
0.241167 -0.842614 -0.742899
0.2415 -0.81167 -0.762244
0.241834 -0.78038 -0.780415
0.242168 -0.748786 -0.797412
0.242501 -0.716929 -0.813234
0.242835 -0.684853 -0.827883
0.243168 -0.652597 -0.841362
0.243502 -0.620202 -0.853676
0.243835 -0.587709 -0.86483
0.244169 -0.555157 -0.874832
0.244502 -0.522585 -0.883689
0.244836 -0.490032 -0.891413
0.24517 -0.457534 -0.898013
0.245503 -0.42513 -0.903502
0.245837 -0.392856 -0.907894
0.24617 -0.360746 -0.911202
0.246504 -0.328836 -0.913442
0.246837 -0.297158 -0.914632
0.247171 -0.265747 -0.914788
0.247505 -0.234634 -0.913928
0.247838 -0.20385 -0.912074
0.248172 -0.173426 -0.909244
0.248505 -0.143389 -0.905461
0.248839 -0.113769 -0.900745
0.249172 -0.0845927 -0.895121
0.249506 -0.0558857 -0.888611
0.24984 -0.0276733 -0.88124
0.250173 2.05704e-05 -0.873033
0.250507 0.0271732 -0.864015
0.25084 0.0537627 -0.854211
0.251174 0.0797685 -0.843649
0.251507 0.105171 -0.832356
0.251841 0.129952 -0.820357
0.252174 0.154094 -0.807683
0.252508 0.17758 -0.794359
0.252842 0.200396 -0.780415
0.253175 0.222528 -0.76588
0.253509 0.243963 -0.750781
0.253842 0.264689 -0.735148
0.254176 0.284696 -0.71901
0.254509 0.303974 -0.702396
0.254843 0.322514 -0.685335
0.255177 0.34031 -0.667856
0.25551 0.357354 -0.649988
0.255844 0.373643 -0.631761
0.256177 0.389171 -0.613202
0.256511 0.403936 -0.594342
0.256844 0.417935 -0.575208
0.257178 0.431167 -0.555829
0.257511 0.443633 -0.536233
0.257845 0.455332 -0.516448
0.258179 0.466268 -0.496501
0.258512 0.476442 -0.476419
0.258846 0.485859 -0.456229
0.259179 0.494522 -0.435958
0.259513 0.502437 -0.415631
0.259846 0.50961 -0.395274
0.26018 0.516049 -0.374912
0.260514 0.521761 -0.35457
0.260847 0.526754 -0.33427
0.261181 0.531038 -0.314037
0.261514 0.534623 -0.293894
0.261848 0.53752 -0.273863
0.262181 0.539739 -0.253965
0.262515 0.541293 -0.234222
0.262849 0.542194 -0.214654
0.263182 0.542455 -0.195281
0.263516 0.54209 -0.176121
0.263849 0.541113 -0.157193
0.264183 0.539539 -0.138516
0.264516 0.537382 -0.120105
0.26485 0.534658 -0.101978
0.265183 0.531384 -0.0841493
0.265517 0.527574 -0.0666347
0.265851 0.523246 -0.0494481
0.266184 0.518416 -0.0326029
0.266518 0.513102 -0.016112
0.266851 0.507321 1.27504e-05
0.267185 0.50109 0.01576
0.267518 0.494428 0.0311193
0.267852 0.487351 0.0460807
0.268186 0.479879 0.0606352
0.268519 0.472029 0.0747743
0.268853 0.46382 0.0884905
0.269186 0.455269 0.101777
0.26952 0.446395 0.114627
0.269853 0.437217 0.127035
0.270187 0.427752 0.138997
0.27052 0.41802 0.150508
0.270854 0.408037 0.161565
0.271188 0.397822 0.172165
0.271521 0.387394 0.182306
0.271855 0.376769 0.191986
0.272188 0.365966 0.201204
0.272522 0.355002 0.20996
0.272855 0.343894 0.218254
0.273189 0.33266 0.226088
0.273523 0.321315 0.233462
0.273856 0.309878 0.240379
0.27419 0.298363 0.246841
0.274523 0.286788 0.252851
0.274857 0.275168 0.258413
0.27519 0.263517 0.263531
0.275524 0.251852 0.268209
0.275858 0.240187 0.272453
0.276191 0.228537 0.276268
0.276525 0.216915 0.27966
0.276858 0.205335 0.282635
0.277192 0.193811 0.2852
0.277525 0.182354 0.287361
0.277859 0.170979 0.289127
0.278192 0.159696 0.290505
0.278526 0.148518 0.291503
0.27886 0.137456 0.292129
0.279193 0.12652 0.292392
0.279527 0.115721 0.292301
0.27986 0.105069 0.291865
0.280194 0.0945737 0.291094
0.280527 0.0842434 0.289996
0.280861 0.0740873 0.288582
0.281195 0.0641133 0.286862
0.281528 0.0543293 0.284845
0.281862 0.0447426 0.282542
0.282195 0.0353601 0.279964
0.282529 0.026188 0.277119
0.282862 0.0172325 0.27402
0.283196 0.00849912 0.270676
0.283529 -7.13249e-06 0.267099
0.283863 -0.00828152 0.263298
0.284197 -0.0163198 0.259285
0.28453 -0.0241181 0.25507
0.284864 -0.031673 0.250664
0.285197 -0.0389816 0.246077
0.285531 -0.0460411 0.241321
0.285864 -0.0528494 0.236405
0.286198 -0.0594046 0.23134
0.286532 -0.0657053 0.226136
0.286865 -0.0717504 0.220805
0.287199 -0.0775393 0.215355
0.287532 -0.0830714 0.209798
0.287866 -0.0883469 0.204143
0.288199 -0.0933661 0.198399
0.288533 -0.0981296 0.192577
0.288867 -0.102638 0.186687
0.2892 -0.106894 0.180737
0.289534 -0.110898 0.174736
0.289867 -0.114651 0.168694
0.290201 -0.118157 0.16262
0.290534 -0.121418 0.156522
0.290868 -0.124436 0.150409
0.291201 -0.127215 0.144289
0.291535 -0.129757 0.138169
0.291869 -0.132066 0.132058
0.292202 -0.134145 0.125964
0.292536 -0.135999 0.119893
0.292869 -0.137631 0.113852
0.293203 -0.139046 0.107849
0.293536 -0.140248 0.10189
0.29387 -0.141242 0.0959821
0.294204 -0.142032 0.0901305
0.294537 -0.142623 0.0843414
0.294871 -0.14302 0.0786205
0.295204 -0.143228 0.0729732
0.295538 -0.143253 0.0674047
0.295871 -0.143099 0.0619197
0.296205 -0.142772 0.0565229
0.296538 -0.142278 0.0512188
0.296872 -0.141622 0.0460115
0.297206 -0.14081 0.0409049
0.297539 -0.139847 0.0359025
0.297873 -0.138739 0.0310079
0.298206 -0.137492 0.0262241
0.29854 -0.136112 0.0215541
0.298873 -0.134604 0.0170005
0.299207 -0.132973 0.0125659
0.299541 -0.131227 0.00825237
0.299874 -0.12937 0.00406196
0.300208 -0.127408 -3.60239e-06
0.300541 -0.125348 -0.00394276
0.300875 -0.123194 -0.0077542
0.301208 -0.120952 -0.0114368
0.301542 -0.118628 -0.0149897
0.301876 -0.116228 -0.0184121
0.302209 -0.113757 -0.0217036
0.302543 -0.111219 -0.0248638
0.302876 -0.108622 -0.0278927
0.30321 -0.105969 -0.0307903
0.303543 -0.103267 -0.0335567
0.303877 -0.10052 -0.0361926
0.30421 -0.0977326 -0.0386983
0.304544 -0.0949106 -0.0410747
0.304878 -0.0920584 -0.0433226
0.305211 -0.0891808 -0.0454431
0.305545 -0.0862824 -0.0474374
0.305878 -0.0833677 -0.0493068
0.306212 -0.080441 -0.0510526
0.306545 -0.0775065 -0.0526766
0.306879 -0.0745684 -0.0541804
0.307213 -0.0716307 -0.0555658
0.307546 -0.0686973 -0.0568347
0.30788 -0.0657719 -0.0579891
0.308213 -0.0628582 -0.0590312
0.308547 -0.0599597 -0.0599632
0.30888 -0.0570797 -0.0607872
0.309214 -0.0542214 -0.0615058
0.309547 -0.0513881 -0.0621212
0.309881 -0.0485826 -0.0626361
0.310215 -0.0458079 -0.063053
0.310548 -0.0430665 -0.0633744
0.310882 -0.0403612 -0.0636032
0.311215 -0.0376943 -0.0637419
0.311549 -0.0350682 -0.0637933
0.311882 -0.0324851 -0.0637602
0.312216 -0.029947 -0.0636454
0.31255 -0.0274558 -0.0634517
0.312883 -0.0250134 -0.0631821
0.313217 -0.0226214 -0.0628393
0.31355 -0.0202815 -0.0624262
0.313884 -0.0179949 -0.0619458
0.314217 -0.0157631 -0.0614009
0.314551 -0.0135873 -0.0607944
0.314885 -0.0114684 -0.0601291
0.315218 -0.00940749 -0.059408
0.315552 -0.0074054 -0.0586338
0.315885 -0.00546287 -0.0578094
0.316219 -0.00358051 -0.0569377
0.316552 -0.00175887 -0.0560213
0.316886 1.64337e-06 -0.055063
0.317219 0.0017007 -0.0540657
0.317553 0.00333807 -0.0530318
0.317887 0.00491363 -0.0519642
0.31822 0.00642733 -0.0508653
0.318554 0.00787923 -0.0497378
0.318887 0.00926945 -0.0485842
0.319221 0.0105982 -0.047407
0.319554 0.0118658 -0.0462085
0.319888 0.0130726 -0.0449912
0.320222 0.0142191 -0.0437574
0.320555 0.0153057 -0.0425093
0.320889 0.0163331 -0.0412491
0.321222 0.0173019 -0.039979
0.321556 0.0182128 -0.0387012
0.321889 0.0190666 -0.0374175
0.322223 0.0198641 -0.03613
0.322556 0.0206061 -0.0348407
0.32289 0.0212937 -0.0335512
0.323224 0.0219277 -0.0322635
0.323557 0.0225092 -0.0309793
0.323891 0.0230393 -0.0297002
0.324224 0.0235189 -0.0284277
0.324558 0.0239493 -0.0271635
0.324891 0.0243316 -0.0259089
0.325225 0.024667 -0.0246655
0.325559 0.0249567 -0.0234344
0.325892 0.0252019 -0.0222171
0.326226 0.0254039 -0.0210146
0.326559 0.0255639 -0.0198281
0.326893 0.0256833 -0.0186588
0.327226 0.0257633 -0.0175076
0.32756 0.0258053 -0.0163754
0.327894 0.0258106 -0.0152633
0.328227 0.0257805 -0.0141719
0.328561 0.0257163 -0.0131021
0.328894 0.0256194 -0.0120546
0.329228 0.025491 -0.01103
0.329561 0.0253327 -0.010029
0.329895 0.0251455 -0.00905206
0.330228 0.024931 -0.00809971
0.330562 0.0246903 -0.00717237
0.330896 0.0244249 -0.00627043
0.331229 0.0241359 -0.00539423
0.331563 0.0238247 -0.00454404
0.331896 0.0234926 -0.0037201
0.33223 0.0231407 -0.00292261
0.332563 0.0227704 -0.00215171
0.332897 0.0223828 -0.0014075
0.333231 0.0219791 -0.00069003
0.333564 0.0215605 6.77345e-07
