0 10000
3.33564e-05 10463.2
6.67128e-05 10476.3
0.000100069 10499.8
0.000133426 10537
0.000166782 10593.9
0.000200138 10682.1
0.000233495 10827.4
0.000266851 11097.1
0.000300208 11740.1
0.000333564 5506.02
0.000366921 7595.85
0.000400277 8852.35
0.000433633 9268.14
0.00046699 9473.97
0.000500346 9596
0.000533703 9676.28
0.000567059 9732.81
0.000600415 9774.55
0.000633772 9806.51
0.000667128 9831.67
0.000700485 9851.91
0.000733841 9868.49
0.000767197 9882.28
0.000800554 9893.91
0.00083391 9903.81
0.000867267 9912.33
0.000900623 9919.71
0.000933979 9926.17
0.000967336 9931.85
0.00100069 9936.88
0.00103405 9941.35
0.00106741 9945.35
0.00110076 9948.94
0.00113412 9952.18
0.00116747 9955.11
0.00120083 9957.78
0.00123419 9960.2
0.00126754 9962.43
0.0013009 9964.46
0.00133426 9966.33
0.00136761 9968.06
0.00140097 9969.65
0.00143433 9971.13
0.00146768 9972.49
0.00150104 9973.77
0.00153439 9974.95
0.00156775 9976.06
0.00160111 9977.09
0.00163446 9978.05
0.00166782 9978.96
0.00170118 9979.81
0.00173453 9980.61
0.00176789 9981.36
0.00180125 9982.07
0.0018346 9982.74
0.00186796 9983.37
0.00190132 9983.96
0.00193467 9984.53
0.00196803 9985.06
0.00200138 9985.57
0.00203474 9986.05
0.0020681 9986.51
0.00210145 9986.95
0.00213481 9987.36
0.00216817 9987.76
0.00220152 9988.13
0.00223488 9988.49
0.00226824 9988.84
0.00230159 9989.17
0.00233495 9989.48
0.00236831 9989.78
0.00240166 9990.07
0.00243502 9990.34
0.00246837 9990.61
0.00250173 9990.86
0.00253509 9991.1
0.00256844 9991.34
0.0026018 9991.56
0.00263516 9991.78
0.00266851 9991.98
0.00270187 9992.18
0.00273523 9992.38
0.00276858 9992.56
0.00280194 9992.74
0.00283529 9992.91
0.00286865 9993.08
0.00290201 9993.24
0.00293536 9993.39
0.00296872 9993.54
0.00300208 9993.69
0.00303543 9993.83
0.00306879 9993.96
0.00310215 9994.09
0.0031355 9994.22
0.00316886 9994.34
0.00320222 9994.46
0.00323557 9994.58
0.00326893 9994.69
0.00330228 9994.79
0.00333564 9994.9
