0 10
3.33564e-05 12.5376
6.67128e-05 12.5766
0.000100069 12.6442
0.000133426 12.7452
0.000166782 12.887
0.000200138 13.0816
0.000233495 13.3483
0.000266851 13.7185
0.000300208 14.223
0.000333564 -264.593
0.000366921 0.00144774
0.000400277 0.00144655
0.000433633 2.68072
0.00046699 4.73947
0.000500346 5.95995
0.000533703 6.76279
0.000567059 7.32802
0.000600415 7.74552
0.000633772 8.06512
0.000667128 8.31666
0.000700485 8.51906
0.000733841 8.68489
0.000767197 8.82284
0.000800554 8.93907
0.00083391 9.03809
0.000867267 9.12326
0.000900623 9.19714
0.000933979 9.26169
0.000967336 9.31849
0.00100069 9.36875
0.00103405 9.41347
0.00106741 9.45346
0.00110076 9.48938
0.00113412 9.52178
0.00116747 9.55111
0.00120083 9.57776
0.00123419 9.60205
0.00126754 9.62426
0.0013009 9.64462
0.00133426 9.66333
0.00136761 9.68058
0.00140097 9.69651
0.00143433 9.71126
0.00146768 9.72495
0.00150104 9.73766
0.00153439 9.7495
0.00156775 9.76055
0.00160111 9.77087
0.00163446 9.78053
0.00166782 9.78958
0.00170118 9.79808
0.00173453 9.80607
0.00176789 9.81358
0.00180125 9.82067
0.0018346 9.82735
0.00186796 9.83366
0.00190132 9.83963
0.00193467 9.84528
0.00196803 9.85064
0.00200138 9.85571
0.00203474 9.86054
0.0020681 9.86512
0.00210145 9.86948
0.00213481 9.87362
0.00216817 9.87758
0.00220152 9.88134
0.00223488 9.88494
0.00226824 9.88837
0.00230159 9.89165
0.00233495 9.89479
0.00236831 9.89779
0.00240166 9.90067
0.00243502 9.90342
0.00246837 9.90606
0.00250173 9.9086
0.00253509 9.91103
0.00256844 9.91336
0.0026018 9.91561
0.00263516 9.91777
0.00266851 9.91984
0.00270187 9.92184
0.00273523 9.92376
0.00276858 9.92561
0.00280194 9.9274
0.00283529 9.92912
0.00286865 9.93078
0.00290201 9.93239
0.00293536 9.93394
0.00296872 9.93543
0.00300208 9.93687
0.00303543 9.93827
0.00306879 9.93962
0.00310215 9.94093
0.0031355 9.94219
0.00316886 9.94342
0.00320222 9.9446
0.00323557 9.94575
0.00326893 9.94686
0.00330228 9.94794
0.00333564 9.94899
