0 , 0 , 0 , 0 , 0 , 0 , 0 , 0 , 0 , 0 , 0 , 0 , 0 , 0 , 0 , 0 , 0 , 0 , 0 , 0 , 0 , 0 , 0 , 0
-1.70133e-44 , -1.20474e-41 , 6.03354e-25 , 3.45286e-22 , 0 , 0 , -1.70133e-41 , -1.20474e-38 , 6.03354e-22 , 3.45286e-19 , 0 , 0 , 0 , 0 , 0 , 0 , -1.26271e-40 , -8.8189e-38 , 0 , 0 , 0 , 0 , -4.41947e-40 , -3.08661e-37
-4.37978e-36 , -2.24295e-33 , 5.5271e-19 , 2.16131e-16 , -4.04334e-37 , 1.62025e-34 , -4.37978e-33 , -2.24295e-30 , 5.5271e-16 , 2.16131e-13 , -4.04334e-34 , 1.62025e-31 , 0 , 0 , -1.39316e-37 , 2.83754e-35 , -1.14627e-35 , -1.98523e-32 , 0 , 0 , -4.87607e-37 , 9.93138e-35 , -4.01193e-35 , -6.94832e-32
-5.68938e-32 , -1.83867e-29 , 7.23951e-16 , 2.01548e-13 , 8.87179e-34 , 7.23512e-31 , -5.68938e-29 , -1.83867e-26 , 7.23951e-13 , 2.01548e-10 , 8.87179e-31 , 7.23512e-28 , 1.08953e-32 , 3.9443e-30 , 2.51148e-33 , 1.84965e-31 , -5.13298e-32 , -2.15803e-29 , 3.81334e-32 , 1.38051e-29 , 8.79018e-33 , 6.47378e-31 , -1.79654e-31 , -7.55312e-29
-9.03582e-30 , -2.01858e-27 , 7.61295e-14 , 1.57172e-11 , -2.08507e-31 , -4.79798e-30 , -9.03582e-27 , -2.01858e-24 , 7.61295e-11 , 1.57172e-08 , -2.08507e-28 , -4.79798e-27 , 4.00803e-30 , 6.81012e-28 , 5.88037e-31 , 4.33824e-29 , -1.77052e-30 , -2.57784e-27 , 1.40281e-29 , 2.38354e-27 , 2.05813e-30 , 1.51838e-28 , -6.19683e-30 , -9.02242e-27
-2.42949e-28 , -4.12413e-26 , 2.06084e-12 , 3.27643e-10 , -1.70064e-29 , -2.26475e-27 , -2.42949e-25 , -4.12413e-23 , 2.06084e-09 , 3.27643e-07 , -1.70064e-26 , -2.26475e-24 , 2.33003e-28 , 2.8723e-26 , 1.7138e-29 , 2.4587e-27 , -6.94339e-29 , -6.60518e-26 , 8.15511e-28 , 1.0053e-25 , 5.9983e-29 , 8.60544e-27 , -2.43018e-28 , -2.31181e-25
-2.6706e-27 , -3.64615e-25 , 2.51208e-11 , 3.20872e-09 , -3.28417e-28 , -3.96868e-26 , -2.6706e-24 , -3.64615e-22 , 2.51208e-08 , 3.20872e-06 , -3.28417e-25 , -3.96868e-23 , 4.3441e-27 , 3.35223e-25 , 1.58802e-28 , 4.65322e-26 , -2.60619e-27 , -7.92442e-25 , 1.52043e-26 , 1.17328e-24 , 5.55807e-28 , 1.62863e-25 , -9.12167e-27 , -2.77355e-24
-1.73702e-26 , -1.96561e-24 , 1.85327e-10 , 1.96827e-08 , -2.9673e-27 , -3.0444e-25 , -1.73702e-23 , -1.96561e-21 , 1.85327e-07 , 1.96827e-05 , -2.9673e-24 , -3.0444e-22 , 3.29631e-26 , 3.0531e-24 , 3.92576e-28 , 4.42912e-25 , -2.87305e-26 , -4.86278e-24 , 1.15371e-25 , 1.06859e-23 , 1.37402e-27 , 1.55019e-24 , -1.00557e-25 , -1.70197e-23
-7.93322e-26 , -7.57815e-24 , 9.72446e-10 , 8.80829e-08 , -1.70692e-26 , -1.40468e-24 , -7.93322e-23 , -7.57815e-21 , 9.72446e-07 , 8.80829e-05 , -1.70692e-23 , -1.40468e-21 , 2.00061e-25 , 1.98331e-23 , -3.72468e-27 , 2.73989e-24 , -1.44711e-25 , -2.17541e-23 , 7.00213e-25 , 6.94157e-23 , -1.30364e-26 , 9.58961e-24 , -5.06488e-25 , -7.61392e-23
-2.82921e-25 , -2.29815e-23 , 3.99002e-09 , 3.14111e-07 , -7.10422e-26 , -4.69413e-24 , -2.82921e-22 , -2.29815e-20 , 3.99002e-06 , 0.000314111 , -7.10422e-23 , -4.69413e-21 , 1.25619e-24 , 1.08223e-22 , -4.37982e-26 , 1.26516e-23 , -8.02968e-25 , -6.44093e-23 , 4.39668e-24 , 3.78781e-22 , -1.53294e-25 , 4.42804e-23 , -2.81039e-24 , -2.25433e-22
-8.36105e-25 , -5.77653e-23 , 1.35927e-08 , 9.43633e-07 , -2.32913e-25 , -1.21889e-23 , -8.36105e-22 , -5.77653e-20 , 1.35927e-05 , 0.000943633 , -2.32913e-22 , -1.21889e-20 , 4.44675e-24 , 4.82582e-22 , -2.55266e-25 , 4.74269e-23 , -3.15575e-24 , -2.02581e-22 , 1.55636e-23 , 1.68904e-21 , -8.93432e-25 , 1.65994e-22 , -1.10451e-23 , -7.09034e-22
-2.16458e-24 , -1.27063e-22 , 4.00327e-08 , 2.47942e-06 , -6.27787e-25 , -2.54909e-23 , -2.16458e-21 , -1.27063e-19 , 4.00327e-05 , 0.00247942 , -6.27787e-22 , -2.54909e-20 , 1.1655e-23 , 1.31449e-21 , -1.06511e-24 , 1.51181e-22 , -1.12789e-23 , -5.48246e-22 , 4.07926e-23 , 4.60071e-21 , -3.72788e-24 , 5.29132e-22 , -3.94762e-23 , -1.91886e-21
-4.93594e-24 , -2.51624e-22 , 1.04896e-07 , 5.85214e-06 , -1.44016e-24 , -4.39538e-23 , -4.93594e-21 , -2.51624e-19 , 0.000104896 , 0.00585214 , -1.44016e-21 , -4.39538e-20 , 3.29254e-23 , 4.58162e-21 , -3.594e-24 , 4.23404e-22 , -2.57637e-23 , -1.61772e-21 , 1.15239e-22 , 1.60357e-20 , -1.2579e-23 , 1.48191e-21 , -9.0173e-23 , -5.66203e-21
-1.0255e-23 , -4.50887e-22 , 2.49759e-07 , 1.26544e-05 , -2.88909e-24 , -5.59838e-23 , -1.0255e-20 , -4.50887e-19 , 0.000249759 , 0.0126544 , -2.88909e-21 , -5.59838e-20 , 9.76818e-23 , 1.4141e-20 , -1.03292e-23 , 1.06826e-21 , -7.56766e-23 , -4.02608e-21 , 3.41886e-22 , 4.94935e-20 , -3.61522e-23 , 3.73891e-21 , -2.64868e-22 , -1.40913e-20
-1.94146e-23 , -7.31678e-22 , 5.4912e-07 , 2.54445e-05 , -5.07216e-24 , -3.16452e-23 , -1.94146e-20 , -7.31678e-19 , 0.00054912 , 0.0254445 , -5.07216e-21 , -3.16452e-20 , 2.52719e-22 , 3.07791e-20 , -2.61698e-23 , 2.48353e-21 , -1.96599e-22 , -8.93758e-21 , 8.84517e-22 , 1.07727e-19 , -9.15943e-23 , 8.69235e-21 , -6.88098e-22 , -3.12815e-20
-3.42303e-23 , -1.09951e-21 , 1.12872e-06 , 4.81229e-05 , -8.2908e-24 , 7.47251e-23 , -3.42303e-20 , -1.09951e-18 , 0.00112872 , 0.0481229 , -8.2908e-21 , 7.47251e-20 , 6.23296e-22 , 5.96993e-20 , -6.01903e-23 , 5.39014e-21 , -6.71808e-22 , -2.14358e-20 , 2.18154e-21 , 2.08947e-19 , -2.10666e-22 , 1.88655e-20 , -2.35133e-21 , -7.50252e-20
-5.95708e-23 , -1.51475e-21 , 2.19041e-06 , 8.63787e-05 , -1.39747e-23 , 4.16853e-22 , -5.95708e-20 , -1.51475e-18 , 0.00219041 , 0.0863787 , -1.39747e-20 , 4.16853e-19 , 1.3947e-21 , 1.08585e-19 , -1.27912e-22 , 1.10271e-20 , -1.39305e-21 , -5.24194e-20 , 4.88145e-21 , 3.80048e-19 , -4.47693e-22 , 3.85948e-20 , -4.87569e-21 , -1.83468e-19
-1.03656e-22 , -1.84665e-21 , 4.04456e-06 , 0.000148201 , -2.3584e-23 , 1.22113e-21 , -1.03656e-19 , -1.84665e-18 , 0.00404456 , 0.148201 , -2.3584e-20 , 1.22113e-18 , 2.86188e-21 , 2.00549e-19 , -2.53539e-22 , 2.14182e-20 , -2.48561e-21 , -1.10256e-19 , 1.00166e-20 , 7.01921e-19 , -8.87386e-22 , 7.49637e-20 , -8.69965e-21 , -3.85895e-19
-1.82786e-22 , -1.84939e-21 , 7.15101e-06 , 0.000244436 , -2.99497e-23 , 2.85317e-21 , -1.82786e-19 , -1.84939e-18 , 0.00715101 , 0.244436 , -2.99497e-20 , 2.85317e-18 , 5.46348e-21 , 3.66083e-19 , -4.70451e-22 , 3.96807e-20 , -5.30608e-21 , -2.08822e-19 , 1.91222e-20 , 1.28129e-18 , -1.64658e-21 , 1.38882e-19 , -1.85713e-20 , -7.30876e-19
-3.15349e-22 , -1.45262e-21 , 1.2169e-05 , 0.000389385 , -1.69526e-23 , 5.79397e-21 , -3.15349e-19 , -1.45262e-18 , 0.012169 , 0.389385 , -1.69526e-20 , 5.79397e-18 , 9.63815e-21 , 6.3423e-19 , -8.23127e-22 , 7.05078e-20 , -1.00399e-20 , -4.1119e-19 , 3.37335e-20 , 2.2198e-18 , -2.88094e-21 , 2.46777e-19 , -3.51396e-20 , -1.43917e-18
-5.19271e-22 , -6.55376e-22 , 2.00167e-05 , 0.000601395 , 3.91444e-23 , 1.02267e-20 , -5.19271e-19 , -6.55376e-19 , 0.0200167 , 0.601395 , 3.91444e-20 , 1.02267e-17 , 1.63539e-20 , 1.17827e-18 , -1.36656e-21 , 1.20759e-19 , -1.93303e-20 , -7.61454e-19 , 5.72387e-20 , 4.12393e-18 , -4.78296e-21 , 4.22658e-19 , -6.7656e-20 , -2.66509e-18
-8.27999e-22 , 1.28341e-21 , 3.19396e-05 , 0.000903443 , 1.54283e-22 , 1.69365e-20 , -8.27999e-19 , 1.28341e-18 , 0.0319396 , 0.903443 , 1.54283e-19 , 1.69365e-17 , 2.67603e-20 , 2.03788e-18 , -2.16077e-21 , 2.00443e-19 , -3.31935e-20 , -1.20912e-18 , 9.36611e-20 , 7.13259e-18 , -7.56269e-21 , 7.0155e-19 , -1.16177e-19 , -4.23194e-18
-1.27461e-21 , 4.45193e-21 , 4.95881e-05 , 0.00132366 , 3.59754e-22 , 2.72951e-20 , -1.27461e-18 , 4.45193e-18 , 0.0495881 , 1.32366 , 3.59754e-19 , 2.72951e-17 , 3.98288e-20 , 3.07562e-18 , -3.2675e-21 , 3.23746e-19 , -4.64231e-20 , -1.6561e-18 , 1.39401e-19 , 1.07647e-17 , -1.14363e-20 , 1.13311e-18 , -1.62481e-19 , -5.79637e-18
-1.89329e-21 , 9.0789e-21 , 7.51023e-05 , 0.00189575 , 6.66158e-22 , 4.23699e-20 , -1.89329e-18 , 9.0789e-18 , 0.0751023 , 1.89575 , 6.66158e-19 , 4.23699e-17 , 6.35457e-20 , 4.3999e-18 , -4.73408e-21 , 5.10099e-19 , -6.81538e-20 , -2.28858e-18 , 2.2241e-19 , 1.53996e-17 , -1.65693e-20 , 1.78535e-18 , -2.38538e-19 , -8.01004e-18
-2.72399e-21 , 1.47386e-20 , 0.000111202 , 0.00265934 , 1.09998e-21 , 6.51928e-20 , -2.72399e-18 , 1.47386e-17 , 0.111202 , 2.65934 , 1.09998e-18 , 6.51928e-17 , 1.11948e-19 , 6.35146e-18 , -6.54532e-21 , 7.86167e-19 , -9.63565e-20 , -3.24169e-18 , 3.91817e-19 , 2.22301e-17 , -2.29086e-20 , 2.75158e-18 , -3.37248e-19 , -1.13459e-17
-3.6774e-21 , 2.17759e-20 , 0.000161283 , 0.00366007 , 1.72378e-21 , 9.9901e-20 , -3.6774e-18 , 2.17759e-17 , 0.161283 , 3.66007 , 1.72378e-18 , 9.9901e-17 , 1.63254e-19 , 8.76768e-18 , -8.56826e-21 , 1.18719e-18 , -1.26136e-19 , -4.49112e-18 , 5.71388e-19 , 3.06869e-17 , -2.99889e-20 , 4.15518e-18 , -4.41475e-19 , -1.57189e-17
-4.74753e-21 , 2.94827e-20 , 0.000229508 , 0.00494957 , 2.73735e-21 , 1.47737e-19 , -4.74753e-18 , 2.94827e-17 , 0.229508 , 4.94957 , 2.73735e-18 , 1.47737e-16 , 2.40697e-19 , 1.15092e-17 , -1.05023e-20 , 1.75825e-18 , -1.63319e-19 , -6.26055e-18 , 8.42438e-19 , 4.02821e-17 , -3.67579e-20 , 6.15388e-18 , -5.71617e-19 , -2.19119e-17
-6.0191e-21 , 3.59651e-20 , 0.000320902 , 0.00658513 , 4.27949e-21 , 2.08084e-19 , -6.0191e-18 , 3.59651e-17 , 0.320902 , 6.58513 , 4.27949e-18 , 2.08084e-16 , 3.19108e-19 , 1.51025e-17 , -1.18563e-20 , 2.55585e-18 , -2.01127e-19 , -8.28462e-18 , 1.11688e-18 , 5.28588e-17 , -4.14971e-20 , 8.94547e-18 , -7.03943e-19 , -2.89962e-17
-7.58492e-21 , 3.93051e-20 , 0.000441433 , 0.00862913 , 6.38892e-21 , 2.76747e-19 , -7.58492e-18 , 3.93051e-17 , 0.441433 , 8.62913 , 6.38892e-18 , 2.76747e-16 , 3.98487e-19 , 1.92844e-17 , -1.19178e-20 , 3.64867e-18 , -2.39572e-19 , -1.14636e-17 , 1.3947e-18 , 6.74956e-17 , -4.17124e-20 , 1.27703e-17 , -8.38503e-19 , -4.01227e-17
-9.23893e-21 , 3.08927e-20 , 0.000598088 , 0.0111482 , 9.67672e-21 , 3.55899e-19 , -9.23893e-18 , 3.08927e-17 , 0.598088 , 11.1482 , 9.67672e-18 , 3.55899e-16 , 5.8435e-19 , 2.54179e-17 , -9.72163e-21 , 5.11882e-18 , -3.02838e-19 , -1.68582e-17 , 2.04523e-18 , 8.89628e-17 , -3.40257e-20 , 1.79159e-17 , -1.05993e-18 , -5.90038e-17
-1.0645e-20 , 7.81968e-21 , 0.000798929 , 0.0142119 , 1.55621e-20 , 4.47316e-19 , -1.0645e-17 , 7.81968e-18 , 0.798929 , 14.2119 , 1.55621e-17 , 4.47316e-16 , 8.28295e-19 , 3.13656e-17 , -3.9782e-21 , 7.06675e-18 , -3.80957e-19 , -2.27766e-17 , 2.89903e-18 , 1.09779e-16 , -1.39237e-20 , 2.47336e-17 , -1.33335e-18 , -7.97183e-17
-1.15239e-20 , -2.86912e-20 , 0.00105313 , 0.0178916 , 2.46455e-20 , 5.55882e-19 , -1.15239e-17 , -2.86912e-17 , 1.05313 , 17.8916 , 2.46455e-17 , 5.55882e-16 , 1.07611e-18 , 3.77469e-17 , 7.01037e-21 , 9.59705e-18 , -4.46593e-19 , -2.99494e-17 , 3.7664e-18 , 1.32114e-16 , 2.45363e-20 , 3.35897e-17 , -1.56308e-18 , -1.04823e-16
-1.11203e-20 , -7.39218e-20 , 0.00137097 , 0.022258 , 3.80924e-20 , 6.91678e-19 , -1.11203e-17 , -7.39218e-17 , 1.37097 , 22.258 , 3.80924e-17 , 6.91678e-16 , 1.31619e-18 , 4.50575e-17 , 2.53315e-20 , 1.28275e-17 , -5.27074e-19 , -3.86768e-17 , 4.60665e-18 , 1.57701e-16 , 8.86603e-20 , 4.48961e-17 , -1.84476e-18 , -1.35369e-16
-9.02409e-21 , -1.24027e-19 , 0.00176384 , 0.0273798 , 5.65423e-20 , 8.68801e-19 , -9.02409e-18 , -1.24027e-16 , 1.76384 , 27.3798 , 5.65423e-17 , 8.68801e-16 , 1.54852e-18 , 5.43506e-17 , 5.37925e-20 , 1.68996e-17 , -5.99875e-19 , -4.97609e-17 , 5.4198e-18 , 1.90227e-16 , 1.88274e-19 , 5.91488e-17 , -2.09956e-18 , -1.74163e-16
-5.37307e-21 , -2.0732e-19 , 0.00224417 , 0.0333207 , 8.05579e-20 , 1.07143e-18 , -5.37307e-18 , -2.0732e-16 , 2.24417 , 33.3207 , 8.05579e-17 , 1.07143e-15 , 2.07513e-18 , 6.82284e-17 , 9.56924e-20 , 2.19771e-17 , -8.59555e-19 , -6.58639e-17 , 7.26295e-18 , 2.38799e-16 , 3.34923e-19 , 7.692e-17 , -3.00844e-18 , -2.30524e-16
-4.29522e-22 , -2.95581e-19 , 0.00282533 , 0.0401373 , 1.1204e-19 , 1.3289e-18 , -4.29522e-19 , -2.95581e-16 , 2.82533 , 40.1373 , 1.1204e-16 , 1.3289e-15 , 2.66369e-18 , 8.40888e-17 , 1.54345e-19 , 2.82538e-17 , -1.1355e-18 , -8.78951e-17 , 9.32293e-18 , 2.94311e-16 , 5.40206e-19 , 9.88884e-17 , -3.97424e-18 , -3.07633e-16
6.98007e-21 , -3.27136e-19 , 0.00352148 , 0.0478761 , 1.53567e-19 , 1.67082e-18 , 6.98007e-18 , -3.27136e-16 , 3.52148 , 47.8761 , 1.53567e-16 , 1.67082e-15 , 3.15933e-18 , 1.04162e-16 , 2.33389e-19 , 3.59661e-17 , -1.28859e-18 , -1.18608e-16 , 1.10577e-17 , 3.64567e-16 , 8.16861e-19 , 1.25881e-16 , -4.51005e-18 , -4.15126e-16
1.80778e-20 , -2.91788e-19 , 0.00434743 , 0.0565705 , 2.06569e-19 , 2.07531e-18 , 1.80778e-17 , -2.91788e-16 , 4.34743 , 56.5705 , 2.06569e-16 , 2.07531e-15 , 3.71692e-18 , 1.28944e-16 , 3.37045e-19 , 4.53901e-17 , -1.35283e-18 , -1.56997e-16 , 1.30092e-17 , 4.51303e-16 , 1.17966e-18 , 1.58865e-16 , -4.73489e-18 , -5.49491e-16
3.71157e-20 , -2.01296e-19 , 0.00531835 , 0.0662385 , 2.69372e-19 , 2.52439e-18 , 3.71157e-17 , -2.01296e-16 , 5.31835 , 66.2385 , 2.69372e-16 , 2.52439e-15 , 4.36744e-18 , 1.6116e-16 , 4.69929e-19 , 5.6845e-17 , -1.39788e-18 , -2.07254e-16 , 1.5286e-17 , 5.6406e-16 , 1.64475e-18 , 1.98957e-16 , -4.89257e-18 , -7.2539e-16
6.56368e-20 , -4.23302e-20 , 0.00644958 , 0.0768791 , 3.43441e-19 , 2.9729e-18 , 6.56368e-17 , -4.23302e-17 , 6.44958 , 76.8791 , 3.43441e-16 , 2.9729e-15 , 5.26578e-18 , 1.91394e-16 , 6.36234e-19 , 7.06975e-17 , -1.71316e-18 , -2.62873e-16 , 1.84302e-17 , 6.69878e-16 , 2.22682e-18 , 2.47441e-16 , -5.99605e-18 , -9.20054e-16
1.097e-19 , 2.33038e-19 , 0.00775621 , 0.0884705 , 4.34524e-19 , 3.45505e-18 , 1.097e-16 , 2.33038e-16 , 7.75621 , 88.4705 , 4.34524e-16 , 3.45505e-15 , 7.12441e-18 , 2.33027e-16 , 8.4121e-19 , 8.73728e-17 , -2.40262e-18 , -3.29231e-16 , 2.49354e-17 , 8.15595e-16 , 2.94423e-18 , 3.05805e-16 , -8.40918e-18 , -1.15231e-15
1.77397e-19 , 6.35831e-19 , 0.00925284 , 0.100967 , 5.45087e-19 , 4.01031e-18 , 1.77397e-16 , 6.35831e-16 , 9.25284 , 100.967 , 5.45087e-16 , 4.01031e-15 , 9.7265e-18 , 2.78626e-16 , 1.09328e-18 , 1.07358e-16 , -2.5167e-18 , -3.99809e-16 , 3.40427e-17 , 9.7519e-16 , 3.82647e-18 , 3.75752e-16 , -8.80844e-18 , -1.39933e-15
2.72323e-19 , 1.14385e-18 , 0.0109531 , 0.114297 , 6.72155e-19 , 4.63593e-18 , 2.72323e-16 , 1.14385e-15 , 10.9531 , 114.297 , 6.72155e-16 , 4.63593e-15 , 1.22047e-17 , 3.29676e-16 , 1.40493e-18 , 1.31184e-16 , -2.69308e-18 , -4.77077e-16 , 4.27164e-17 , 1.15387e-15 , 4.91724e-18 , 4.59143e-16 , -9.42578e-18 , -1.66977e-15
3.94236e-19 , 1.72138e-18 , 0.0128693 , 0.128363 , 8.17116e-19 , 5.33572e-18 , 3.94236e-16 , 1.72138e-15 , 12.8693 , 128.363 , 8.17116e-16 , 5.33572e-15 , 1.46829e-17 , 3.88657e-16 , 1.79474e-18 , 1.59418e-16 , -2.95422e-18 , -5.61506e-16 , 5.139e-17 , 1.3603e-15 , 6.28158e-18 , 5.57965e-16 , -1.03398e-17 , -1.96527e-15
5.44203e-19 , 2.39739e-18 , 0.0150118 , 0.143036 , 9.80655e-19 , 6.19007e-18 , 5.44203e-16 , 2.39739e-15 , 15.0118 , 143.036 , 9.80655e-16 , 6.19007e-15 , 1.82143e-17 , 4.47142e-16 , 2.28511e-18 , 1.9265e-16 , -3.63123e-18 , -6.456e-16 , 6.37499e-17 , 1.565e-15 , 7.99787e-18 , 6.74275e-16 , -1.27093e-17 , -2.2596e-15
7.28673e-19 , 3.17806e-18 , 0.017389 , 0.158161 , 1.15263e-18 , 7.26748e-18 , 7.28673e-16 , 3.17806e-15 , 17.389 , 158.161 , 1.15263e-15 , 7.26748e-15 , 2.51531e-17 , 5.086e-16 , 2.8977e-18 , 2.3145e-16 , -4.50083e-18 , -7.42683e-16 , 8.8036e-17 , 1.7801e-15 , 1.0142e-17 , 8.10076e-16 , -1.57529e-17 , -2.59939e-15
9.50758e-19 , 3.87305e-18 , 0.0200064 , 0.173553 , 1.31089e-18 , 8.56994e-18 , 9.50758e-16 , 3.87305e-15 , 20.0064 , 173.553 , 1.31089e-15 , 8.56994e-15 , 3.44463e-17 , 5.79972e-16 , 3.65305e-18 , 2.763e-16 , -7.01415e-18 , -8.61532e-16 , 1.20562e-16 , 2.0299e-15 , 1.27857e-17 , 9.67048e-16 , -2.45495e-17 , -3.01536e-15
1.23193e-18 , 4.41171e-18 , 0.0228664 , 0.188999 , 1.47682e-18 , 1.01043e-17 , 1.23193e-15 , 4.41171e-15 , 22.8664 , 188.999 , 1.47682e-15 , 1.01043e-14 , 4.58459e-17 , 6.58282e-16 , 4.58195e-18 , 3.27519e-16 , -1.18023e-17 , -9.88976e-16 , 1.60461e-16 , 2.30399e-15 , 1.60368e-17 , 1.14632e-15 , -4.13079e-17 , -3.46142e-15
1.57963e-18 , 4.99308e-18 , 0.0259677 , 0.204258 , 1.66395e-18 , 1.20297e-17 , 1.57963e-15 , 4.99308e-15 , 25.9677 , 204.258 , 1.66395e-15 , 1.20297e-14 , 5.92281e-17 , 7.58401e-16 , 5.72718e-18 , 3.85219e-16 , -1.81155e-17 , -1.13361e-15 , 2.07298e-16 , 2.6544e-15 , 2.00451e-17 , 1.34827e-15 , -6.34042e-17 , -3.96764e-15
1.98709e-18 , 5.79036e-18 , 0.0293052 , 0.219067 , 1.89354e-18 , 1.44971e-17 , 1.98709e-15 , 5.79036e-15 , 29.3052 , 219.067 , 1.89354e-15 , 1.44971e-14 , 7.75666e-17 , 8.57528e-16 , 7.12402e-18 , 4.49245e-16 , -2.5333e-17 , -1.27624e-15 , 2.71483e-16 , 3.00135e-15 , 2.49341e-17 , 1.57236e-15 , -8.86656e-17 , -4.46684e-15
2.45916e-18 , 6.87109e-18 , 0.0328694 , 0.233142 , 2.21474e-18 , 1.75512e-17 , 2.45916e-15 , 6.87109e-15 , 32.8694 , 233.142 , 2.21474e-15 , 1.75512e-14 , 9.75159e-17 , 9.64585e-16 , 8.78903e-18 , 5.1918e-16 , -3.44608e-17 , -1.42144e-15 , 3.41306e-16 , 3.37605e-15 , 3.07616e-17 , 1.81713e-15 , -1.20613e-16 , -4.97504e-15
2.93874e-18 , 8.34761e-18 , 0.0366462 , 0.246179 , 2.61192e-18 , 2.12432e-17 , 2.93874e-15 , 8.34761e-15 , 36.6462 , 246.179 , 2.61192e-15 , 2.12432e-14 , 1.16598e-16 , 1.08651e-15 , 1.07703e-17 , 5.94225e-16 , -4.90879e-17 , -1.55797e-15 , 4.08092e-16 , 3.80279e-15 , 3.76959e-17 , 2.07979e-15 , -1.71808e-16 , -5.45288e-15
3.38163e-18 , 1.02761e-17 , 0.0406166 , 0.257864 , 3.10542e-18 , 2.56154e-17 , 3.38163e-15 , 1.02761e-14 , 40.6166 , 257.864 , 3.10542e-15 , 2.56154e-14 , 1.36919e-16 , 1.19654e-15 , 1.31601e-17 , 6.73259e-16 , -7.07732e-17 , -1.71531e-15 , 4.79216e-16 , 4.1879e-15 , 4.60605e-17 , 2.35641e-15 , -2.47706e-16 , -6.00357e-15
3.76984e-18 , 1.26329e-17 , 0.0447565 , 0.267874 , 3.73121e-18 , 3.06729e-17 , 3.76984e-15 , 1.26329e-14 , 44.7565 , 267.874 , 3.73121e-15 , 3.06729e-14 , 1.56249e-16 , 1.29567e-15 , 1.60092e-17 , 7.5519e-16 , -9.22323e-17 , -1.88623e-15 , 5.4687e-16 , 4.53484e-15 , 5.60323e-17 , 2.64316e-15 , -3.22813e-16 , -6.60181e-15
4.09652e-18 , 1.5582e-17 , 0.0490368 , 0.275884 , 4.48773e-18 , 3.64356e-17 , 4.09652e-15 , 1.5582e-14 , 49.0368 , 275.884 , 4.48773e-15 , 3.64356e-14 , 1.73844e-16 , 1.45824e-15 , 1.92706e-17 , 8.3903e-16 , -1.14856e-16 , -2.06243e-15 , 6.08453e-16 , 5.10383e-15 , 6.7447e-17 , 2.93661e-15 , -4.01995e-16 , -7.2185e-15
4.35159e-18 , 1.91908e-17 , 0.0534234 , 0.281574 , 5.35544e-18 , 4.28117e-17 , 4.35159e-15 , 1.91908e-14 , 53.4234 , 281.574 , 5.35544e-15 , 4.28117e-14 , 1.9466e-16 , 1.6446e-15 , 2.28751e-17 , 9.23815e-16 , -1.39536e-16 , -2.23958e-15 , 6.81311e-16 , 5.75609e-15 , 8.00628e-17 , 3.23335e-15 , -4.88376e-16 , -7.83853e-15
4.50061e-18 , 2.35514e-17 , 0.0578771 , 0.284633 , 6.29205e-18 , 4.97911e-17 , 4.50061e-15 , 2.35514e-14 , 57.8771 , 284.633 , 6.29205e-15 , 4.97911e-14 , 2.18947e-16 , 1.82501e-15 , 2.67788e-17 , 1.00875e-15 , -1.66161e-16 , -2.41152e-15 , 7.66313e-16 , 6.38753e-15 , 9.37259e-17 , 3.53063e-15 , -5.81563e-16 , -8.4403e-15
4.54009e-18 , 2.86073e-17 , 0.062354 , 0.284767 , 7.27881e-18 , 5.72446e-17 , 4.54009e-15 , 2.86073e-14 , 62.354 , 284.767 , 7.27881e-15 , 5.72446e-14 , 2.44472e-16 , 2.01731e-15 , 3.09347e-17 , 1.09317e-15 , -1.9189e-16 , -2.58802e-15 , 8.55651e-16 , 7.0606e-15 , 1.08271e-16 , 3.82611e-15 , -6.71615e-16 , -9.05807e-15
4.46291e-18 , 3.4268e-17 , 0.0668057 , 0.281708 , 8.3137e-18 , 6.50202e-17 , 4.46291e-15 , 3.4268e-14 , 66.8057 , 281.708 , 8.3137e-15 , 6.50202e-14 , 2.63802e-16 , 2.22548e-15 , 3.53526e-17 , 1.17656e-15 , -2.19342e-16 , -2.76111e-15 , 9.23305e-16 , 7.78918e-15 , 1.23734e-16 , 4.11798e-15 , -7.67698e-16 , -9.66388e-15
4.2753e-18 , 4.03554e-17 , 0.0711802 , 0.275215 , 9.35097e-18 , 7.31583e-17 , 4.2753e-15 , 4.03554e-14 , 71.1802 , 275.215 , 9.35097e-15 , 7.31583e-14 , 2.79166e-16 , 2.46339e-15 , 4.01419e-17 , 1.25856e-15 , -2.49157e-16 , -2.92095e-15 , 9.77082e-16 , 8.62185e-15 , 1.40497e-16 , 4.40497e-15 , -8.72048e-16 , -1.02233e-14
3.99954e-18 , 4.67873e-17 , 0.0754215 , 0.265087 , 1.03734e-17 , 8.13012e-17 , 3.99954e-15 , 4.67873e-14 , 75.4215 , 265.087 , 1.03734e-14 , 8.13012e-14 , 2.95027e-16 , 2.72508e-15 , 4.54277e-17 , 1.33899e-15 , -2.78754e-16 , -3.07778e-15 , 1.03259e-15 , 9.53778e-15 , 1.58997e-16 , 4.68646e-15 , -9.75638e-16 , -1.07722e-14
3.6465e-18 , 5.35764e-17 , 0.0794711 , 0.251162 , 1.13823e-17 , 8.93702e-17 , 3.6465e-15 , 5.35764e-14 , 79.4711 , 251.162 , 1.13823e-14 , 8.93702e-14 , 3.10887e-16 , 2.99768e-15 , 5.13403e-17 , 1.41785e-15 , -3.07549e-16 , -3.23299e-15 , 1.0881e-15 , 1.04919e-14 , 1.79691e-16 , 4.96247e-15 , -1.07642e-15 , -1.13154e-14
3.22711e-18 , 6.05957e-17 , 0.0832684 , 0.233329 , 1.23809e-17 , 9.71517e-17 , 3.22711e-15 , 6.05957e-14 , 83.2684 , 233.329 , 1.23809e-14 , 9.71517e-14 , 3.25756e-16 , 3.29011e-15 , 5.80074e-17 , 1.49538e-15 , -3.34485e-16 , -3.35438e-15 , 1.14015e-15 , 1.15154e-14 , 2.03026e-16 , 5.23381e-15 , -1.1707e-15 , -1.17403e-14
2.74777e-18 , 6.78385e-17 , 0.0867514 , 0.211528 , 1.33656e-17 , 1.04316e-16 , 2.74777e-15 , 6.78385e-14 , 86.7514 , 211.528 , 1.33656e-14 , 1.04316e-13 , 3.42608e-16 , 3.60335e-15 , 6.55278e-17 , 1.57189e-15 , -3.62501e-16 , -3.46153e-15 , 1.19913e-15 , 1.26117e-14 , 2.29347e-16 , 5.50162e-15 , -1.26875e-15 , -1.21154e-14
2.21392e-18 , 7.51753e-17 , 0.0898576 , 0.185755 , 1.43217e-17 , 1.1082e-16 , 2.21392e-15 , 7.51753e-14 , 89.8576 , 185.755 , 1.43217e-14 , 1.1082e-13 , 3.61442e-16 , 3.91461e-15 , 7.39562e-17 , 1.64779e-15 , -3.85628e-16 , -3.55231e-15 , 1.26505e-15 , 1.37011e-14 , 2.58847e-16 , 5.76725e-15 , -1.3497e-15 , -1.24331e-14
1.6771e-18 , 8.25699e-17 , 0.0925251 , 0.156068 , 1.52191e-17 , 1.1659e-16 , 1.6771e-15 , 8.25699e-14 , 92.5251 , 156.068 , 1.52191e-14 , 1.1659e-13 , 3.81763e-16 , 4.22091e-15 , 8.32983e-17 , 1.7235e-15 , -4.05402e-16 , -3.6146e-15 , 1.33617e-15 , 1.47732e-14 , 2.91544e-16 , 6.03224e-15 , -1.41891e-15 , -1.26511e-14
1.16365e-18 , 8.98496e-17 , 0.0946933 , 0.122585 , 1.60475e-17 , 1.21535e-16 , 1.16365e-15 , 8.98496e-14 , 94.6933 , 122.585 , 1.60475e-14 , 1.21535e-13 , 4.07536e-16 , 4.53019e-15 , 9.35131e-17 , 1.79946e-15 , -4.20487e-16 , -3.67485e-15 , 1.42638e-15 , 1.58556e-14 , 3.27296e-16 , 6.2981e-15 , -1.47171e-15 , -1.2862e-14
7.16434e-19 , 9.69065e-17 , 0.0963041 , 0.0854908 , 1.67932e-17 , 1.25588e-16 , 7.16434e-16 , 9.69065e-14 , 96.3041 , 85.4908 , 1.67932e-14 , 1.25588e-13 , 4.41735e-16 , 4.83847e-15 , 1.04583e-16 , 1.87607e-15 , -4.37082e-16 , -3.72499e-15 , 1.54607e-15 , 1.69346e-14 , 3.6604e-16 , 6.56625e-15 , -1.52979e-15 , -1.30375e-14
3.82542e-19 , 1.03674e-16 , 0.0973028 , 0.0450299 , 1.74955e-17 , 1.28797e-16 , 3.82542e-16 , 1.03674e-13 , 97.3028 , 45.0299 , 1.74955e-14 , 1.28797e-13 , 4.76429e-16 , 5.14031e-15 , 1.16517e-16 , 1.95371e-15 , -4.54963e-16 , -3.75103e-15 , 1.6675e-15 , 1.79911e-14 , 4.07809e-16 , 6.83798e-15 , -1.59237e-15 , -1.31286e-14
1.75436e-19 , 1.1015e-16 , 0.0976391 , 0.00151189 , 1.81552e-17 , 1.31106e-16 , 1.75436e-16 , 1.1015e-13 , 97.6391 , 1.51189 , 1.81552e-14 , 1.31106e-13 , 5.11124e-16 , 5.44201e-15 , 1.29292e-16 , 2.03267e-15 , -4.72927e-16 , -3.74808e-15 , 1.78893e-15 , 1.9047e-14 , 4.5252e-16 , 7.11433e-15 , -1.65525e-15 , -1.31183e-14
1.01055e-19 , 1.16405e-16 , 0.0972681 , -0.0446932 , 1.87599e-17 , 1.32473e-16 , 1.01055e-16 , 1.16405e-13 , 97.2681 , -44.6932 , 1.87599e-14 , 1.32473e-13 , 5.45818e-16 , 5.73658e-15 , 1.42857e-16 , 2.113e-15 , -4.91242e-16 , -3.71275e-15 , 1.91036e-15 , 2.0078e-14 , 5.00001e-16 , 7.3955e-15 , -1.71935e-15 , -1.29946e-14
1.62508e-19 , 1.22442e-16 , 0.0961512 , -0.0931572 , 1.93426e-17 , 1.32907e-16 , 1.62508e-16 , 1.22442e-13 , 96.1512 , -93.1572 , 1.93426e-14 , 1.32907e-13 , 5.90425e-16 , 6.01091e-15 , 1.57153e-16 , 2.1944e-15 , -5.10159e-16 , -3.64776e-15 , 2.06649e-15 , 2.10382e-14 , 5.50036e-16 , 7.68039e-15 , -1.78556e-15 , -1.27672e-14
3.75444e-19 , 1.2824e-16 , 0.094257 , -0.143398 , 1.9962e-17 , 1.32478e-16 , 3.75444e-16 , 1.2824e-13 , 94.257 , -143.398 , 1.9962e-14 , 1.32478e-13 , 6.36519e-16 , 6.28301e-15 , 1.72113e-16 , 2.27608e-15 , -5.31387e-16 , -3.56812e-15 , 2.22782e-15 , 2.19906e-14 , 6.02395e-16 , 7.96627e-15 , -1.85985e-15 , -1.24884e-14
7.38404e-19 , 1.33811e-16 , 0.0915621 , -0.194883 , 2.06031e-17 , 1.31296e-16 , 7.38404e-16 , 1.33811e-13 , 91.5621 , -194.883 , 2.06031e-14 , 1.31296e-13 , 6.82118e-16 , 6.54273e-15 , 1.87685e-16 , 2.35672e-15 , -5.5214e-16 , -3.47042e-15 , 2.38741e-15 , 2.28995e-14 , 6.56898e-16 , 8.24853e-15 , -1.93249e-15 , -1.21465e-14
1.24387e-18 , 1.39196e-16 , 0.0880519 , -0.247038 , 2.12578e-17 , 1.29633e-16 , 1.24387e-15 , 1.39196e-13 , 88.0519 , -247.038 , 2.12578e-14 , 1.29633e-13 , 7.27221e-16 , 6.76675e-15 , 2.03865e-16 , 2.4345e-15 , -5.77511e-16 , -3.34295e-15 , 2.54527e-15 , 2.36836e-14 , 7.13526e-16 , 8.52075e-15 , -2.02129e-15 , -1.17003e-14
1.85631e-18 , 1.44587e-16 , 0.0837211 , -0.299249 , 2.19277e-17 , 1.27906e-16 , 1.85631e-15 , 1.44587e-13 , 83.7211 , -299.249 , 2.19277e-14 , 1.27906e-13 , 7.71828e-16 , 6.91941e-15 , 2.20632e-16 , 2.50702e-15 , -6.05561e-16 , -3.18098e-15 , 2.7014e-15 , 2.42179e-14 , 7.72213e-16 , 8.77455e-15 , -2.11946e-15 , -1.11334e-14
2.57087e-18 , 1.49944e-16 , 0.0785743 , -0.350874 , 2.25976e-17 , 1.26555e-16 , 2.57087e-15 , 1.49944e-13 , 78.5743 , -350.874 , 2.25976e-14 , 1.26555e-13 , 8.17922e-16 , 6.99475e-15 , 2.37984e-16 , 2.57128e-15 , -6.34809e-16 , -3.02825e-15 , 2.86273e-15 , 2.44816e-14 , 8.32946e-16 , 8.99947e-15 , -2.22183e-15 , -1.05989e-14
3.35052e-18 , 1.55263e-16 , 0.0726264 , -0.401248 , 2.32405e-17 , 1.25713e-16 , 3.35052e-15 , 1.55263e-13 , 72.6264 , -401.248 , 2.32405e-14 , 1.25713e-13 , 8.70459e-16 , 6.99475e-15 , 2.55959e-16 , 2.62369e-15 , -6.76093e-16 , -2.89545e-15 , 3.04661e-15 , 2.44816e-14 , 8.95858e-16 , 9.18291e-15 , -2.36632e-15 , -1.01341e-14
4.1375e-18 , 1.60481e-16 , 0.065903 , -0.449691 , 2.38385e-17 , 1.25483e-16 , 4.1375e-15 , 1.60481e-13 , 65.903 , -449.691 , 2.38385e-14 , 1.25483e-13 , 9.21014e-16 , 6.9551e-15 , 2.74565e-16 , 2.66054e-15 , -7.18407e-16 , -2.77721e-15 , 3.22355e-15 , 2.43428e-14 , 9.60977e-16 , 9.3119e-15 , -2.51443e-15 , -9.72023e-15
4.9028e-18 , 1.6562e-16 , 0.0584403 , -0.495519 , 2.4361e-17 , 1.25802e-16 , 4.9028e-15 , 1.6562e-13 , 58.4403 , -495.519 , 2.4361e-14 , 1.25802e-13 , 9.68099e-16 , 6.82623e-15 , 2.93846e-16 , 2.67838e-15 , -7.61143e-16 , -2.6464e-15 , 3.38835e-15 , 2.38918e-14 , 1.02846e-15 , 9.37432e-15 , -2.664e-15 , -9.26239e-15
5.5687e-18 , 1.70477e-16 , 0.0502852 , -0.538052 , 2.4758e-17 , 1.25844e-16 , 5.5687e-15 , 1.70477e-13 , 50.2852 , -538.052 , 2.4758e-14 , 1.25844e-13 , 1.01618e-15 , 6.55661e-15 , 3.1386e-16 , 2.67443e-15 , -8.0957e-16 , -2.48993e-15 , 3.55662e-15 , 2.29481e-14 , 1.09851e-15 , 9.36049e-15 , -2.83349e-15 , -8.71477e-15
6.04522e-18 , 1.74762e-16 , 0.0414953 , -0.576621 , 2.49452e-17 , 1.24589e-16 , 6.04522e-15 , 1.74762e-13 , 41.4953 , -576.621 , 2.49452e-14 , 1.24589e-13 , 1.06921e-15 , 6.24336e-15 , 3.34649e-16 , 2.64688e-15 , -8.63429e-16 , -2.30499e-15 , 3.74223e-15 , 2.18518e-14 , 1.17127e-15 , 9.26409e-15 , -3.022e-15 , -8.06745e-15
6.27694e-18 , 1.78352e-16 , 0.0321384 , -0.610582 , 2.48758e-17 , 1.21524e-16 , 6.27694e-15 , 1.78352e-13 , 32.1384 , -610.582 , 2.48758e-14 , 1.21524e-13 , 1.12373e-15 , 5.86272e-15 , 3.5626e-16 , 2.59493e-15 , -9.18686e-16 , -2.091e-15 , 3.93305e-15 , 2.05195e-14 , 1.24691e-15 , 9.08224e-15 , -3.2154e-15 , -7.3185e-15
6.25326e-18 , 1.81228e-16 , 0.0222923 , -0.639322 , 2.45302e-17 , 1.16637e-16 , 6.25326e-15 , 1.81228e-13 , 22.2923 , -639.322 , 2.45302e-14 , 1.16637e-13 , 1.18259e-15 , 5.38691e-15 , 3.78747e-16 , 2.51909e-15 , -9.72759e-16 , -1.80043e-15 , 4.13905e-15 , 1.88542e-14 , 1.32561e-15 , 8.81683e-15 , -3.40466e-15 , -6.30151e-15
5.97095e-18 , 1.83343e-16 , 0.012044 , -0.662268 , 2.39023e-17 , 1.10577e-16 , 5.97095e-15 , 1.83343e-13 , 12.044 , -662.268 , 2.39023e-14 , 1.10577e-13 , 1.24088e-15 , 4.78421e-15 , 4.02117e-16 , 2.42079e-15 , -1.02728e-15 , -1.50542e-15 , 4.3431e-15 , 1.67447e-14 , 1.40741e-15 , 8.47275e-15 , -3.59549e-15 , -5.26897e-15
5.43387e-18 , 1.84664e-16 , 0.001489 , -0.678902 , 2.29555e-17 , 1.04678e-16 , 5.43387e-15 , 1.84664e-13 , 1.489 , -678.902 , 2.29555e-14 , 1.04678e-13 , 1.29754e-15 , 4.05464e-15 , 4.26309e-16 , 2.30258e-15 , -1.07924e-15 , -1.21107e-15 , 4.5414e-15 , 1.41912e-14 , 1.49208e-15 , 8.05902e-15 , -3.77734e-15 , -4.23876e-15
4.65361e-18 , 1.8512e-16 , -0.00926945 , -0.688762 , 2.16891e-17 , 9.96467e-17 , 4.65361e-15 , 1.8512e-13 , -9.26945 , -688.762 , 2.16891e-14 , 9.96467e-14 , 1.35374e-15 , 3.30127e-15 , 4.5119e-16 , 2.16852e-15 , -1.12597e-15 , -9.42558e-16 , 4.7381e-15 , 1.15545e-14 , 1.57916e-15 , 7.58984e-15 , -3.94091e-15 , -3.29895e-15
3.6425e-18 , 1.84493e-16 , -0.0201215 , -0.691459 , 2.01326e-17 , 9.57351e-17 , 3.6425e-15 , 1.84493e-13 , -20.1215 , -691.459 , 2.01326e-14 , 9.57351e-14 , 1.41136e-15 , 2.54394e-15 , 4.76545e-16 , 2.02398e-15 , -1.16483e-15 , -6.73703e-16 , 4.93976e-15 , 8.9038e-15 , 1.66791e-15 , 7.08393e-15 , -4.07691e-15 , -2.35796e-15
2.39897e-18 , 1.82714e-16 , -0.0309518 , -0.686681 , 1.82985e-17 , 9.30019e-17 , 2.39897e-15 , 1.82714e-13 , -30.9518 , -686.681 , 1.82985e-14 , 9.30019e-14 , 1.46848e-15 , 1.76282e-15 , 5.02066e-16 , 1.87541e-15 , -1.19498e-15 , -4.26623e-16 , 5.13969e-15 , 6.16987e-15 , 1.75723e-15 , 6.56395e-15 , -4.18244e-15 , -1.49318e-15
9.31093e-19 , 1.79157e-16 , -0.0416409 , -0.674203 , 1.62643e-17 , 9.17844e-17 , 9.31093e-16 , 1.79157e-13 , -41.6409 , -674.203 , 1.62643e-14 , 9.17844e-14 , 1.5209e-15 , 9.30154e-16 , 5.27344e-16 , 1.73014e-15 , -1.2159e-15 , -2.7939e-16 , 5.32313e-15 , 3.25554e-15 , 1.84571e-15 , 6.05548e-15 , -4.25566e-15 , -9.77866e-16
-6.87003e-19 , 1.73178e-16 , -0.0520666 , -0.653892 , 1.41615e-17 , 9.22868e-17 , -6.87003e-16 , 1.73178e-13 , -52.0666 , -653.892 , 1.41615e-14 , 9.22868e-14 , 1.57542e-15 , 7.36959e-17 , 5.51913e-16 , 1.59607e-15 , -1.22716e-15 , -2.10653e-16 , 5.51395e-15 , 2.57936e-16 , 1.93169e-15 , 5.58626e-15 , -4.29507e-15 , -7.37284e-16
-2.43594e-18 , 1.64238e-16 , -0.0621054 , -0.62572 , 1.20442e-17 , 9.44013e-17 , -2.43594e-15 , 1.64238e-13 , -62.1054 , -625.72 , 1.20442e-14 , 9.44013e-14 , 1.62671e-15 , -7.35181e-16 , 5.75307e-16 , 1.48173e-15 , -1.22879e-15 , -2.0612e-16 , 5.6935e-15 , -2.57313e-15 , 2.01357e-15 , 5.18605e-15 , -4.30075e-15 , -7.2142e-16
-4.22316e-18 , 1.52886e-16 , -0.0716343 , -0.589765 , 1.0027e-17 , 9.76845e-17 , -4.22316e-15 , 1.52886e-13 , -71.6343 , -589.765 , 1.0027e-14 , 9.76845e-14 , 1.66835e-15 , -1.5282e-15 , 5.97001e-16 , 1.39631e-15 , -1.21296e-15 , -2.70892e-16 , 5.83921e-15 , -5.34869e-15 , 2.0895e-15 , 4.8871e-15 , -4.24537e-15 , -9.4812e-16
-6.10147e-18 , 1.39723e-16 , -0.0805327 , -0.546215 , 8.11985e-18 , 1.01976e-16 , -6.10147e-15 , 1.39723e-13 , -80.5327 , -546.215 , 8.11985e-15 , 1.01976e-13 , 1.70304e-15 , -2.32914e-15 , 6.16548e-16 , 1.34879e-15 , -1.18665e-15 , -3.42461e-16 , 5.96064e-15 , -8.152e-15 , 2.15792e-15 , 4.72077e-15 , -4.15326e-15 , -1.19861e-15
-8.13481e-18 , 1.25269e-16 , -0.0886837 , -0.49538 , 6.32497e-18 , 1.07133e-16 , -8.13481e-15 , 1.25269e-13 , -88.6837 , -495.38 , 6.32497e-15 , 1.07133e-13 , 1.7422e-15 , -3.13802e-15 , 6.33563e-16 , 1.34753e-15 , -1.15912e-15 , -5.01169e-16 , 6.09769e-15 , -1.09831e-14 , 2.21747e-15 , 4.71636e-15 , -4.05692e-15 , -1.75409e-15
-1.03401e-17 , 1.10104e-16 , -0.0959764 , -0.437684 , 4.70135e-18 , 1.12841e-16 , -1.03401e-14 , 1.10104e-13 , -95.9764 , -437.684 , 4.70135e-15 , 1.12841e-13 , 1.77689e-15 , -3.92311e-15 , 6.4762e-16 , 1.39991e-15 , -1.13078e-15 , -6.94354e-16 , 6.21912e-15 , -1.37309e-14 , 2.26667e-15 , 4.89969e-15 , -3.95772e-15 , -2.43024e-15
-1.27384e-17 , 9.4309e-17 , -0.102307 , -0.373676 , 3.32134e-18 , 1.18501e-16 , -1.27384e-14 , 9.4309e-14 , -102.307 , -373.676 , 3.32134e-15 , 1.18501e-13 , 1.79622e-15 , -4.65268e-15 , 6.58379e-16 , 1.51186e-15 , -1.09855e-15 , -9.22914e-16 , 6.28677e-15 , -1.62844e-14 , 2.30433e-15 , 5.29152e-15 , -3.84493e-15 , -3.2302e-15
-1.5372e-17 , 7.81055e-17 , -0.107584 , -0.30402 , 2.19833e-18 , 1.23505e-16 , -1.5372e-14 , 7.81055e-14 , -107.584 , -304.02 , 2.19833e-15 , 1.23505e-13 , 1.81109e-15 , -5.27123e-15 , 6.65654e-16 , 1.68734e-15 , -1.06385e-15 , -1.178e-15 , 6.33881e-15 , -1.84493e-14 , 2.32979e-15 , 5.90569e-15 , -3.72348e-15 , -4.12301e-15
-1.82204e-17 , 6.19454e-17 , -0.111722 , -0.229499 , 1.36903e-18 , 1.27489e-16 , -1.82204e-14 , 6.19454e-14 , -111.722 , -229.499 , 1.36903e-15 , 1.27489e-13 , 1.82051e-15 , -5.85014e-15 , 6.69392e-16 , 1.9278e-15 , -1.02509e-15 , -1.46452e-15 , 6.37177e-15 , -2.04755e-14 , 2.34287e-15 , 6.74729e-15 , -3.58783e-15 , -5.12582e-15
-2.1278e-17 , 4.60802e-17 , -0.114655 , -0.15101 , 8.39715e-19 , 1.30171e-16 , -2.1278e-14 , 4.60802e-14 , -114.655 , -151.01 , 8.39715e-16 , 1.30171e-13 , 1.81704e-15 , -6.38245e-15 , 6.69714e-16 , 2.23207e-15 , -9.76242e-16 , -1.76423e-15 , 6.35963e-15 , -2.23386e-14 , 2.344e-15 , 7.81224e-15 , -3.41685e-15 , -6.1748e-15
-2.45606e-17 , 3.04427e-17 , -0.116328 , -0.0695488 , 6.38298e-19 , 1.31209e-16 , -2.45606e-14 , 3.04427e-14 , -116.328 , -69.5488 , 6.38298e-16 , 1.31209e-13 , 1.80366e-15 , -6.82604e-15 , 6.66857e-16 , 2.59619e-15 , -9.28607e-16 , -2.05265e-15 , 6.31279e-15 , -2.38911e-14 , 2.334e-15 , 9.08667e-15 , -3.25012e-15 , -7.18427e-15
-2.80608e-17 , 1.49844e-17 , -0.116704 , 0.0137889 , 8.29614e-19 , 1.30093e-16 , -2.80608e-14 , 1.49844e-14 , -116.704 , 13.7889 , 8.29614e-16 , 1.30093e-13 , 1.78333e-15 , -7.18614e-15 , 6.61125e-16 , 3.01336e-15 , -8.78545e-16 , -2.33547e-15 , 6.24167e-15 , -2.51515e-14 , 2.31394e-15 , 1.05467e-14 , -3.07491e-15 , -8.17413e-15
-3.17748e-17 , -4.18989e-19 , -0.115763 , 0.0978277 , 1.39553e-18 , 1.26452e-16 , -3.17748e-14 , -4.18989e-16 , -115.763 , 97.8277 , 1.39553e-15 , 1.26452e-13 , 1.75112e-15 , -7.43433e-15 , 6.52904e-16 , 3.47407e-15 , -8.20844e-16 , -2.60192e-15 , 6.12891e-15 , -2.60201e-14 , 2.28516e-15 , 1.21593e-14 , -2.87295e-15 , -9.10671e-15
-3.5684e-17 , -1.58576e-17 , -0.113504 , 0.181324 , 2.32329e-18 , 1.19932e-16 , -3.5684e-14 , -1.58576e-14 , -113.504 , 181.324 , 2.32329e-15 , 1.19932e-13 , 1.70502e-15 , -7.52899e-15 , 6.42533e-16 , 3.96642e-15 , -7.61591e-16 , -2.82527e-15 , 5.96758e-15 , -2.63515e-14 , 2.24886e-15 , 1.38825e-14 , -2.66557e-15 , -9.88844e-15
-3.98038e-17 , -3.14341e-17 , -0.109949 , 0.262986 , 3.5002e-18 , 1.10087e-16 , -3.98038e-14 , -3.14341e-14 , -109.949 , 262.986 , 3.5002e-15 , 1.10087e-13 , 1.64852e-15 , -7.52106e-15 , 6.30231e-16 , 4.47636e-15 , -6.93883e-16 , -3.00231e-15 , 5.76982e-15 , -2.63237e-14 , 2.20581e-15 , 1.56672e-14 , -2.42859e-15 , -1.05081e-14
-4.41011e-17 , -4.7259e-17 , -0.105136 , 0.34149 , 4.81008e-18 , 9.7042e-17 , -4.41011e-14 , -4.7259e-14 , -105.136 , 341.49 , 4.81008e-15 , 9.7042e-14 , 1.59152e-15 , -7.39616e-15 , 6.16195e-16 , 4.98782e-15 , -6.11809e-16 , -3.13481e-15 , 5.57033e-15 , -2.58866e-14 , 2.15668e-15 , 1.74574e-14 , -2.14133e-15 , -1.09718e-14
-4.84167e-17 , -6.35959e-17 , -0.099127 , 0.415506 , 6.21668e-18 , 8.10333e-17 , -4.84167e-14 , -6.35959e-14 , -99.127 , 415.506 , 6.21668e-15 , 8.10333e-14 , 1.53453e-15 , -7.18403e-15 , 6.00523e-16 , 5.48331e-15 , -5.29792e-16 , -3.23565e-15 , 5.37084e-15 , -2.51441e-14 , 2.10183e-15 , 1.91916e-14 , -1.85427e-15 , -1.13248e-14
-5.27184e-17 , -8.04987e-17 , -0.0920037 , 0.483721 , 7.68653e-18 , 6.1918e-17 , -5.27184e-14 , -8.04987e-14 , -92.0037 , 483.721 , 7.68653e-15 , 6.1918e-14 , 1.47059e-15 , -6.77364e-15 , 5.83195e-16 , 5.945e-15 , -4.44865e-16 , -3.28047e-15 , 5.14706e-15 , -2.37078e-14 , 2.04118e-15 , 2.08075e-14 , -1.55703e-15 , -1.14816e-14
-5.68906e-17 , -9.8374e-17 , -0.0838683 , 0.544866 , 9.0847e-18 , 4.04695e-17 , -5.68906e-14 , -9.8374e-14 , -83.8683 , 544.866 , 9.0847e-15 , 4.04695e-14 , 1.4126e-15 , -6.25025e-15 , 5.64075e-16 , 6.35508e-15 , -3.47065e-16 , -3.25834e-15 , 4.9441e-15 , -2.18759e-14 , 1.97426e-15 , 2.22428e-14 , -1.21473e-15 , -1.14042e-14
-6.07943e-17 , -1.16805e-16 , -0.0748423 , 0.597739 , 1.02812e-17 , 1.79587e-17 , -6.07943e-14 , -1.16805e-13 , -74.8423 , 597.739 , 1.02812e-14 , 1.79587e-14 , 1.3556e-15 , -5.59205e-15 , 5.42956e-16 , 6.69654e-15 , -2.4724e-16 , -3.16237e-15 , 4.7446e-15 , -1.95722e-14 , 1.90035e-15 , 2.34379e-14 , -8.6534e-16 , -1.10683e-14
-6.43563e-17 , -1.35178e-16 , -0.0650653 , 0.64124 , 1.12079e-17 , -5.4223e-18 , -6.43563e-14 , -1.35178e-13 , -65.0653 , 641.24 , 1.12079e-14 , -5.4223e-15 , 1.30455e-15 , -4.803e-15 , 5.1962e-16 , 6.95357e-15 , -1.46747e-16 , -2.98583e-15 , 4.56593e-15 , -1.68105e-14 , 1.81867e-15 , 2.43375e-14 , -5.13614e-16 , -1.04504e-14
-6.74966e-17 , -1.53467e-16 , -0.054693 , 0.674393 , 1.17829e-17 , -2.89102e-17 , -6.74966e-14 , -1.53467e-13 , -54.693 , 674.393 , 1.17829e-14 , -2.89102e-14 , 1.26044e-15 , -3.94258e-15 , 4.93841e-16 , 7.11324e-15 , -4.63489e-17 , -2.73036e-15 , 4.41154e-15 , -1.3799e-14 , 1.72844e-15 , 2.48963e-14 , -1.62221e-16 , -9.55626e-15
-7.0175e-17 , -1.71857e-16 , -0.0438955 , 0.696374 , 1.19262e-17 , -5.18463e-17 , -7.0175e-14 , -1.71857e-13 , -43.8955 , 696.374 , 1.19262e-14 , -5.18463e-14 , 1.22451e-15 , -3.05043e-15 , 4.65308e-16 , 7.16566e-15 , 5.44907e-17 , -2.43341e-15 , 4.28577e-15 , -1.06765e-14 , 1.62858e-15 , 2.50798e-14 , 1.90717e-16 , -8.51692e-15
-7.23668e-17 , -1.90009e-16 , -0.0328538 , 0.706539 , 1.15328e-17 , -7.35358e-17 , -7.23668e-14 , -1.90009e-13 , -32.8538 , 706.539 , 1.15328e-14 , -7.35358e-14 , 1.19328e-15 , -2.08295e-15 , 4.33686e-16 , 7.10454e-15 , 1.52136e-16 , -2.0966e-15 , 4.17648e-15 , -7.29033e-15 , 1.5179e-15 , 2.48659e-14 , 5.32474e-16 , -7.33811e-15
-7.4064e-17 , -2.07721e-16 , -0.0217579 , 0.704447 , 1.05807e-17 , -9.30665e-17 , -7.4064e-14 , -2.07721e-13 , -21.7579 , 704.447 , 1.05807e-14 , -9.30665e-14 , 1.17073e-15 , -1.07979e-15 , 3.98598e-16 , 6.92758e-15 , 2.4262e-16 , -1.73357e-15 , 4.09755e-15 , -3.77925e-15 , 1.39509e-15 , 2.42465e-14 , 8.4917e-16 , -6.06751e-15
-7.52419e-17 , -2.24462e-16 , -0.0108023 , 0.689878 , 9.08685e-18 , -1.0979e-16 , -7.52419e-14 , -2.24462e-13 , -10.8023 , 689.878 , 9.08685e-15 , -1.0979e-13 , 1.15815e-15 , -7.26559e-17 , 3.59755e-16 , 6.63553e-15 , 3.29792e-16 , -1.35008e-15 , 4.05353e-15 , -2.54296e-16 , 1.25914e-15 , 2.32243e-14 , 1.15427e-15 , -4.72529e-15
-7.59189e-17 , -2.39778e-16 , -0.000183244 , 0.662854 , 7.05355e-18 , -1.23249e-16 , -7.59189e-14 , -2.39778e-13 , -0.183244 , 662.854 , 7.05355e-15 , -1.23249e-13 , 1.1526e-15 , 9.2258e-16 , 3.16989e-16 , 6.23279e-15 , 4.14661e-16 , -9.79775e-16 , 4.03411e-15 , 3.22903e-15 , 1.10946e-15 , 2.18148e-14 , 1.45131e-15 , -3.42921e-15
-7.61458e-17 , -2.53218e-16 , 0.00990569 , 0.623647 , 4.49325e-18 , -1.32629e-16 , -7.61458e-14 , -2.53218e-13 , 9.90569 , 623.647 , 4.49325e-15 , -1.32629e-13 , 1.15532e-15 , 1.88213e-15 , 2.70244e-16 , 5.72808e-15 , 4.97539e-16 , -5.65251e-16 , 4.04361e-15 , 6.58745e-15 , 9.45852e-16 , 2.00483e-14 , 1.74139e-15 , -1.97838e-15
-7.5999e-17 , -2.63979e-16 , 0.0192774 , 0.572789 , 1.41979e-18 , -1.37559e-16 , -7.5999e-14 , -2.63979e-13 , 19.2774 , 572.789 , 1.41979e-15 , -1.37559e-13 , 1.16703e-15 , 2.83771e-15 , 2.19594e-16 , 5.134e-15 , 5.76206e-16 , -1.24931e-16 , 4.08459e-15 , 9.932e-15 , 7.68578e-16 , 1.7969e-14 , 2.01672e-15 , -4.37259e-16
-7.55595e-17 , -2.71568e-16 , 0.0277553 , 0.511072 , -2.10948e-18 , -1.378e-16 , -7.55595e-14 , -2.71568e-13 , 27.7553 , 511.072 , -2.10948e-15 , -1.378e-13 , 1.19082e-15 , 3.69417e-15 , 1.65242e-16 , 4.46603e-15 , 6.50344e-16 , 2.90586e-16 , 4.16785e-15 , 1.29296e-14 , 5.78345e-16 , 1.56311e-14 , 2.2762e-15 , 1.01705e-15
-7.49237e-17 , -2.74816e-16 , 0.0351775 , 0.439541 , -6.03026e-18 , -1.33292e-16 , -7.49237e-14 , -2.74816e-13 , 35.1775 , 439.541 , -6.03026e-15 , -1.33292e-13 , 1.21931e-15 , 4.33255e-15 , 1.07513e-16 , 3.74219e-15 , 7.27403e-16 , 6.28476e-16 , 4.2676e-15 , 1.51639e-14 , 3.76296e-16 , 1.30977e-14 , 2.54591e-15 , 2.19967e-15
-7.41716e-17 , -2.72287e-16 , 0.0414008 , 0.359487 , -1.03032e-17 , -1.25002e-16 , -7.41716e-14 , -2.72287e-13 , 41.4008 , 359.487 , -1.03032e-14 , -1.25002e-13 , 1.24905e-15 , 4.85991e-15 , 4.68265e-17 , 2.98286e-15 , 8.08174e-16 , 9.24951e-16 , 4.37168e-15 , 1.70097e-14 , 1.63893e-16 , 1.044e-14 , 2.82861e-15 , 3.23733e-15
-7.33821e-17 , -2.6246e-16 , 0.046304 , 0.272424 , -1.48421e-17 , -1.13599e-16 , -7.33821e-14 , -2.6246e-13 , 46.304 , 272.424 , -1.48421e-14 , -1.13599e-13 , 1.283e-15 , 5.28417e-15 , -1.63514e-17 , 2.2098e-15 , 8.8975e-16 , 1.21392e-15 , 4.49051e-15 , 1.84946e-14 , -5.72297e-17 , 7.73431e-15 , 3.11413e-15 , 4.24872e-15
-7.2597e-17 , -2.4412e-16 , 0.0497916 , 0.180066 , -1.95469e-17 , -9.94658e-17 , -7.2597e-14 , -2.4412e-13 , 49.7916 , 180.066 , -1.95469e-14 , -9.94658e-14 , 1.31448e-15 , 5.54884e-15 , -8.15136e-17 , 1.4451e-15 , 9.72723e-16 , 1.46597e-15 , 4.60067e-15 , 1.94209e-14 , -2.85298e-16 , 5.05784e-15 , 3.40453e-15 , 5.13091e-15
-7.18582e-17 , -2.16434e-16 , 0.0517964 , 0.0842963 , -2.42953e-17 , -8.36641e-17 , -7.18582e-14 , -2.16434e-13 , 51.7964 , 84.2963 , -2.42953e-14 , -8.36641e-14 , 1.34298e-15 , 5.64053e-15 , -1.48156e-16 , 7.10847e-16 , 1.06452e-15 , 1.65125e-15 , 4.70042e-15 , 1.97419e-14 , -5.18545e-16 , 2.48797e-15 , 3.72584e-15 , 5.77939e-15
-7.11592e-17 , -1.79257e-16 , 0.0522822 , -0.0128739 , -2.89672e-17 , -6.73686e-17 , -7.11592e-14 , -1.79257e-13 , 52.2822 , -12.8739 , -2.89672e-14 , -6.73686e-14 , 1.36949e-15 , 5.58148e-15 , -2.15805e-16 , 2.83712e-17 , 1.16006e-15 , 1.76888e-15 , 4.79322e-15 , 1.95352e-14 , -7.55317e-16 , 9.92993e-17 , 4.06022e-15 , 6.19109e-15
-7.05038e-17 , -1.33114e-16 , 0.0512448 , -0.109344 , -3.34445e-17 , -5.16345e-17 , -7.05038e-14 , -1.33114e-13 , 51.2448 , -109.344 , -3.34445e-14 , -5.16345e-14 , 1.3851e-15 , 5.37778e-15 , -2.84086e-16 , -5.82757e-16 , 1.25662e-15 , 1.79988e-15 , 4.84787e-15 , 1.88222e-14 , -9.94301e-16 , -2.03965e-15 , 4.39817e-15 , 6.29958e-15
-6.98276e-17 , -7.90311e-17 , 0.0487139 , -0.202973 , -3.76297e-17 , -3.76788e-17 , -6.98276e-14 , -7.90311e-14 , 48.7139 , -202.973 , -3.76297e-14 , -3.76788e-14 , 1.39452e-15 , 5.05859e-15 , -3.52692e-16 , -1.10567e-15 , 1.35361e-15 , 1.73515e-15 , 4.88083e-15 , 1.77051e-14 , -1.23442e-15 , -3.86985e-15 , 4.73764e-15 , 6.07304e-15
-6.90354e-17 , -1.83999e-17 , 0.0447524 , -0.291632 , -4.14961e-17 , -2.64048e-17 , -6.90354e-14 , -1.83999e-14 , 44.7524 , -291.632 , -4.14961e-14 , -2.64048e-14 , 1.39551e-15 , 4.69281e-15 , -4.21401e-16 , -1.52703e-15 , 1.45301e-15 , 1.63216e-15 , 4.8843e-15 , 1.64248e-14 , -1.4749e-15 , -5.3446e-15 , 5.08555e-15 , 5.71254e-15
-6.80759e-17 , 4.68895e-17 , 0.0394564 , -0.373254 , -4.50111e-17 , -1.81612e-17 , -6.80759e-14 , 4.68895e-14 , 39.4564 , -373.254 , -4.50111e-14 , -1.81612e-14 , 1.38734e-15 , 4.28044e-15 , -4.90007e-16 , -1.8376e-15 , 1.54828e-15 , 1.47396e-15 , 4.85567e-15 , 1.49815e-14 , -1.71502e-15 , -6.4316e-15 , 5.41896e-15 , 5.15886e-15
-6.68421e-17 , 1.1412e-16 , 0.0329535 , -0.445888 , -4.81689e-17 , -1.32079e-17 , -6.68421e-14 , 1.1412e-13 , 32.9535 , -445.888 , -4.81689e-14 , -1.32079e-14 , 1.36701e-15 , 3.78282e-15 , -5.5839e-16 , -2.03213e-15 , 1.63254e-15 , 1.16713e-15 , 4.78455e-15 , 1.32399e-14 , -1.95437e-15 , -7.11246e-15 , 5.71391e-15 , 4.08495e-15
-6.51991e-17 , 1.7988e-16 , 0.0254003 , -0.507753 , -5.09606e-17 , -1.23551e-17 , -6.51991e-14 , 1.7988e-13 , 25.4003 , -507.753 , -5.09606e-14 , -1.23551e-14 , 1.33294e-15 , 3.23564e-15 , -6.2648e-16 , -2.10976e-15 , 1.70397e-15 , 7.47055e-16 , 4.66529e-15 , 1.13247e-14 , -2.19268e-15 , -7.38415e-15 , 5.96388e-15 , 2.61469e-15
-6.30674e-17 , 2.40984e-16 , 0.01698 , -0.55729 , -5.33556e-17 , -1.60822e-17 , -6.30674e-14 , 2.40984e-13 , 16.98 , -557.29 , -5.33556e-14 , -1.60822e-14 , 1.28053e-15 , 2.6607e-15 , -6.94223e-16 , -2.07384e-15 , 1.75928e-15 , 2.25434e-16 , 4.48184e-15 , 9.31246e-15 , -2.42978e-15 , -7.25842e-15 , 6.15746e-15 , 7.89019e-16
-6.04093e-17 , 2.94757e-16 , 0.0078976 , -0.593203 , -5.52645e-17 , -2.44906e-17 , -6.04093e-14 , 2.94757e-13 , 7.8976 , -593.203 , -5.52645e-14 , -2.44906e-14 , 1.21231e-15 , 2.06594e-15 , -7.6156e-16 , -1.93184e-15 , 1.79755e-15 , -3.73704e-16 , 4.2431e-15 , 7.23079e-15 , -2.66546e-15 , -6.76145e-15 , 6.29143e-15 , -1.30796e-15
-5.71673e-17 , 3.39311e-16 , -0.00162385 , -0.614506 , -5.66328e-17 , -3.64242e-17 , -5.71673e-14 , 3.39311e-13 , -1.62385 , -614.506 , -5.66328e-14 , -3.64242e-14 , 1.12904e-15 , 1.45135e-15 , -8.28356e-16 , -1.69567e-15 , 1.81874e-15 , -1.02008e-15 , 3.95164e-15 , 5.07974e-15 , -2.89925e-15 , -5.93485e-15 , 6.36559e-15 , -3.57029e-15
-5.32783e-17 , 3.72699e-16 , -0.0113489 , -0.620555 , -5.74194e-17 , -5.00435e-17 , -5.32783e-14 , 3.72699e-13 , -11.3489 , -620.555 , -5.74194e-14 , -5.00435e-14 , 1.03242e-15 , 8.36765e-16 , -8.94375e-16 , -1.38099e-15 , 1.82183e-15 , -1.69475e-15 , 3.61347e-15 , 2.92868e-15 , -3.13031e-15 , -4.83347e-15 , 6.3764e-15 , -5.93164e-15
-4.87005e-17 , 3.93992e-16 , -0.021035 , -0.611074 , -5.76068e-17 , -6.43976e-17 , -4.87005e-14 , 3.93992e-13 , -21.035 , -611.074 , -5.76068e-14 , -6.43976e-14 , 9.227e-16 , 2.42003e-16 , -9.5924e-16 , -1.00627e-15 , 1.80291e-15 , -2.38571e-15 , 3.22945e-15 , 8.4701e-16 , -3.35734e-15 , -3.52195e-15 , 6.31019e-15 , -8.35e-15
-4.34194e-17 , 4.0215e-16 , -0.0304386 , -0.586173 , -5.71818e-17 , -7.84709e-17 , -4.34194e-14 , 4.0215e-13 , -30.4386 , -586.173 , -5.71818e-14 , -7.84709e-14 , 8.03995e-16 , -3.25004e-16 , -1.02243e-15 , -5.92116e-16 , 1.76097e-15 , -3.09936e-15 , 2.81398e-15 , -1.13751e-15 , -3.57852e-15 , -2.07241e-15 , 6.16339e-15 , -1.08478e-14
-3.73922e-17 , 3.96686e-16 , -0.0393215 , -0.546354 , -5.61131e-17 , -9.10047e-17 , -3.73922e-14 , 3.96686e-13 , -39.3215 , -546.354 , -5.61131e-14 , -9.10047e-14 , 6.78847e-16 , -9.43557e-16 , -1.08326e-15 , -1.60823e-16 , 1.70781e-15 , -3.75303e-15 , 2.37597e-15 , -3.30245e-15 , -3.79142e-15 , -5.6288e-16 , 5.97734e-15 , -1.31356e-14
-3.06557e-17 , 3.76258e-16 , -0.0474564 , -0.492506 , -5.4375e-17 , -1.0087e-16 , -3.06557e-14 , 3.76258e-13 , -47.4564 , -492.506 , -5.4375e-14 , -1.0087e-13 , 5.49982e-16 , -1.51849e-15 , -1.14088e-15 , 2.64382e-16 , 1.62882e-15 , -4.24484e-15 , 1.92494e-15 , -5.31473e-15 , -3.9931e-15 , 9.25336e-16 , 5.70088e-15 , -1.48569e-14
-2.32792e-17 , 3.40877e-16 , -0.0546334 , -0.425896 , -5.19586e-17 , -1.06684e-16 , -2.32792e-14 , 3.40877e-13 , -54.6334 , -425.896 , -5.19586e-14 , -1.06684e-13 , 4.1393e-16 , -1.99827e-15 , -1.19428e-15 , 6.60502e-16 , 1.53507e-15 , -4.48421e-15 , 1.44876e-15 , -6.99394e-15 , -4.17998e-15 , 2.31176e-15 , 5.37275e-15 , -1.56947e-14
-1.5344e-17 , 2.92056e-16 , -0.0606655 , -0.348134 , -4.88827e-17 , -1.07553e-16 , -1.5344e-14 , 2.92056e-13 , -60.6655 , -348.134 , -4.88827e-14 , -1.07553e-13 , 2.77878e-16 , -2.42055e-15 , -1.24231e-15 , 1.00559e-15 , 1.42805e-15 , -4.61023e-15 , 9.72575e-16 , -8.47192e-15 , -4.34809e-15 , 3.51956e-15 , 4.99817e-15 , -1.61358e-14
-7.01746e-18 , 2.31803e-16 , -0.0653938 , -0.261145 , -4.51951e-17 , -1.02649e-16 , -7.01746e-15 , 2.31803e-13 , -65.3938 , -261.145 , -4.51951e-14 , -1.02649e-13 , 1.48518e-16 , -2.75758e-15 , -1.28378e-15 , 1.27944e-15 , 1.30555e-15 , -4.62381e-15 , 5.19812e-16 , -9.65154e-15 , -4.49324e-15 , 4.47804e-15 , 4.56941e-15 , -1.61833e-14
1.57438e-18 , 1.61844e-16 , -0.068692 , -0.167117 , -4.09701e-17 , -9.10592e-17 , 1.57438e-15 , 1.61844e-13 , -68.692 , -167.117 , -4.09701e-14 , -9.10592e-14 , 2.36176e-17 , -3.04703e-15 , -1.31752e-15 , 1.46478e-15 , 1.18152e-15 , -4.52312e-15 , 8.26616e-17 , -1.06646e-14 , -4.61132e-15 , 5.12673e-15 , 4.1353e-15 , -1.58309e-14
1.03744e-17 , 8.42731e-17 , -0.0704698 , -0.0684489 , -3.6206e-17 , -7.20129e-17 , 1.03744e-14 , 8.42731e-14 , -70.4698 , -68.4489 , -3.6206e-14 , -7.20129e-14 , -1.04752e-16 , -3.29039e-15 , -1.34241e-15 , 1.54776e-15 , 1.05299e-15 , -4.2979e-15 , -3.66632e-16 , -1.15164e-14 , -4.69842e-15 , 5.41717e-15 , 3.68546e-15 , -1.50427e-14
1.9303e-17 , 2.09842e-18 , -0.0706764 , 0.0323125 , -3.09544e-17 , -4.50707e-17 , 1.9303e-14 , 2.09842e-15 , -70.6764 , 32.3125 , -3.09544e-14 , -4.50707e-14 , -2.26678e-16 , -3.47082e-15 , -1.35754e-15 , 1.51876e-15 , 9.18419e-16 , -3.86969e-15 , -7.93374e-16 , -1.21479e-14 , -4.75138e-15 , 5.31564e-15 , 3.21447e-15 , -1.35439e-14
2.82634e-17 , -8.11012e-17 , -0.0693014 , 0.132542 , -2.54038e-17 , -1.01859e-17 , 2.82634e-14 , -8.11012e-14 , -69.3014 , 132.542 , -2.54038e-14 , -1.01859e-14 , -3.36709e-16 , -3.59423e-15 , -1.36229e-15 , 1.37327e-15 , 7.9056e-16 , -3.25295e-15 , -1.17848e-15 , -1.25798e-14 , -4.76803e-15 , 4.80644e-15 , 2.76696e-15 , -1.13853e-14
3.71462e-17 , -1.61675e-16 , -0.0663759 , 0.229607 , -1.96551e-17 , 3.22589e-17 , 3.71462e-14 , -1.61675e-13 , -66.3759 , 229.607 , -1.96551e-14 , 3.22589e-14 , -4.45253e-16 , -3.63587e-15 , -1.3564e-15 , 1.11245e-15 , 6.58751e-16 , -2.48237e-15 , -1.55839e-15 , -1.27255e-14 , -4.74741e-15 , 3.89358e-15 , 2.30563e-15 , -8.68831e-15
4.58684e-17 , -2.36255e-16 , -0.0619719 , 0.320943 , -1.39224e-17 , 8.15636e-17 , 4.58684e-14 , -2.36255e-13 , -61.9719 , 320.943 , -1.39224e-14 , 8.15636e-14 , -5.28272e-16 , -3.63488e-15 , -1.34011e-15 , 7.43486e-16 , 5.35784e-16 , -1.59929e-15 , -1.84895e-15 , -1.27221e-14 , -4.69037e-15 , 2.6022e-15 , 1.87524e-15 , -5.5975e-15
5.43666e-17 , -3.01862e-16 , -0.0562006 , 0.404124 , -8.33497e-18 , 1.36541e-16 , 5.43666e-14 , -3.01862e-13 , -56.2006 , 404.124 , -8.33497e-15 , 1.36541e-13 , -5.79571e-16 , -3.62496e-15 , -1.31414e-15 , 2.7969e-16 , 4.05834e-16 , -6.10521e-16 , -2.0285e-15 , -1.26874e-14 , -4.59947e-15 , 9.78917e-16 , 1.42042e-15 , -2.13682e-15
6.24769e-17 , -3.55731e-16 , -0.0492094 , 0.476938 , -2.98073e-18 , 1.95371e-16 , 6.24769e-14 , -3.55731e-13 , -49.2094 , 476.938 , -2.98073e-15 , 1.95371e-13 , -6.01378e-16 , -3.61307e-15 , -1.27977e-15 , -2.59874e-16 , 2.77041e-16 , 4.08414e-16 , -2.10482e-15 , -1.26457e-14 , -4.4792e-15 , -9.09559e-16 , 9.69643e-16 , 1.42945e-15
7.00425e-17 , -3.95021e-16 , -0.0411784 , 0.537448 , 2.05232e-18 , 2.55823e-16 , 7.00425e-14 , -3.95021e-13 , -41.1784 , 537.448 , 2.05232e-15 , 2.55823e-13 , -5.88492e-16 , -3.56549e-15 , -1.23893e-15 , -8.51099e-16 , 1.52463e-16 , 1.50156e-15 , -2.05972e-15 , -1.24792e-14 , -4.33626e-15 , -2.97885e-15 , 5.33621e-16 , 5.25546e-15
7.69145e-17 , -4.16811e-16 , -0.0323151 , 0.584053 , 6.67003e-18 , 3.15994e-16 , 7.69145e-14 , -4.16811e-13 , -32.3151 , 584.053 , 6.67003e-15 , 3.15994e-13 , -5.61975e-16 , -3.50205e-15 , -1.19414e-15 , -1.4657e-15 , 3.20748e-17 , 2.48969e-15 , -1.96691e-15 , -1.22572e-14 , -4.17948e-15 , -5.12996e-15 , 1.12262e-16 , 8.7139e-15
8.30117e-17 , -4.19432e-16 , -0.0228489 , 0.615539 , 1.08239e-17 , 3.73653e-16 , 8.30117e-14 , -4.19432e-13 , -22.8489 , 615.539 , 1.08239e-14 , 3.73653e-13 , -5.15881e-16 , -3.44257e-15 , -1.14843e-15 , -2.07245e-15 , -8.52215e-17 , 3.47775e-15 , -1.80558e-15 , -1.2049e-14 , -4.01952e-15 , -7.25357e-15 , -2.98275e-16 , 1.21721e-14
8.82596e-17 , -4.02862e-16 , -0.0130248 , 0.631116 , 1.44461e-17 , 4.26525e-16 , 8.82596e-14 , -4.02862e-13 , -13.0248 , 631.116 , 1.44461e-14 , 4.26525e-13 , -4.3943e-16 , -3.45446e-15 , -1.10525e-15 , -2.63861e-15 , -1.92651e-16 , 4.42242e-15 , -1.538e-15 , -1.20906e-14 , -3.86837e-15 , -9.23515e-15 , -6.74278e-16 , 1.54785e-14
9.26129e-17 , -3.67747e-16 , -0.00309604 , 0.630444 , 1.75455e-17 , 4.72167e-16 , 9.26129e-14 , -3.67747e-13 , -3.09604 , 630.444 , 1.75455e-14 , 4.72167e-13 , -3.35098e-16 , -3.5417e-15 , -1.06827e-15 , -3.13111e-15 , -2.96117e-16 , 5.31052e-15 , -1.17284e-15 , -1.23959e-14 , -3.73894e-15 , -1.09589e-14 , -1.03641e-15 , 1.85868e-14
9.60323e-17 , -3.15801e-16 , 0.00668248 , 0.613647 , 2.01504e-17 , 5.08823e-16 , 9.60323e-14 , -3.15801e-13 , 6.68248 , 613.647 , 2.01504e-14 , 5.08823e-13 , -2.0383e-16 , -3.621e-15 , -1.04124e-15 , -3.51839e-15 , -3.95408e-16 , 6.19873e-15 , -7.13404e-16 , -1.26735e-14 , -3.64435e-15 , -1.23144e-14 , -1.38393e-15 , 2.16956e-14
9.84976e-17 , -2.4954e-16 , 0.016062 , 0.581315 , 2.23064e-17 , 5.35674e-16 , 9.84976e-14 , -2.4954e-13 , 16.062 , 581.315 , 2.23064e-14 , 5.35674e-13 , -5.01827e-17 , -3.67651e-15 , -1.02778e-15 , -3.77228e-15 , -4.88523e-16 , 7.07439e-15 , -1.75639e-16 , -1.28678e-14 , -3.59724e-15 , -1.3203e-14 , -1.70983e-15 , 2.47604e-14
1.00024e-16 , -1.72036e-16 , 0.0248069 , 0.534484 , 2.40924e-17 , 5.51982e-16 , 1.00024e-13 , -1.72036e-13 , 24.8069 , 534.484 , 2.40924e-14 , 5.51982e-13 , 1.23537e-16 , -3.86683e-15 , -1.03116e-15 , -3.86968e-15 , -5.75697e-16 , 7.8115e-15 , 4.32381e-16 , -1.35339e-14 , -3.60905e-15 , -1.35439e-14 , -2.01494e-15 , 2.73402e-14
1.00632e-16 , -8.65448e-17 , 0.0327014 , 0.474613 , 2.56073e-17 , 5.55818e-16 , 1.00632e-13 , -8.65448e-14 , 32.7014 , 474.613 , 2.56073e-14 , 5.55818e-13 , 3.10268e-16 , -3.97984e-15 , -1.05408e-15 , -3.79485e-15 , -6.60829e-16 , 8.52973e-15 , 1.08594e-15 , -1.39294e-14 , -3.68928e-15 , -1.3282e-14 , -2.3129e-15 , 2.98541e-14
1.00362e-16 , 3.23133e-18 , 0.0395562 , 0.403537 , 2.69945e-17 , 5.46029e-16 , 1.00362e-13 , 3.23133e-15 , 39.5562 , 403.537 , 2.69945e-14 , 5.46029e-13 , 5.12735e-16 , -4.03931e-15 , -1.09851e-15 , -3.54033e-15 , -7.41508e-16 , 9.06645e-15 , 1.79457e-15 , -1.41376e-14 , -3.84477e-15 , -1.23912e-14 , -2.59528e-15 , 3.17326e-14
9.92756e-17 , 9.29356e-17 , 0.0452135 , 0.323414 , 2.84343e-17 , 5.21514e-16 , 9.92756e-14 , 9.29356e-14 , 45.2135 , 323.414 , 2.84343e-14 , 5.21514e-13 , 7.2685e-16 , -4.00165e-15 , -1.16549e-15 , -3.107e-15 , -8.10698e-16 , 9.4037e-15 , 2.54397e-15 , -1.40058e-14 , -4.07921e-15 , -1.08745e-14 , -2.83744e-15 , 3.29129e-14
9.74575e-17 , 1.7816e-16 , 0.0495517 , 0.236664 , 2.99878e-17 , 4.81802e-16 , 9.74575e-14 , 1.7816e-13 , 49.5517 , 236.664 , 2.99878e-14 , 4.81802e-13 , 9.47407e-16 , -3.92135e-15 , -1.255e-15 , -2.50524e-15 , -8.70995e-16 , 9.45612e-15 , 3.31593e-15 , -1.37247e-14 , -4.39251e-15 , -8.76833e-15 , -3.04848e-15 , 3.30964e-14
9.49417e-17 , 2.54552e-16 , 0.0524891 , 0.145891 , 3.17443e-17 , 4.27716e-16 , 9.49417e-14 , 2.54552e-13 , 52.4891 , 145.891 , 3.17443e-14 , 4.27716e-13 , 1.16276e-15 , -3.81826e-15 , -1.3659e-15 , -1.75542e-15 , -9.2704e-16 , 9.23543e-15 , 4.06966e-15 , -1.33639e-14 , -4.78065e-15 , -6.14397e-15 , -3.24464e-15 , 3.2324e-14
9.17268e-17 , 3.18256e-16 , 0.0539858 , 0.0538076 , 3.37044e-17 , 3.60914e-16 , 9.17268e-14 , 3.18256e-13 , 53.9858 , 53.8076 , 3.37044e-14 , 3.60914e-13 , 1.36424e-15 , -3.68295e-15 , -1.49592e-15 , -8.87286e-16 , -9.73133e-16 , 8.77618e-15 , 4.77483e-15 , -1.28903e-14 , -5.23572e-15 , -3.1055e-15 , -3.40597e-15 , 3.07166e-14
8.78502e-17 , 3.66205e-16 , 0.0540448 , -0.0368522 , 3.59044e-17 , 2.83226e-16 , 8.78502e-14 , 3.66205e-13 , 54.0448 , -36.8522 , 3.59044e-14 , 2.83226e-13 , 1.54192e-15 , -3.52321e-15 , -1.64163e-15 , 6.10622e-17 , -1.0052e-15 , 8.09625e-15 , 5.39673e-15 , -1.23312e-14 , -5.7457e-15 , 2.13718e-16 , -3.5182e-15 , 2.83369e-14
8.33845e-17 , 3.96367e-16 , 0.0527118 , -0.123415 , 3.84337e-17 , 1.9681e-16 , 8.33845e-14 , 3.96367e-13 , 52.7118 , -123.415 , 3.84337e-14 , 1.9681e-13 , 1.69433e-15 , -3.33041e-15 , -1.79857e-15 , 1.04459e-15 , -1.02752e-15 , 7.25476e-15 , 5.93015e-15 , -1.16564e-14 , -6.29501e-15 , 3.65608e-15 , -3.59633e-15 , 2.53917e-14
7.84479e-17 , 4.0778e-16 , 0.0500731 , -0.203351 , 4.14679e-17 , 1.04227e-16 , 7.84479e-14 , 4.0778e-13 , 50.0731 , -203.351 , 4.14679e-14 , 1.04227e-13 , 1.82319e-15 , -3.1272e-15 , -1.96145e-15 , 2.01346e-15 , -1.04232e-15 , 6.28628e-15 , 6.38118e-15 , -1.09452e-14 , -6.86508e-15 , 7.04712e-15 , -3.64811e-15 , 2.2002e-14
7.31988e-17 , 4.00368e-16 , 0.0462531 , -0.274354 , 4.51554e-17 , 8.38958e-18 , 7.31988e-14 , 4.00368e-13 , 46.2531 , -274.354 , 4.51554e-14 , 8.38958e-15 , 1.92926e-15 , -2.9339e-15 , -2.1243e-15 , 2.91561e-15 , -1.04478e-15 , 5.17568e-15 , 6.75241e-15 , -1.02687e-14 , -7.43506e-15 , 1.02046e-14 , -3.65672e-15 , 1.81149e-14
6.78065e-17 , 3.74955e-16 , 0.0414098 , -0.334413 , 4.9519e-17 , -8.75845e-17 , 6.78065e-14 , 3.74955e-13 , 41.4098 , -334.413 , 4.9519e-14 , -8.75845e-14 , 1.99394e-15 , -2.7297e-15 , -2.28081e-15 , 3.69965e-15 , -1.02541e-15 , 3.97471e-15 , 6.97879e-15 , -9.55395e-15 , -7.98284e-15 , 1.29488e-14 , -3.58893e-15 , 1.39115e-14
6.2398e-17 , 3.33496e-16 , 0.0357301 , -0.381875 , 5.44445e-17 , -1.80669e-16 , 6.2398e-14 , 3.33496e-13 , 35.7301 , -381.875 , 5.44445e-14 , -1.80669e-13 , 2.01377e-15 , -2.55524e-15 , -2.42455e-15 , 4.31774e-15 , -9.85698e-16 , 2.71975e-15 , 7.04818e-15 , -8.94333e-15 , -8.48591e-15 , 1.51121e-14 , -3.44994e-15 , 9.51914e-15
5.70718e-17 , 2.79176e-16 , 0.029423 , -0.415495 , 5.98635e-17 , -2.68112e-16 , 5.70718e-14 , 2.79176e-13 , 29.423 , -415.495 , 5.98635e-14 , -2.68112e-13 , 1.99345e-15 , -2.41249e-15 , -2.54927e-15 , 4.72838e-15 , -9.16094e-16 , 1.52185e-15 , 6.97706e-15 , -8.44373e-15 , -8.92245e-15 , 1.65493e-14 , -3.20633e-15 , 5.32649e-15
5.19425e-17 , 2.16048e-16 , 0.0227135 , -0.434476 , 6.56934e-17 , -3.47347e-16 , 5.19425e-14 , 2.16048e-13 , 22.7135 , -434.476 , 6.56934e-14 , -3.47347e-13 , 1.93533e-15 , -2.27372e-15 , -2.64925e-15 , 4.89948e-15 , -8.2151e-16 , 4.31395e-16 , 6.77366e-15 , -7.95801e-15 , -9.27239e-15 , 1.71482e-14 , -2.87529e-15 , 1.50988e-15
4.71157e-17 , 1.48733e-16 , 0.0158349 , -0.438492 , 7.17809e-17 , -4.15919e-16 , 4.71157e-14 , 1.48733e-13 , 15.8349 , -438.492 , 7.17809e-14 , -4.15919e-13 , 1.84017e-15 , -2.19045e-15 , -2.7196e-15 , 4.81067e-15 , -7.0165e-16 , -5.44033e-16 , 6.4406e-15 , -7.66657e-15 , -9.51858e-15 , 1.68373e-14 , -2.45578e-15 , -1.90411e-15
4.26649e-17 , 8.22386e-17 , 0.00902156 , -0.427699 , 7.79542e-17 , -4.72055e-16 , 4.26649e-14 , 8.22386e-14 , 9.02156 , -427.699 , 7.79542e-14 , -4.72055e-13 , 1.711e-15 , -2.1389e-15 , -2.75644e-15 , 4.45503e-15 , -5.58275e-16 , -1.35214e-15 , 5.98848e-15 , -7.48616e-15 , -9.64756e-15 , 1.55926e-14 , -1.95396e-15 , -4.73247e-15
3.86323e-17 , 2.15732e-17 , 0.00250133 , -0.402725 , 8.40144e-17 , -5.14195e-16 , 3.86323e-14 , 2.15732e-14 , 2.50133 , -402.725 , 8.40144e-14 , -5.14195e-13 , 1.5534e-15 , -2.15278e-15 , -2.75716e-15 , 3.84031e-15 , -3.93982e-16 , -2.05248e-15 , 5.4369e-15 , -7.53473e-15 , -9.65005e-15 , 1.34411e-14 , -1.37894e-15 , -7.18367e-15
3.50374e-17 , -2.91244e-17 , -0.0035118 , -0.364647 , 8.97533e-17 , -5.40984e-16 , 3.50374e-14 , -2.91244e-14 , -3.5118 , -364.647 , 8.97533e-14 , -5.40984e-13 , 1.37316e-15 , -2.17459e-15 , -2.72041e-15 , 2.98919e-15 , -2.0901e-16 , -2.7547e-15 , 4.80605e-15 , -7.61106e-15 , -9.52144e-15 , 1.04622e-14 , -7.31534e-16 , -9.64144e-15
3.18947e-17 , -6.66755e-17 , -0.00882441 , -0.31496 , 9.49755e-17 , -5.51818e-16 , 3.18947e-14 , -6.66755e-14 , -8.82441 , -314.96 , 9.49755e-14 , -5.51818e-13 , 1.17777e-15 , -2.18648e-15 , -2.64626e-15 , 1.93865e-15 , -6.18332e-18 , -3.37377e-15 , 4.12219e-15 , -7.65269e-15 , -9.26191e-15 , 6.78529e-15 , -2.16416e-17 , -1.18082e-14
2.92073e-17 , -8.80608e-17 , -0.0132697 , -0.255522 , 9.94855e-17 , -5.4625e-16 , 2.92073e-14 , -8.80608e-14 , -13.2697 , -255.522 , 9.94855e-14 , -5.4625e-13 , 9.727e-16 , -2.16864e-15 , -2.53609e-15 , 7.38345e-16 , 2.11982e-16 , -3.85019e-15 , 3.40445e-15 , -7.59024e-15 , -8.8763e-15 , 2.58421e-15 , 7.41936e-16 , -1.34757e-14
2.69555e-17 , -9.11262e-17 , -0.0167129 , -0.188492 , 1.03091e-16 , -5.24541e-16 , 2.69555e-14 , -9.11262e-14 , -16.7129 , -188.492 , 1.03091e-13 , -5.24541e-13 , 7.64161e-16 , -2.11115e-15 , -2.39248e-15 , -5.51905e-16 , 4.40217e-16 , -4.1975e-15 , 2.67456e-15 , -7.38902e-15 , -8.37368e-15 , -1.93167e-15 , 1.54076e-15 , -1.46912e-14
2.51195e-17 , -7.52726e-17 , -0.019055 , -0.116259 , 1.05651e-16 , -4.87303e-16 , 2.51195e-14 , -7.52726e-14 , -19.055 , -116.259 , 1.05651e-13 , -4.87303e-13 , 5.58968e-16 , -1.99368e-15 , -2.21908e-15 , -1.86501e-15 , 6.69913e-16 , -4.44299e-15 , 1.95639e-15 , -6.97789e-15 , -7.76678e-15 , -6.52752e-15 , 2.34469e-15 , -1.55505e-14
2.36641e-17 , -4.08399e-17 , -0.0202362 , -0.041366 , 1.07066e-16 , -4.35916e-16 , 2.36641e-14 , -4.08399e-14 , -20.2362 , -41.366 , 1.07066e-13 , -4.35916e-13 , 3.65299e-16 , -1.78304e-15 , -2.02036e-15 , -3.1301e-15 , 8.92898e-16 , -4.5808e-15 , 1.27855e-15 , -6.24063e-15 , -7.07124e-15 , -1.09554e-14 , 3.12514e-15 , -1.60328e-14
