0 , 0 , 0 , 0 , 0 , 0 , 0 , 0 , 0 , 0 , 0 , 0 , 0 , 0 , 0 , 0 , 0 , 0 , 0 , 0 , 0 , 0 , 0 , 0
1.53727e-44 , 8.68856e-42 , 6.03354e-25 , 3.45286e-22 , 0 , 0 , 1.53727e-41 , 8.68856e-39 , 6.03354e-22 , 3.45286e-19 , 0 , 0 , 0 , 0 , 0 , 0 , -1.11088e-40 , -5.79596e-38 , 0 , 0 , 0 , 0 , -3.88809e-40 , -2.02859e-37
3.91868e-36 , 2.14896e-33 , 5.5271e-19 , 2.16131e-16 , -3.79113e-36 , -1.47644e-33 , 3.91868e-33 , 2.14896e-30 , 5.5271e-16 , 2.16131e-13 , -3.79113e-33 , -1.47644e-30 , 0 , 0 , -1.47287e-36 , -6.98279e-34 , -1.79743e-35 , -6.27864e-33 , 0 , 0 , -5.15505e-36 , -2.44398e-33 , -6.29101e-35 , -2.19753e-32
4.73182e-32 , 1.7283e-29 , 7.23951e-16 , 2.01548e-13 , -2.70814e-33 , 2.96478e-31 , 4.73182e-29 , 1.7283e-26 , 7.23951e-13 , 2.01548e-10 , -2.70814e-30 , 2.96478e-28 , 1.70032e-32 , 2.59725e-30 , -4.99184e-33 , -3.72237e-31 , -1.09734e-31 , -1.30625e-29 , 5.95112e-32 , 9.09039e-30 , -1.74714e-32 , -1.30283e-30 , -3.84067e-31 , -4.57188e-29
8.01017e-30 , 1.84478e-27 , 7.61295e-14 , 1.57172e-11 , 1.86072e-31 , 1.23328e-28 , 8.01017e-27 , 1.84478e-24 , 7.61295e-11 , 1.57172e-08 , 1.86072e-28 , 1.23328e-25 , 6.68358e-30 , 1.17011e-27 , -5.78913e-31 , 9.93212e-30 , -1.41931e-29 , -1.64545e-27 , 2.33925e-29 , 4.09539e-27 , -2.0262e-30 , 3.47624e-29 , -4.96759e-29 , -5.75907e-27
2.25801e-28 , 3.66532e-26 , 2.06084e-12 , 3.27643e-10 , 1.43992e-29 , 4.41693e-27 , 2.25801e-25 , 3.66532e-23 , 2.06084e-09 , 3.27643e-07 , 1.43992e-26 , 4.41693e-24 , 2.43342e-28 , 6.75823e-26 , -1.56333e-29 , -8.11992e-28 , -4.43863e-28 , -5.17992e-26 , 8.51696e-28 , 2.36538e-25 , -5.47164e-29 , -2.84197e-27 , -1.55352e-27 , -1.81297e-25
2.58119e-27 , 3.2339e-25 , 2.51208e-11 , 3.20872e-09 , 2.73924e-28 , 5.75374e-26 , 2.58119e-24 , 3.2339e-22 , 2.51208e-08 , 3.20872e-06 , 2.73924e-25 , 5.75374e-23 , 3.12832e-27 , 7.95058e-25 , -1.80343e-28 , -3.79921e-26 , -5.63121e-27 , -5.19205e-25 , 1.09491e-26 , 2.7827e-24 , -6.31199e-28 , -1.32972e-25 , -1.97092e-26 , -1.81722e-24
1.73445e-26 , 1.75524e-24 , 1.85327e-10 , 1.96827e-08 , 2.36125e-27 , 4.02064e-25 , 1.73445e-23 , 1.75524e-21 , 1.85327e-07 , 1.96827e-05 , 2.36125e-24 , 4.02064e-22 , 2.39002e-26 , 3.76405e-24 , -1.11925e-27 , -5.41256e-25 , -3.70866e-26 , -2.63686e-24 , 8.36505e-26 , 1.31742e-23 , -3.91738e-27 , -1.8944e-24 , -1.29803e-25 , -9.229e-24
8.18882e-26 , 6.83231e-24 , 9.72446e-10 , 8.80829e-08 , 1.25032e-26 , 1.88574e-24 , 8.18882e-23 , 6.83231e-21 , 9.72446e-07 , 8.80829e-05 , 1.25032e-23 , 1.88574e-21 , 1.68841e-25 , 1.80625e-23 , -3.57125e-27 , -4.25349e-24 , -1.88433e-25 , -1.61011e-23 , 5.90945e-25 , 6.32186e-23 , -1.24994e-26 , -1.48872e-23 , -6.59517e-25 , -5.63538e-23
3.00244e-25 , 2.09461e-23 , 3.99002e-09 , 3.14111e-07 , 4.57737e-26 , 6.68707e-24 , 3.00244e-22 , 2.09461e-20 , 3.99002e-06 , 0.000314111 , 4.57737e-23 , 6.68707e-21 , 1.03295e-24 , 8.18735e-23 , -5.8032e-28 , -2.29253e-23 , -9.80979e-25 , -6.79718e-23 , 3.61532e-24 , 2.86557e-22 , -2.03112e-27 , -8.02387e-23 , -3.43343e-24 , -2.37901e-22
9.10664e-25 , 5.31901e-23 , 1.35927e-08 , 9.43633e-07 , 1.2333e-25 , 1.94375e-23 , 9.10664e-22 , 5.31901e-20 , 1.35927e-05 , 0.000943633 , 1.2333e-22 , 1.94375e-20 , 3.75083e-24 , 3.73041e-22 , 5.49017e-26 , -9.47516e-23 , -4.16536e-24 , -1.44436e-22 , 1.31279e-23 , 1.30564e-21 , 1.92156e-25 , -3.31631e-22 , -1.45788e-23 , -5.05527e-22
2.38361e-24 , 1.16699e-22 , 4.00327e-08 , 2.47942e-06 , 2.50484e-25 , 4.97718e-23 , 2.38361e-21 , 1.16699e-19 , 4.00327e-05 , 0.00247942 , 2.50484e-22 , 4.97718e-20 , 5.52336e-24 , 1.05369e-21 , 3.51615e-25 , -3.22092e-22 , -1.3617e-23 , -3.82183e-22 , 1.93318e-23 , 3.68792e-21 , 1.23065e-24 , -1.12732e-21 , -4.76596e-23 , -1.33764e-21
5.43044e-24 , 2.27873e-22 , 1.04896e-07 , 5.85214e-06 , 3.30198e-25 , 1.18029e-22 , 5.43044e-21 , 2.27873e-19 , 0.000104896 , 0.00585214 , 3.30198e-22 , 1.18029e-19 , 1.14318e-23 , 2.70238e-21 , 1.42402e-24 , -9.42995e-22 , -3.50325e-23 , -1.47409e-21 , 4.00113e-23 , 9.45834e-21 , 4.98406e-24 , -3.30048e-21 , -1.22614e-22 , -5.1593e-21
1.11096e-23 , 4.00433e-22 , 2.49759e-07 , 1.26544e-05 , 2.71481e-26 , 2.50776e-22 , 1.11096e-20 , 4.00433e-19 , 0.000249759 , 0.0126544 , 2.71481e-23 , 2.50776e-19 , 2.04126e-23 , 5.7275e-21 , 4.51855e-24 , -2.44989e-21 , -1.02484e-22 , -4.45869e-21 , 7.14441e-23 , 2.00462e-20 , 1.58149e-23 , -8.57463e-21 , -3.58693e-22 , -1.56054e-20
2.05483e-23 , 6.41795e-22 , 5.4912e-07 , 2.54445e-05 , -1.32581e-24 , 4.83072e-22 , 2.05483e-20 , 6.41795e-19 , 0.00054912 , 0.0254445 , -1.32581e-21 , 4.83072e-19 , 1.85219e-23 , 1.14752e-20 , 1.21855e-23 , -5.7871e-21 , -2.45565e-22 , -1.04338e-20 , 6.48267e-23 , 4.01633e-20 , 4.26494e-23 , -2.02549e-20 , -8.59477e-22 , -3.65182e-20
3.53945e-23 , 9.65925e-22 , 1.12872e-06 , 4.81229e-05 , -4.27409e-24 , 8.37637e-22 , 3.53945e-20 , 9.65925e-19 , 0.00112872 , 0.0481229 , -4.27409e-21 , 8.37637e-19 , -2.30735e-23 , 2.28497e-20 , 2.93592e-23 , -1.26293e-20 , -7.42207e-22 , -2.57785e-20 , -8.07571e-23 , 7.99738e-20 , 1.02757e-22 , -4.42027e-20 , -2.59773e-21 , -9.02246e-20
5.92488e-23 , 1.3428e-21 , 2.19041e-06 , 8.63787e-05 , -8.69052e-24 , 1.26693e-21 , 5.92488e-20 , 1.3428e-18 , 0.00219041 , 0.0863787 , -8.69052e-21 , 1.26693e-18 , 7.52429e-23 , 5.14068e-20 , 6.5073e-23 , -2.57396e-20 , -1.56528e-21 , -5.07245e-20 , 2.6335e-22 , 1.79924e-19 , 2.27756e-22 , -9.00888e-20 , -5.47847e-21 , -1.77536e-19
9.59965e-23 , 1.67e-21 , 4.04456e-06 , 0.000148201 , -1.73133e-23 , 1.6159e-21 , 9.59965e-20 , 1.67e-18 , 0.00404456 , 0.148201 , -1.73133e-20 , 1.6159e-18 , 3.77755e-22 , 1.11909e-19 , 1.34466e-22 , -4.94547e-20 , -3.22165e-21 , -8.9311e-20 , 1.32214e-21 , 3.91682e-19 , 4.7063e-22 , -1.73092e-19 , -1.12758e-20 , -3.12589e-19
1.50759e-22 , 1.76111e-21 , 7.15101e-06 , 0.000244436 , -3.76641e-23 , 1.76505e-21 , 1.50759e-19 , 1.76111e-18 , 0.00715101 , 0.244436 , -3.76641e-20 , 1.76505e-18 , 3.77755e-22 , 2.06777e-19 , 2.62158e-22 , -9.02592e-20 , -7.37261e-21 , -1.64479e-19 , 1.32214e-21 , 7.23719e-19 , 9.17552e-22 , -3.15907e-19 , -2.58041e-20 , -5.75678e-19
2.29791e-22 , 1.11045e-21 , 1.2169e-05 , 0.000389385 , -8.49224e-23 , 1.59997e-21 , 2.29791e-19 , 1.11045e-18 , 0.012169 , 0.389385 , -8.49224e-20 , 1.59997e-18 , 1.47405e-23 , 3.3359e-19 , 4.8859e-22 , -1.5741e-19 , -1.38391e-20 , -2.9551e-19 , 5.15918e-23 , 1.16756e-18 , 1.71006e-21 , -5.50935e-19 , -4.84369e-20 , -1.03429e-18
3.46313e-22 , -8.01722e-22 , 2.00167e-05 , 0.000601395 , -1.93317e-22 , 6.91294e-22 , 3.46313e-19 , -8.01722e-19 , 0.0200167 , 0.601395 , -1.93317e-19 , 6.91294e-19 , 8.01271e-22 , 5.77535e-19 , 8.76807e-22 , -2.63858e-19 , -2.58369e-20 , -5.39839e-19 , 2.80445e-21 , 2.02137e-18 , 3.06882e-21 , -9.23503e-19 , -9.04291e-20 , -1.88944e-18
5.25953e-22 , -4.81746e-21 , 3.19396e-05 , 0.000903443 , -4.154e-22 , -1.04695e-21 , 5.25953e-19 , -4.81746e-18 , 0.0319396 , 0.903443 , -4.154e-19 , -1.04695e-18 , 3.70538e-21 , 9.29901e-19 , 1.51263e-21 , -4.27051e-19 , -4.50636e-20 , -8.99664e-19 , 1.29688e-20 , 3.25465e-18 , 5.29422e-21 , -1.49468e-18 , -1.57723e-19 , -3.14882e-18
7.73806e-22 , -1.18593e-20 , 4.95881e-05 , 0.00132366 , -8.15836e-22 , -3.32216e-21 , 7.73806e-19 , -1.18593e-17 , 0.0495881 , 1.32366 , -8.15836e-19 , -3.32216e-18 , 9.2716e-21 , 1.29388e-18 , 2.50202e-21 , -6.69582e-19 , -6.77312e-20 , -1.23098e-18 , 3.24506e-20 , 4.52859e-18 , 8.75706e-21 , -2.34354e-18 , -2.37059e-19 , -4.30844e-18
1.09354e-21 , -2.33705e-20 , 7.51023e-05 , 0.00189575 , -1.48253e-21 , -5.18178e-21 , 1.09354e-18 , -2.33705e-17 , 0.0751023 , 1.89575 , -1.48253e-18 , -5.18178e-18 , 2.54862e-20 , 1.75854e-18 , 3.97061e-21 , -1.02103e-18 , -1.04586e-19 , -1.70978e-18 , 8.92018e-20 , 6.15489e-18 , 1.38971e-20 , -3.57359e-18 , -3.6605e-19 , -5.98423e-18
1.45608e-21 , -3.92282e-20 , 0.000111202 , 0.00265934 , -2.50428e-21 , -5.59731e-21 , 1.45608e-18 , -3.92282e-17 , 0.111202 , 2.65934 , -2.50428e-18 , -5.59731e-18 , 5.93675e-20 , 2.70335e-18 , 6.05871e-21 , -1.51928e-18 , -1.58394e-19 , -2.44242e-18 , 2.07786e-19 , 9.46171e-18 , 2.12055e-20 , -5.31748e-18 , -5.5438e-19 , -8.54848e-18
1.77361e-21 , -5.93492e-20 , 0.000161283 , 0.00366007 , -4.03185e-21 , -4.89585e-21 , 1.77361e-18 , -5.93492e-17 , 0.161283 , 3.66007 , -4.03185e-18 , -4.89585e-18 , 9.6153e-20 , 3.89597e-18 , 8.89661e-21 , -2.21179e-18 , -2.15511e-19 , -3.36471e-18 , 3.36535e-19 , 1.36359e-17 , 3.11381e-20 , -7.74127e-18 , -7.54288e-19 , -1.17765e-17
1.84155e-21 , -8.43107e-20 , 0.000229508 , 0.00494957 , -6.35874e-21 , -1.26896e-21 , 1.84155e-18 , -8.43107e-17 , 0.229508 , 4.94957 , -6.35874e-18 , -1.26896e-18 , 1.63916e-19 , 5.6152e-18 , 1.25965e-20 , -3.15379e-18 , -3.04283e-19 , -4.81872e-18 , 5.73705e-19 , 1.96532e-17 , 4.40879e-20 , -1.10383e-17 , -1.06499e-18 , -1.68655e-17
1.56998e-21 , -1.15752e-19 , 0.000320902 , 0.00658513 , -9.74648e-21 , 1.28578e-20 , 1.56998e-18 , -1.15752e-16 , 0.320902 , 6.58513 , -9.74648e-18 , 1.28578e-17 , 2.24902e-19 , 7.78361e-18 , 1.72147e-20 , -4.41063e-18 , -4.02712e-19 , -6.37434e-18 , 7.87157e-19 , 2.72426e-17 , 6.02515e-20 , -1.54372e-17 , -1.40949e-18 , -2.23102e-17
1.06167e-21 , -1.57731e-19 , 0.000441433 , 0.00862913 , -1.44047e-20 , 3.79608e-20 , 1.06167e-18 , -1.57731e-16 , 0.441433 , 8.62913 , -1.44047e-17 , 3.79608e-17 , 2.88792e-19 , 1.06335e-17 , 2.27044e-20 , -6.05721e-18 , -5.09207e-19 , -8.14356e-18 , 1.01077e-18 , 3.72173e-17 , 7.94654e-20 , -2.12002e-17 , -1.78222e-18 , -2.85024e-17
-1.44324e-22 , -2.10072e-19 , 0.000598088 , 0.0111482 , -2.0905e-20 , 7.88405e-20 , -1.44324e-19 , -2.10072e-16 , 0.598088 , 11.1482 , -2.0905e-17 , 7.88405e-17 , 4.30126e-19 , 1.56518e-17 , 2.89217e-20 , -8.18068e-18 , -6.60095e-19 , -1.29798e-17 , 1.50544e-18 , 5.47814e-17 , 1.01226e-19 , -2.86324e-17 , -2.31033e-18 , -4.54293e-17
-2.66526e-21 , -2.64068e-19 , 0.000798929 , 0.0142119 , -2.99545e-20 , 1.37115e-19 , -2.66526e-18 , -2.64068e-16 , 0.798929 , 14.2119 , -2.99545e-17 , 1.37115e-16 , 5.92756e-19 , 2.12897e-17 , 3.55592e-20 , -1.08837e-17 , -8.30699e-19 , -1.86146e-17 , 2.07465e-18 , 7.45138e-17 , 1.24457e-19 , -3.80931e-17 , -2.90745e-18 , -6.51511e-17
-6.68484e-21 , -3.30632e-19 , 0.00105313 , 0.0178916 , -4.21756e-20 , 1.98287e-19 , -6.68484e-18 , -3.30632e-16 , 1.05313 , 17.8916 , -4.21756e-17 , 1.98287e-16 , 7.36026e-19 , 2.7671e-17 , 4.19956e-20 , -1.42827e-17 , -1.05459e-18 , -2.47192e-17 , 2.57609e-18 , 9.68484e-17 , 1.46985e-19 , -4.99894e-17 , -3.69105e-18 , -8.65172e-17
-1.29221e-20 , -4.2898e-19 , 0.00137097 , 0.022258 , -5.9977e-20 , 2.51328e-19 , -1.29221e-17 , -4.2898e-16 , 1.37097 , 22.258 , -5.9977e-17 , 2.51328e-16 , 9.60611e-19 , 3.51055e-17 , 4.66629e-20 , -1.85117e-17 , -1.44856e-18 , -3.08909e-17 , 3.36214e-18 , 1.22869e-16 , 1.6332e-19 , -6.47908e-17 , -5.06995e-18 , -1.08118e-16
-2.2068e-20 , -5.63242e-19 , 0.00176384 , 0.0273798 , -8.50728e-20 , 2.72385e-19 , -2.2068e-17 , -5.63242e-16 , 1.76384 , 27.3798 , -8.50728e-17 , 2.72385e-16 , 1.15422e-18 , 4.56378e-17 , 4.71298e-20 , -2.37325e-17 , -1.85413e-18 , -3.74677e-17 , 4.03976e-18 , 1.59732e-16 , 1.64954e-19 , -8.30638e-17 , -6.48947e-18 , -1.31137e-16
-3.36693e-20 , -7.05807e-19 , 0.00224417 , 0.0333207 , -1.17862e-19 , 2.74076e-19 , -3.36693e-17 , -7.05807e-16 , 2.24417 , 33.3207 , -1.17862e-16 , 2.74076e-16 , 1.53369e-18 , 5.86482e-17 , 3.87389e-20 , -3.01259e-17 , -2.56648e-18 , -4.66323e-17 , 5.36791e-18 , 2.05269e-16 , 1.35586e-19 , -1.05441e-16 , -8.98269e-18 , -1.63213e-16
-4.73602e-20 , -8.57424e-19 , 0.00282533 , 0.0401373 , -1.60564e-19 , 2.32131e-19 , -4.73602e-17 , -8.57424e-16 , 2.82533 , 40.1373 , -1.60564e-16 , 2.32131e-16 , 1.99835e-18 , 7.67389e-17 , 1.49736e-20 , -3.78727e-17 , -3.30611e-18 , -5.34878e-17 , 6.99421e-18 , 2.68586e-16 , 5.24077e-20 , -1.32555e-16 , -1.15714e-17 , -1.87207e-16
-6.51881e-20 , -1.03108e-18 , 0.00352148 , 0.0478761 , -2.13892e-19 , 8.029e-20 , -6.51881e-17 , -1.03108e-15 , 3.52148 , 47.8761 , -2.13892e-16 , 8.029e-17 , 2.37007e-18 , 9.92903e-17 , -3.16529e-20 , -4.7188e-17 , -3.81704e-18 , -6.28448e-17 , 8.29526e-18 , 3.47516e-16 , -1.10785e-19 , -1.65158e-16 , -1.33596e-17 , -2.19957e-16
-8.7952e-20 , -1.24952e-18 , 0.00434743 , 0.0565705 , -2.77275e-19 , -2.00264e-19 , -8.7952e-17 , -1.24952e-15 , 4.34743 , 56.5705 , -2.77275e-16 , -2.00264e-16 , 3.00511e-18 , 1.26798e-16 , -1.13956e-19 , -5.83093e-17 , -4.53623e-18 , -7.64143e-17 , 1.05179e-17 , 4.43793e-16 , -3.98845e-19 , -2.04083e-16 , -1.58768e-17 , -2.6745e-16
-1.14544e-19 , -1.53259e-18 , 0.00531835 , 0.0662385 , -3.52904e-19 , -6.08041e-19 , -1.14544e-16 , -1.53259e-15 , 5.31835 , 66.2385 , -3.52904e-16 , -6.08041e-16 , 3.9654e-18 , 1.59014e-16 , -2.44892e-19 , -7.15031e-17 , -5.54922e-18 , -9.53735e-17 , 1.38789e-17 , 5.5655e-16 , -8.57121e-19 , -2.50261e-16 , -1.94223e-17 , -3.33807e-16
-1.45979e-19 , -1.89001e-18 , 0.00644958 , 0.0768791 , -4.42265e-19 , -1.12287e-18 , -1.45979e-16 , -1.89001e-15 , 6.44958 , 76.8791 , -4.42265e-16 , -1.12287e-15 , 5.14253e-18 , 1.89248e-16 , -4.33191e-19 , -8.70563e-17 , -7.147e-18 , -1.13934e-16 , 1.79989e-17 , 6.62368e-16 , -1.51617e-18 , -3.04697e-16 , -2.50145e-17 , -3.98769e-16
-1.89699e-19 , -2.35331e-18 , 0.00775621 , 0.0884705 , -5.4509e-19 , -1.76251e-18 , -1.89699e-16 , -2.35331e-15 , 7.75621 , 88.4705 , -5.4509e-16 , -1.76251e-15 , 6.93921e-18 , 2.22951e-16 , -6.93831e-19 , -1.05255e-16 , -9.74415e-18 , -1.35472e-16 , 2.42872e-17 , 7.80329e-16 , -2.42841e-18 , -3.68392e-16 , -3.41045e-17 , -4.74153e-16
-2.40571e-19 , -2.91239e-18 , 0.00925284 , 0.100967 , -6.57917e-19 , -2.50992e-18 , -2.40571e-16 , -2.91239e-15 , 9.25284 , 100.967 , -6.57917e-16 , -2.50992e-15 , 9.41739e-18 , 2.58141e-16 , -1.04335e-18 , -1.2644e-16 , -1.3566e-17 , -1.57901e-16 , 3.29609e-17 , 9.03495e-16 , -3.65171e-18 , -4.4254e-16 , -4.74809e-17 , -5.52653e-16
-2.90183e-19 , -3.60548e-18 , 0.0109531 , 0.114297 , -7.74208e-19 , -3.39373e-18 , -2.90183e-16 , -3.60548e-15 , 10.9531 , 114.297 , -7.74208e-16 , -3.39373e-15 , 1.21434e-17 , 2.91845e-16 , -1.4821e-18 , -1.51031e-16 , -1.75669e-17 , -1.79664e-16 , 4.25018e-17 , 1.02146e-15 , -5.18733e-18 , -5.28607e-16 , -6.14841e-17 , -6.28823e-16
-3.38942e-19 , -4.47013e-18 , 0.0128693 , 0.128363 , -8.92153e-19 , -4.36253e-18 , -3.38942e-16 , -4.47013e-15 , 12.8693 , 128.363 , -8.92153e-16 , -4.36253e-15 , 1.52411e-17 , 3.29017e-16 , -2.00564e-18 , -1.7958e-16 , -2.15741e-17 , -2.00692e-16 , 5.33439e-17 , 1.15156e-15 , -7.01973e-18 , -6.28531e-16 , -7.55094e-17 , -7.02423e-16
-3.8789e-19 , -5.57166e-18 , 0.0150118 , 0.143036 , -1.01307e-18 , -5.49504e-18 , -3.8789e-16 , -5.57166e-15 , 15.0118 , 143.036 , -1.01307e-15 , -5.49504e-15 , 1.9454e-17 , 3.59747e-16 , -2.61294e-18 , -2.12767e-16 , -2.67802e-17 , -2.24386e-16 , 6.8089e-17 , 1.25911e-15 , -9.1453e-18 , -7.44683e-16 , -9.37308e-17 , -7.85351e-16
-4.40366e-19 , -6.98688e-18 , 0.017389 , 0.158161 , -1.14379e-18 , -6.84152e-18 , -4.40366e-16 , -6.98688e-15 , 17.389 , 158.161 , -1.14379e-15 , -6.84152e-15 , 2.42864e-17 , 3.95432e-16 , -3.29406e-18 , -2.51254e-16 , -3.38135e-17 , -2.541e-16 , 8.50026e-17 , 1.38401e-15 , -1.15292e-17 , -8.79391e-16 , -1.18347e-16 , -8.8935e-16
-4.93805e-19 , -8.74665e-18 , 0.0200064 , 0.173553 , -1.27834e-18 , -8.32558e-18 , -4.93805e-16 , -8.74665e-15 , 20.0064 , 173.553 , -1.27834e-15 , -8.32558e-15 , 3.04819e-17 , 4.45987e-16 , -4.02066e-18 , -2.95793e-16 , -4.20508e-17 , -2.77745e-16 , 1.06687e-16 , 1.56096e-15 , -1.40723e-17 , -1.03528e-15 , -1.47178e-16 , -9.72106e-16
-5.48027e-19 , -1.09398e-17 , 0.0228664 , 0.188999 , -1.43508e-18 , -9.88265e-18 , -5.48027e-16 , -1.09398e-14 , 22.8664 , 188.999 , -1.43508e-15 , -9.88265e-15 , 3.80403e-17 , 5.23306e-16 , -4.76053e-18 , -3.47165e-16 , -5.02381e-17 , -3.01094e-16 , 1.33141e-16 , 1.83157e-15 , -1.66618e-17 , -1.21508e-15 , -1.75833e-16 , -1.05383e-15
-6.05128e-19 , -1.37207e-17 , 0.0259677 , 0.204258 , -1.62352e-18 , -1.17219e-17 , -6.05128e-16 , -1.37207e-14 , 25.9677 , 204.258 , -1.62352e-15 , -1.17219e-14 , 4.57227e-17 , 6.21442e-16 , -5.48824e-18 , -4.05958e-16 , -5.86048e-17 , -3.39867e-16 , 1.60029e-16 , 2.17505e-15 , -1.92088e-17 , -1.42085e-15 , -2.05117e-16 , -1.18954e-15
-6.69489e-19 , -1.72807e-17 , 0.0293052 , 0.219067 , -1.83936e-18 , -1.40135e-17 , -6.69489e-16 , -1.72807e-14 , 29.3052 , 219.067 , -1.83936e-15 , -1.40135e-14 , 5.21659e-17 , 7.20569e-16 , -6.18941e-18 , -4.72674e-16 , -6.82533e-17 , -3.78029e-16 , 1.82581e-16 , 2.52199e-15 , -2.16629e-17 , -1.65436e-15 , -2.38886e-16 , -1.3231e-15
-7.50355e-19 , -2.16577e-17 , 0.0328694 , 0.233142 , -2.07582e-18 , -1.67505e-17 , -7.50355e-16 , -2.16577e-14 , 32.8694 , 233.142 , -2.07582e-15 , -1.67505e-14 , 5.73701e-17 , 8.18705e-16 , -6.86269e-18 , -5.4777e-16 , -7.79488e-17 , -4.16418e-16 , 2.00795e-16 , 2.86547e-15 , -2.40194e-17 , -1.9172e-15 , -2.72821e-16 , -1.45746e-15
-8.71878e-19 , -2.68792e-17 , 0.0366462 , 0.246179 , -2.31346e-18 , -1.98876e-17 , -8.71878e-16 , -2.68792e-14 , 36.6462 , 246.179 , -2.31346e-15 , -1.98876e-14 , 6.35655e-17 , 9.13867e-16 , -7.52116e-18 , -6.31769e-16 , -8.44819e-17 , -4.53979e-16 , 2.22479e-16 , 3.19853e-15 , -2.6324e-17 , -2.21119e-15 , -2.95687e-16 , -1.58893e-15
-1.04888e-18 , -3.29261e-17 , 0.0406166 , 0.257864 , -2.55612e-18 , -2.34569e-17 , -1.04888e-15 , -3.29261e-14 , 40.6166 , 257.864 , -2.55612e-15 , -2.34569e-14 , 7.86824e-17 , 9.79291e-16 , -8.19441e-18 , -7.25365e-16 , -9.061e-17 , -4.86797e-16 , 2.75388e-16 , 3.42752e-15 , -2.86804e-17 , -2.53878e-15 , -3.17135e-16 , -1.70379e-15
-1.27389e-18 , -3.97108e-17 , 0.0447565 , 0.267874 , -2.79257e-18 , -2.77494e-17 , -1.27389e-15 , -3.97108e-14 , 44.7565 , 267.874 , -2.79257e-15 , -2.77494e-14 , 9.37993e-17 , 1.05661e-15 , -8.9296e-18 , -8.29264e-16 , -9.68636e-17 , -5.10094e-16 , 3.28298e-16 , 3.69813e-15 , -3.12536e-17 , -2.90242e-15 , -3.39023e-16 , -1.78533e-15
-1.54888e-18 , -4.71368e-17 , 0.0490368 , 0.275884 , -3.01993e-18 , -3.30208e-17 , -1.54888e-15 , -4.71368e-14 , 49.0368 , 275.884 , -3.01993e-15 , -3.30208e-14 , 1.09907e-16 , 1.17358e-15 , -9.7886e-18 , -9.43883e-16 , -1.03273e-16 , -5.32122e-16 , 3.84676e-16 , 4.10753e-15 , -3.42601e-17 , -3.30359e-15 , -3.61454e-16 , -1.86243e-15
-1.85512e-18 , -5.51106e-17 , 0.0534234 , 0.281574 , -3.24208e-18 , -3.94965e-17 , -1.85512e-15 , -5.51106e-14 , 53.4234 , 281.574 , -3.24208e-15 , -3.94965e-14 , 1.2329e-16 , 1.28857e-15 , -1.08555e-17 , -1.06947e-15 , -1.14555e-16 , -5.53355e-16 , 4.31514e-16 , 4.50998e-15 , -3.79943e-17 , -3.74316e-15 , -4.00942e-16 , -1.93674e-15
-2.13295e-18 , -6.35305e-17 , 0.0578771 , 0.284633 , -3.48172e-18 , -4.69231e-17 , -2.13295e-15 , -6.35305e-14 , 57.8771 , 284.633 , -3.48172e-15 , -4.69231e-14 , 1.3568e-16 , 1.3758e-15 , -1.22332e-17 , -1.20614e-15 , -1.28445e-16 , -5.74619e-16 , 4.74882e-16 , 4.8153e-15 , -4.28161e-17 , -4.22148e-15 , -4.49559e-16 , -2.01117e-15
-2.37636e-18 , -7.22203e-17 , 0.062354 , 0.284767 , -3.74538e-18 , -5.49265e-17 , -2.37636e-15 , -7.22203e-14 , 62.354 , 284.767 , -3.74538e-15 , -5.49265e-14 , 1.47824e-16 , 1.4888e-15 , -1.40258e-17 , -1.35363e-15 , -1.42903e-16 , -6.08932e-16 , 5.17382e-16 , 5.21081e-15 , -4.90903e-17 , -4.7377e-15 , -5.00162e-16 , -2.13126e-15
-2.57024e-18 , -8.09207e-17 , 0.0668057 , 0.281708 , -4.01776e-18 , -6.33065e-17 , -2.57024e-15 , -8.09207e-14 , 66.8057 , 281.708 , -4.01776e-15 , -6.33065e-14 , 1.62693e-16 , 1.61569e-15 , -1.63246e-17 , -1.51122e-15 , -1.59362e-16 , -6.59471e-16 , 5.69424e-16 , 5.6549e-15 , -5.7136e-17 , -5.28926e-15 , -5.57767e-16 , -2.30815e-15
-2.70048e-18 , -8.95807e-17 , 0.0711802 , 0.275215 , -4.27569e-18 , -7.21475e-17 , -2.70048e-15 , -8.95807e-14 , 71.1802 , 275.215 , -4.27569e-15 , -7.21475e-14 , 1.77562e-16 , 1.76636e-15 , -1.92429e-17 , -1.67803e-15 , -1.75774e-16 , -7.37235e-16 , 6.21466e-16 , 6.18226e-15 , -6.73501e-17 , -5.87309e-15 , -6.15209e-16 , -2.58032e-15
-2.76421e-18 , -9.79172e-17 , 0.0754215 , 0.265087 , -4.51262e-18 , -8.11387e-17 , -2.76421e-15 , -9.79172e-14 , 75.4215 , 265.087 , -4.51262e-15 , -8.11387e-14 , 1.92926e-16 , 1.9666e-15 , -2.29164e-17 , -1.85311e-15 , -1.92572e-16 , -8.29226e-16 , 6.75242e-16 , 6.88309e-15 , -8.02076e-17 , -6.4859e-15 , -6.74001e-16 , -2.90229e-15
-2.7623e-18 , -1.05763e-16 , 0.0794711 , 0.251162 , -4.72558e-18 , -9.00777e-17 , -2.7623e-15 , -1.05763e-13 , 79.4711 , 251.162 , -4.72558e-15 , -9.00777e-14 , 2.08291e-16 , 2.19161e-15 , -2.74713e-17 , -2.03553e-15 , -2.09201e-16 , -9.41129e-16 , 7.29019e-16 , 7.67065e-15 , -9.61495e-17 , -7.12437e-15 , -7.32204e-16 , -3.29395e-15
-2.70501e-18 , -1.13091e-16 , 0.0832684 , 0.233329 , -4.92012e-18 , -9.90626e-17 , -2.70501e-15 , -1.13091e-13 , 83.2684 , 233.329 , -4.92012e-15 , -9.90626e-14 , 2.24151e-16 , 2.41961e-15 , -3.30127e-17 , -2.22436e-15 , -2.25112e-16 , -1.07557e-15 , 7.8453e-16 , 8.46862e-15 , -1.15544e-16 , -7.78526e-15 , -7.87892e-16 , -3.7645e-15
-2.5971e-18 , -1.1986e-16 , 0.0867514 , 0.211528 , -5.15786e-18 , -1.08239e-16 , -2.5971e-15 , -1.1986e-13 , 86.7514 , 211.528 , -5.15786e-15 , -1.08239e-13 , 2.40012e-16 , 2.64958e-15 , -3.96496e-17 , -2.41886e-15 , -2.41745e-16 , -1.21925e-15 , 8.40041e-16 , 9.27354e-15 , -1.38773e-16 , -8.46601e-15 , -8.46108e-16 , -4.26736e-15
-2.42423e-18 , -1.25921e-16 , 0.0898576 , 0.185755 , -5.46133e-18 , -1.17442e-16 , -2.42423e-15 , -1.25921e-13 , 89.8576 , 185.755 , -5.46133e-15 , -1.17442e-13 , 2.62315e-16 , 2.8746e-15 , -4.7449e-17 , -2.61839e-15 , -2.61038e-16 , -1.39354e-15 , 9.18104e-16 , 1.00611e-14 , -1.66072e-16 , -9.16437e-15 , -9.13633e-16 , -4.87739e-15
-2.16537e-18 , -1.31284e-16 , 0.0925251 , 0.156068 , -5.84081e-18 , -1.26574e-16 , -2.16537e-15 , -1.31284e-13 , 92.5251 , 156.068 , -5.84081e-15 , -1.26574e-13 , 2.87593e-16 , 3.09664e-15 , -5.63529e-17 , -2.82211e-15 , -2.81472e-16 , -1.58999e-15 , 1.00657e-15 , 1.08383e-14 , -1.97235e-16 , -9.8774e-15 , -9.85153e-16 , -5.56497e-15
-1.83042e-18 , -1.3591e-16 , 0.0946933 , 0.122585 , -6.29717e-18 , -1.35544e-16 , -1.83042e-15 , -1.3591e-13 , 94.6933 , 122.585 , -6.29717e-15 , -1.35544e-13 , 3.13366e-16 , 3.31918e-15 , -6.62139e-17 , -3.02902e-15 , -3.01063e-16 , -1.80262e-15 , 1.09678e-15 , 1.16171e-14 , -2.31749e-16 , -1.06016e-14 , -1.05372e-15 , -6.30916e-15
-1.42186e-18 , -1.39665e-16 , 0.0963041 , 0.0854908 , -6.80462e-18 , -1.44314e-16 , -1.42186e-15 , -1.39665e-13 , 96.3041 , 85.4908 , -6.80462e-15 , -1.44314e-13 , 3.50043e-16 , 3.54817e-15 , -7.68829e-17 , -3.23802e-15 , -3.21332e-16 , -2.03241e-15 , 1.22515e-15 , 1.24186e-14 , -2.6909e-16 , -1.13331e-14 , -1.12466e-15 , -7.11344e-15
-9.58185e-19 , -1.42408e-16 , 0.0973028 , 0.0450299 , -7.42517e-18 , -1.52858e-16 , -9.58185e-16 , -1.42408e-13 , 97.3028 , 45.0299 , -7.42517e-15 , -1.52858e-13 , 3.89694e-16 , 3.7608e-15 , -8.82589e-17 , -3.44812e-15 , -3.40369e-16 , -2.28886e-15 , 1.36393e-15 , 1.31628e-14 , -3.08906e-16 , -1.20684e-14 , -1.19129e-15 , -8.01101e-15
-4.5978e-19 , -1.43983e-16 , 0.0976391 , 0.00151189 , -8.16483e-18 , -1.61147e-16 , -4.5978e-16 , -1.43983e-13 , 97.6391 , 1.51189 , -8.16483e-15 , -1.61147e-13 , 4.31823e-16 , 3.96229e-15 , -1.002e-16 , -3.6582e-15 , -3.55792e-16 , -2.57343e-15 , 1.51138e-15 , 1.3868e-14 , -3.507e-16 , -1.28037e-14 , -1.24527e-15 , -9.00701e-15
-6.97065e-21 , -1.44173e-16 , 0.0972681 , -0.0446932 , -8.92573e-18 , -1.69158e-16 , -6.97065e-18 , -1.44173e-13 , 97.2681 , -44.6932 , -8.92573e-15 , -1.69158e-13 , 4.7643e-16 , 4.14171e-15 , -1.12555e-16 , -3.86708e-15 , -3.64764e-16 , -2.87821e-15 , 1.6675e-15 , 1.4496e-14 , -3.93941e-16 , -1.35348e-14 , -1.27667e-15 , -1.00737e-14
3.6486e-19 , -1.42852e-16 , 0.0961512 , -0.0931572 , -9.66259e-18 , -1.76774e-16 , 3.6486e-16 , -1.42852e-13 , 96.1512 , -93.1572 , -9.66259e-15 , -1.76774e-13 , 5.21037e-16 , 4.3085e-15 , -1.25205e-16 , -4.07337e-15 , -3.7394e-16 , -3.1967e-15 , 1.82363e-15 , 1.50797e-14 , -4.38216e-16 , -1.42568e-14 , -1.30879e-15 , -1.11884e-14
6.47697e-19 , -1.39948e-16 , 0.094257 , -0.143398 , -1.03827e-17 , -1.83786e-16 , 6.47697e-16 , -1.39948e-13 , 94.257 , -143.398 , -1.03827e-14 , -1.83786e-13 , 5.69114e-16 , 4.45818e-15 , -1.38021e-16 , -4.27568e-15 , -3.83543e-16 , -3.52106e-15 , 1.9919e-15 , 1.56036e-14 , -4.83074e-16 , -1.49649e-14 , -1.3424e-15 , -1.23237e-14
8.38551e-19 , -1.35398e-16 , 0.0915621 , -0.194883 , -1.11183e-17 , -1.89868e-16 , 8.38551e-16 , -1.35398e-13 , 91.5621 , -194.883 , -1.11183e-14 , -1.89868e-13 , 6.19173e-16 , 4.60786e-15 , -1.50951e-16 , -4.47266e-15 , -3.94291e-16 , -3.84855e-15 , 2.1671e-15 , 1.61275e-14 , -5.28329e-16 , -1.56543e-14 , -1.38002e-15 , -1.34699e-14
9.38852e-19 , -1.29391e-16 , 0.0880519 , -0.247038 , -1.1861e-17 , -1.94984e-16 , 9.38852e-16 , -1.29391e-13 , 88.0519 , -247.038 , -1.1861e-14 , -1.94984e-13 , 6.70223e-16 , 4.7169e-15 , -1.6398e-16 , -4.66291e-15 , -4.05397e-16 , -4.17392e-15 , 2.34578e-15 , 1.65091e-14 , -5.73929e-16 , -1.63202e-14 , -1.41889e-15 , -1.46087e-14
9.45173e-19 , -1.22108e-16 , 0.0837211 , -0.299249 , -1.25813e-17 , -1.99541e-16 , 9.45173e-16 , -1.22108e-13 , 83.7211 , -299.249 , -1.25813e-14 , -1.99541e-13 , 7.24743e-16 , 4.78232e-15 , -1.77113e-16 , -4.84493e-15 , -4.17553e-16 , -4.46783e-15 , 2.5366e-15 , 1.67381e-14 , -6.19895e-16 , -1.69573e-14 , -1.46143e-15 , -1.56374e-14
8.48759e-19 , -1.13849e-16 , 0.0785743 , -0.350874 , -1.32662e-17 , -2.03977e-16 , 8.48759e-16 , -1.13849e-13 , 78.5743 , -350.874 , -1.32662e-14 , -2.03977e-13 , 7.83724e-16 , 4.81801e-15 , -1.90445e-16 , -5.01705e-15 , -4.35412e-16 , -4.74233e-15 , 2.74303e-15 , 1.6863e-14 , -6.66559e-16 , -1.75597e-14 , -1.52394e-15 , -1.65982e-14
6.29735e-19 , -1.04829e-16 , 0.0726264 , -0.401248 , -1.39208e-17 , -2.07997e-16 , 6.29735e-16 , -1.04829e-13 , 72.6264 , -401.248 , -1.39208e-14 , -2.07997e-13 , 8.5113e-16 , 4.82594e-15 , -2.04087e-16 , -5.17779e-15 , -4.61117e-16 , -5.02804e-15 , 2.97895e-15 , 1.68908e-14 , -7.14304e-16 , -1.81223e-14 , -1.61391e-15 , -1.75981e-14
3.17616e-19 , -9.49142e-17 , 0.065903 , -0.449691 , -1.45119e-17 , -2.11067e-16 , 3.17616e-16 , -9.49142e-14 , 65.903 , -449.691 , -1.45119e-14 , -2.11067e-13 , 9.18041e-16 , 4.79224e-15 , -2.18127e-16 , -5.32555e-15 , -4.88315e-16 , -5.30283e-15 , 3.21314e-15 , 1.67728e-14 , -7.63444e-16 , -1.86394e-14 , -1.7091e-15 , -1.85599e-14
-6.2409e-20 , -8.40838e-17 , 0.0584403 , -0.495519 , -1.49867e-17 , -2.13124e-16 , -6.2409e-17 , -8.40838e-14 , 58.4403 , -495.519 , -1.49867e-14 , -2.13124e-13 , 9.88421e-16 , 4.67328e-15 , -2.32586e-16 , -5.45844e-15 , -5.17323e-16 , -5.53444e-15 , 3.45947e-15 , 1.63565e-14 , -8.1405e-16 , -1.91046e-14 , -1.81063e-15 , -1.93705e-14
-4.89779e-19 , -7.20698e-17 , 0.0502852 , -0.538052 , -1.53217e-17 , -2.13142e-16 , -4.89779e-16 , -7.20698e-14 , 50.2852 , -538.052 , -1.53217e-14 , -2.13142e-13 , 1.06004e-15 , 4.46115e-15 , -2.47351e-16 , -5.57458e-15 , -5.50149e-16 , -5.66475e-15 , 3.71014e-15 , 1.5614e-14 , -8.65728e-16 , -1.9511e-14 , -1.92552e-15 , -1.98266e-14
-9.22098e-19 , -5.85636e-17 , 0.0414953 , -0.576621 , -1.54892e-17 , -2.10642e-16 , -9.22098e-16 , -5.85636e-14 , 41.4953 , -576.621 , -1.54892e-14 , -2.10642e-13 , 1.13042e-15 , 4.23911e-15 , -2.62284e-16 , -5.67175e-15 , -5.90957e-16 , -5.7709e-15 , 3.95647e-15 , 1.48369e-14 , -9.17993e-16 , -1.98511e-14 , -2.06835e-15 , -2.01981e-14
-1.28236e-18 , -4.37766e-17 , 0.0321384 , -0.610582 , -1.55164e-17 , -2.04735e-16 , -1.28236e-15 , -4.37766e-14 , 32.1384 , -610.582 , -1.55164e-14 , -2.04735e-13 , 1.19832e-15 , 3.98138e-15 , -2.77247e-16 , -5.74807e-15 , -6.36126e-16 , -5.86895e-15 , 4.19413e-15 , 1.39348e-14 , -9.70363e-16 , -2.01182e-14 , -2.22644e-15 , -2.05413e-14
-1.55398e-18 , -2.79263e-17 , 0.0222923 , -0.639322 , -1.54038e-17 , -1.94644e-16 , -1.55398e-15 , -2.79263e-14 , 22.2923 , -639.322 , -1.54038e-14 , -1.94644e-13 , 1.26523e-15 , 3.64038e-15 , -2.92142e-16 , -5.80229e-15 , -6.83428e-16 , -5.94948e-15 , 4.42832e-15 , 1.27413e-14 , -1.0225e-15 , -2.0308e-14 , -2.392e-15 , -2.08232e-14
-1.70402e-18 , -1.10725e-17 , 0.012044 , -0.662268 , -1.5197e-17 , -1.79704e-16 , -1.70402e-15 , -1.10725e-14 , 12.044 , -662.268 , -1.5197e-14 , -1.79704e-13 , 1.32657e-15 , 3.31128e-15 , -3.06915e-16 , -5.83302e-15 , -7.36164e-16 , -5.9795e-15 , 4.64299e-15 , 1.15895e-14 , -1.0742e-15 , -2.04156e-14 , -2.57657e-15 , -2.09282e-14
-1.69452e-18 , 6.80817e-18 , 0.001489 , -0.678902 , -1.49178e-17 , -1.59766e-16 , -1.69452e-15 , 6.80817e-15 , 1.489 , -678.902 , -1.49178e-14 , -1.59766e-13 , 1.38031e-15 , 2.93856e-15 , -3.21571e-16 , -5.83833e-15 , -7.91699e-16 , -5.98595e-15 , 4.83107e-15 , 1.0285e-14 , -1.1255e-15 , -2.04342e-14 , -2.77095e-15 , -2.09508e-14
-1.51565e-18 , 2.53594e-17 , -0.00926945 , -0.688762 , -1.45847e-17 , -1.35302e-16 , -1.51565e-15 , 2.53594e-14 , -9.26945 , -688.762 , -1.45847e-14 , -1.35302e-13 , 1.42993e-15 , 2.53809e-15 , -3.36199e-16 , -5.8159e-15 , -8.4718e-16 , -5.94468e-15 , 5.00474e-15 , 8.8833e-15 , -1.1767e-15 , -2.03556e-14 , -2.96513e-15 , -2.08064e-14
-1.16652e-18 , 4.38679e-17 , -0.0201215 , -0.691459 , -1.42184e-17 , -1.07123e-16 , -1.16652e-15 , 4.38679e-14 , -20.1215 , -691.459 , -1.42184e-14 , -1.07123e-13 , 1.47639e-15 , 2.10193e-15 , -3.50975e-16 , -5.76365e-15 , -9.04033e-16 , -5.82794e-15 , 5.16737e-15 , 7.35675e-15 , -1.22841e-15 , -2.01728e-14 , -3.16411e-15 , -2.03978e-14
-6.48591e-19 , 6.14392e-17 , -0.0309518 , -0.686681 , -1.38492e-17 , -7.59259e-17 , -6.48591e-16 , 6.14392e-14 , -30.9518 , -686.681 , -1.38492e-14 , -7.59259e-14 , 1.52261e-15 , 1.67766e-15 , -3.66154e-16 , -5.67986e-15 , -9.6124e-16 , -5.60444e-15 , 5.32913e-15 , 5.87182e-15 , -1.28154e-15 , -1.98795e-14 , -3.36434e-15 , -1.96156e-14
3.48196e-20 , 7.72009e-17 , -0.0416409 , -0.674203 , -1.34776e-17 , -4.28496e-17 , 3.48196e-17 , 7.72009e-14 , -41.6409 , -674.203 , -1.34776e-14 , -4.28496e-14 , 1.57093e-15 , 1.19789e-15 , -3.82075e-16 , -5.56306e-15 , -1.01788e-15 , -5.29925e-15 , 5.49827e-15 , 4.19261e-15 , -1.33726e-15 , -1.94707e-14 , -3.56259e-15 , -1.85474e-14
8.83498e-19 , 9.04457e-17 , -0.0520666 , -0.653892 , -1.30981e-17 , -9.28322e-18 , 8.83498e-16 , 9.04457e-14 , -52.0666 , -653.892 , -1.30981e-14 , -9.28322e-15 , 1.61554e-15 , 6.30882e-16 , -3.99131e-16 , -5.41258e-15 , -1.06874e-15 , -4.92618e-15 , 5.65439e-15 , 2.20809e-15 , -1.39696e-15 , -1.8944e-14 , -3.74057e-15 , -1.72416e-14
1.88904e-18 , 1.00529e-16 , -0.0621054 , -0.62572 , -1.27162e-17 , 2.3524e-17 , 1.88904e-15 , 1.00529e-13 , -62.1054 , -625.72 , -1.27162e-14 , 2.3524e-14 , 1.65494e-15 , 2.42248e-17 , -4.17695e-16 , -5.22852e-15 , -1.11347e-15 , -4.50353e-15 , 5.7923e-15 , 8.47867e-17 , -1.46193e-15 , -1.82998e-14 , -3.89714e-15 , -1.57623e-14
3.01898e-18 , 1.07109e-16 , -0.0716343 , -0.589765 , -1.24011e-17 , 5.4245e-17 , 3.01898e-15 , 1.07109e-13 , -71.6343 , -589.765 , -1.24011e-14 , 5.4245e-14 , 1.67824e-15 , -5.34852e-16 , -4.38085e-16 , -5.01172e-15 , -1.14491e-15 , -4.06198e-15 , 5.87384e-15 , -1.87198e-15 , -1.5333e-15 , -1.7541e-14 , -4.00719e-15 , -1.42169e-14
4.3228e-18 , 1.10234e-16 , -0.0805327 , -0.546215 , -1.20826e-17 , 8.16263e-17 , 4.3228e-15 , 1.10234e-13 , -80.5327 , -546.215 , -1.20826e-14 , 8.16263e-14 , 1.68716e-15 , -1.08996e-15 , -4.60553e-16 , -4.7632e-15 , -1.16865e-15 , -3.62048e-15 , 5.90506e-15 , -3.81487e-15 , -1.61194e-15 , -1.66712e-14 , -4.09029e-15 , -1.26717e-14
5.83808e-18 , 1.10041e-16 , -0.0886837 , -0.49538 , -1.16988e-17 , 1.0505e-16 , 5.83808e-15 , 1.10041e-13 , -88.6837 , -495.38 , -1.16988e-14 , 1.0505e-13 , 1.69707e-15 , -1.61137e-15 , -4.85262e-16 , -4.48432e-15 , -1.19109e-15 , -3.1717e-15 , 5.93976e-15 , -5.6398e-15 , -1.69842e-15 , -1.56951e-14 , -4.1688e-15 , -1.1101e-14
7.56787e-18 , 1.06734e-16 , -0.0959764 , -0.437684 , -1.12508e-17 , 1.24208e-16 , 7.56787e-15 , 1.06734e-13 , -95.9764 , -437.684 , -1.12508e-14 , 1.24208e-13 , 1.70699e-15 , -2.10899e-15 , -5.1225e-16 , -4.1771e-15 , -1.20625e-15 , -2.72206e-15 , 5.97445e-15 , -7.38146e-15 , -1.79287e-15 , -1.46198e-14 , -4.22186e-15 , -9.52722e-15
9.45818e-18 , 1.0048e-16 , -0.102307 , -0.373676 , -1.07077e-17 , 1.38746e-16 , 9.45818e-15 , 1.0048e-13 , -102.307 , -373.676 , -1.07077e-14 , 1.38746e-13 , 1.71194e-15 , -2.5729e-15 , -5.41379e-16 , -3.84398e-15 , -1.21421e-15 , -2.27592e-15 , 5.9918e-15 , -9.00516e-15 , -1.89483e-15 , -1.34539e-14 , -4.24974e-15 , -7.96574e-15
1.15049e-17 , 9.19509e-17 , -0.107584 , -0.30402 , -1.0039e-17 , 1.48739e-16 , 1.15049e-14 , 9.19509e-14 , -107.584 , -304.02 , -1.0039e-14 , 1.48739e-13 , 1.71293e-15 , -2.97338e-15 , -5.72244e-16 , -3.48763e-15 , -1.21809e-15 , -1.85333e-15 , 5.99527e-15 , -1.04068e-14 , -2.00285e-15 , -1.22067e-14 , -4.26331e-15 , -6.48667e-15
1.36582e-17 , 8.18317e-17 , -0.111722 , -0.229499 , -9.27323e-18 , 1.54139e-16 , 1.36582e-14 , 8.18317e-14 , -111.722 , -229.499 , -9.27323e-15 , 1.54139e-13 , 1.71244e-15 , -3.357e-15 , -6.04236e-16 , -3.11116e-15 , -1.21262e-15 , -1.42549e-15 , 5.99353e-15 , -1.17495e-14 , -2.11483e-15 , -1.08891e-14 , -4.24418e-15 , -4.98922e-15
1.58271e-17 , 7.05689e-17 , -0.114655 , -0.15101 , -8.41138e-18 , 1.54769e-16 , 1.58271e-14 , 7.05689e-14 , -114.655 , -151.01 , -8.41138e-15 , 1.54769e-13 , 1.70996e-15 , -3.69601e-15 , -6.36494e-16 , -2.7181e-15 , -1.18572e-15 , -1.00997e-15 , 5.98486e-15 , -1.2936e-14 , -2.22773e-15 , -9.51335e-15 , -4.15001e-15 , -3.53491e-15
1.78445e-17 , 5.8865e-17 , -0.116328 , -0.0695488 , -7.46548e-18 , 1.50608e-16 , 1.78445e-14 , 5.8865e-14 , -116.328 , -69.5488 , -7.46548e-15 , 1.50608e-13 , 1.70847e-15 , -3.96019e-15 , -6.67992e-16 , -2.31185e-15 , -1.14871e-15 , -5.8492e-16 , 5.97965e-15 , -1.38607e-14 , -2.33797e-15 , -8.09149e-15 , -4.02047e-15 , -2.04722e-15
1.96695e-17 , 4.74371e-17 , -0.116704 , 0.0137889 , -6.42577e-18 , 1.42095e-16 , 1.96695e-14 , 4.74371e-14 , -116.704 , 13.7889 , -6.42577e-15 , 1.42095e-13 , 1.70153e-15 , -4.13471e-15 , -6.97585e-16 , -1.89577e-15 , -1.10061e-15 , -1.80993e-16 , 5.95537e-15 , -1.44715e-14 , -2.44155e-15 , -6.6352e-15 , -3.85213e-15 , -6.33475e-16
2.13859e-17 , 3.70465e-17 , -0.115763 , 0.0978277 , -5.33513e-18 , 1.29807e-16 , 2.13859e-14 , 3.70465e-14 , -115.763 , 97.8277 , -5.33513e-15 , 1.29807e-13 , 1.69658e-15 , -4.21017e-15 , -7.23957e-16 , -1.47322e-15 , -1.03155e-15 , 2.06625e-16 , 5.93802e-15 , -1.47356e-14 , -2.53385e-15 , -5.15626e-15 , -3.61044e-15 , 7.23187e-16
2.3033e-17 , 2.83809e-17 , -0.113504 , 0.181324 , -4.17608e-18 , 1.14453e-16 , 2.3033e-14 , 2.83809e-14 , -113.504 , 181.324 , -4.17608e-15 , 1.14453e-13 , 1.69013e-15 , -4.17647e-15 , -7.45708e-16 , -1.04754e-15 , -9.55546e-16 , 5.70288e-16 , 5.91547e-15 , -1.46176e-14 , -2.60998e-15 , -3.66639e-15 , -3.34441e-15 , 1.99601e-15
2.47022e-17 , 2.205e-17 , -0.109949 , 0.262986 , -2.89462e-18 , 9.69581e-17 , 2.47022e-14 , 2.205e-14 , -109.949 , 262.986 , -2.89462e-15 , 9.69581e-14 , 1.67328e-15 , -4.04364e-15 , -7.61492e-16 , -6.22133e-16 , -8.68224e-16 , 9.08733e-16 , 5.85649e-15 , -1.41527e-14 , -2.66522e-15 , -2.17747e-15 , -3.03878e-15 , 3.18057e-15
2.64308e-17 , 1.84393e-17 , -0.105136 , 0.34149 , -1.44054e-18 , 7.7763e-17 , 2.64308e-14 , 1.84393e-14 , -105.136 , 341.49 , -1.44054e-15 , 7.7763e-14 , 1.64503e-15 , -3.83349e-15 , -7.70108e-16 , -2.00563e-16 , -7.7121e-16 , 1.22152e-15 , 5.75761e-15 , -1.34172e-14 , -2.69538e-15 , -7.0197e-16 , -2.69923e-15 , 4.27532e-15
2.81429e-17 , 1.75412e-17 , -0.099127 , 0.415506 , 1.18423e-19 , 5.77645e-17 , 2.81429e-14 , 1.75412e-14 , -99.127 , 415.506 , 1.18423e-16 , 5.77645e-14 , 1.61281e-15 , -3.58964e-15 , -7.70481e-16 , 2.13497e-16 , -6.75546e-16 , 1.51481e-15 , 5.64485e-15 , -1.25637e-14 , -2.69669e-15 , 7.47239e-16 , -2.36441e-15 , 5.30182e-15
2.98689e-17 , 1.88669e-17 , -0.0920037 , 0.483721 , 1.74487e-18 , 3.78576e-17 , 2.98689e-14 , 1.88669e-14 , -92.0037 , 483.721 , 1.74487e-15 , 3.78576e-14 , 1.57515e-15 , -3.24269e-15 , -7.6174e-16 , 6.16085e-16 , -5.75342e-16 , 1.79784e-15 , 5.51301e-15 , -1.13494e-14 , -2.66609e-15 , 2.1563e-15 , -2.0137e-15 , 6.29245e-15
3.16363e-17 , 2.20059e-17 , -0.0838683 , 0.544866 , 3.36951e-18 , 1.85976e-17 , 3.16363e-14 , 2.20059e-14 , -83.8683 , 544.866 , 3.36951e-15 , 1.85976e-14 , 1.53351e-15 , -2.82834e-15 , -7.43305e-16 , 1.00237e-15 , -4.70564e-16 , 2.09748e-15 , 5.3673e-15 , -9.8992e-15 , -2.60157e-15 , 3.50828e-15 , -1.64697e-15 , 7.34119e-15
3.34597e-17 , 2.66239e-17 , -0.0748423 , 0.597739 , 4.98562e-18 , 6.47578e-19 , 3.34597e-14 , 2.66239e-14 , -74.8423 , 597.739 , 4.98562e-15 , 6.47578e-16 , 1.48791e-15 , -2.43976e-15 , -7.14859e-16 , 1.36632e-15 , -3.67525e-16 , 2.36321e-15 , 5.2077e-15 , -8.53917e-15 , -2.50201e-15 , 4.78211e-15 , -1.28634e-15 , 8.27125e-15
3.53935e-17 , 3.20868e-17 , -0.0650653 , 0.64124 , 6.61297e-18 , -1.53787e-17 , 3.53935e-14 , 3.20868e-14 , -65.0653 , 641.24 , 6.61297e-15 , -1.53787e-14 , 1.43439e-15 , -1.96792e-15 , -6.76378e-16 , 1.70176e-15 , -2.79309e-16 , 2.55067e-15 , 5.02035e-15 , -6.88772e-15 , -2.36732e-15 , 5.95618e-15 , -9.77583e-16 , 8.92735e-15
3.7518e-17 , 3.7195e-17 , -0.054693 , 0.674393 , 8.19322e-18 , -2.9188e-17 , 3.7518e-14 , 3.7195e-14 , -54.693 , 674.393 , 8.19322e-15 , -2.9188e-14 , 1.37392e-15 , -1.36919e-15 , -6.28232e-16 , 2.00232e-15 , -2.03075e-16 , 2.70145e-15 , 4.80872e-15 , -4.79217e-15 , -2.19881e-15 , 7.00812e-15 , -7.10763e-16 , 9.45509e-15
3.98311e-17 , 4.09466e-17 , -0.0438955 , 0.696374 , 9.71124e-18 , -4.00109e-17 , 3.98311e-14 , 4.09466e-14 , -43.8955 , 696.374 , 9.71124e-15 , -4.00109e-14 , 1.31097e-15 , -7.42709e-16 , -5.7118e-16 , 2.26067e-15 , -1.28507e-16 , 2.87328e-15 , 4.58841e-15 , -2.59948e-15 , -1.99913e-15 , 7.91236e-15 , -4.49776e-16 , 1.00565e-14
4.23248e-17 , 4.23073e-17 , -0.0328538 , 0.706539 , 1.1208e-17 , -4.73686e-17 , 4.23248e-14 , 4.23073e-14 , -32.8538 , 706.539 , 1.1208e-14 , -4.73686e-14 , 1.24877e-15 , -8.84703e-17 , -5.06358e-16 , 2.46942e-15 , -5.85207e-17 , 2.96487e-15 , 4.3707e-15 , -3.09646e-16 , -1.77225e-15 , 8.64298e-15 , -2.04822e-16 , 1.03771e-14
4.49941e-17 , 4.00325e-17 , -0.0217579 , 0.704447 , 1.27138e-17 , -5.09822e-17 , 4.49941e-14 , 4.00325e-14 , -21.7579 , 704.447 , 1.27138e-14 , -5.09822e-14 , 1.18781e-15 , 6.41105e-16 , -4.3516e-16 , 2.62025e-15 , 9.78062e-18 , 3.05729e-15 , 4.15733e-15 , 2.24387e-15 , -1.52306e-15 , 9.17088e-15 , 3.42322e-17 , 1.07005e-14
4.781e-17 , 3.37554e-17 , -0.0108023 , 0.689878 , 1.4244e-17 , -5.08375e-17 , 4.781e-14 , 3.37554e-14 , -10.8023 , 689.878 , 1.4244e-14 , -5.08375e-14 , 1.12994e-15 , 1.36671e-15 , -3.59159e-16 , 2.70494e-15 , 7.69036e-17 , 3.14427e-15 , 3.9548e-15 , 4.7835e-15 , -1.25706e-15 , 9.46729e-15 , 2.69163e-16 , 1.10049e-14
5.07253e-17 , 2.29198e-17 , -0.000183244 , 0.662854 , 1.58187e-17 , -4.68471e-17 , 5.07253e-14 , 2.29198e-14 , -0.183244 , 662.854 , 1.58187e-14 , -4.68471e-14 , 1.07878e-15 , 2.10422e-15 , -2.80036e-16 , 2.71548e-15 , 1.4434e-16 , 3.15595e-15 , 3.77571e-15 , 7.36477e-15 , -9.80127e-16 , 9.50419e-15 , 5.05191e-16 , 1.10458e-14
5.36855e-17 , 7.21272e-18 , 0.00990569 , 0.623647 , 1.7466e-17 , -3.88918e-17 , 5.36855e-14 , 7.21272e-15 , 9.90569 , 623.647 , 1.7466e-14 , -3.88918e-14 , 1.03448e-15 , 2.8219e-15 , -1.99497e-16 , 2.64404e-15 , 2.13366e-16 , 3.18524e-15 , 3.62069e-15 , 9.87665e-15 , -6.98241e-16 , 9.25415e-15 , 7.46779e-16 , 1.11483e-14
5.66328e-17 , -1.31728e-17 , 0.0192774 , 0.572789 , 1.92203e-17 , -2.70762e-17 , 5.66328e-14 , -1.31728e-14 , 19.2774 , 572.789 , 1.92203e-14 , -2.70762e-14 , 9.97e-16 , 3.53561e-15 , -1.19205e-16 , 2.48455e-15 , 2.84888e-16 , 3.21367e-15 , 3.4895e-15 , 1.23747e-14 , -4.17217e-16 , 8.69593e-15 , 9.97107e-16 , 1.12479e-14
5.94993e-17 , -3.81259e-17 , 0.0277553 , 0.511072 , 2.11133e-17 , -1.16799e-17 , 5.94993e-14 , -3.81259e-14 , 27.7553 , 511.072 , 2.11133e-14 , -1.16799e-14 , 9.71475e-16 , 4.17003e-15 , -4.06923e-17 , 2.23216e-15 , 3.55022e-16 , 3.24256e-15 , 3.40016e-15 , 1.45951e-14 , -1.42423e-16 , 7.81254e-15 , 1.24258e-15 , 1.1349e-14
6.22152e-17 , -6.78997e-17 , 0.0351775 , 0.439541 , 2.31693e-17 , 7.33896e-18 , 6.22152e-14 , -6.78997e-14 , 35.1775 , 439.541 , 2.31693e-14 , 7.33896e-15 , 9.53632e-16 , 4.67756e-15 , 3.47085e-17 , 1.88394e-15 , 4.28407e-16 , 3.21028e-15 , 3.33771e-15 , 1.63715e-14 , 1.2148e-16 , 6.5938e-15 , 1.49942e-15 , 1.1236e-14
6.47306e-17 , -1.01431e-16 , 0.0414008 , 0.359487 , 2.53847e-17 , 2.93277e-17 , 6.47306e-14 , -1.01431e-13 , 41.4008 , 359.487 , 2.53847e-14 , 2.93277e-14 , 9.4248e-16 , 5.00468e-15 , 1.05923e-16 , 1.44004e-15 , 5.11097e-16 , 3.08948e-15 , 3.29868e-15 , 1.75164e-14 , 3.7073e-16 , 5.04013e-15 , 1.78884e-15 , 1.08132e-14
6.69188e-17 , -1.3753e-16 , 0.046304 , 0.272424 , 2.7808e-17 , 5.34984e-17 , 6.69188e-14 , -1.3753e-13 , 46.304 , 272.424 , 2.7808e-14 , 5.34984e-14 , 9.45949e-16 , 5.17319e-15 , 1.72231e-16 , 9.03964e-16 , 5.98979e-16 , 2.9108e-15 , 3.31082e-15 , 1.81062e-14 , 6.02809e-16 , 3.16387e-15 , 2.09643e-15 , 1.01878e-14
6.86609e-17 , -1.75306e-16 , 0.0497916 , 0.180066 , 3.04664e-17 , 7.88574e-17 , 6.86609e-14 , -1.75306e-13 , 49.7916 , 180.066 , 3.04664e-14 , 7.88574e-14 , 9.63297e-16 , 5.12462e-15 , 2.33257e-16 , 2.82602e-16 , 6.96094e-16 , 2.70414e-15 , 3.37154e-15 , 1.79362e-14 , 8.16398e-16 , 9.89108e-16 , 2.43633e-15 , 9.4645e-15
6.98867e-17 , -2.13513e-16 , 0.0517964 , 0.0842963 , 3.33758e-17 , 1.05126e-16 , 6.98867e-14 , -2.13513e-13 , 51.7964 , 84.2963 , 3.33758e-14 , 1.05126e-13 , 9.93282e-16 , 4.84062e-15 , 2.88919e-16 , -4.13214e-16 , 7.93932e-16 , 2.42498e-15 , 3.47649e-15 , 1.69422e-14 , 1.01122e-15 , -1.44625e-15 , 2.77876e-15 , 8.48742e-15
7.05246e-17 , -2.50668e-16 , 0.0522822 , -0.0128739 , 3.64979e-17 , 1.31952e-16 , 7.05246e-14 , -2.50668e-13 , 52.2822 , -12.8739 , 3.64979e-14 , 1.31952e-13 , 1.02996e-15 , 4.35593e-15 , 3.39474e-16 , -1.16861e-15 , 8.91775e-16 , 2.07207e-15 , 3.60486e-15 , 1.52458e-14 , 1.18816e-15 , -4.09015e-15 , 3.12121e-15 , 7.25224e-15
7.05571e-17 , -2.85198e-16 , 0.0512448 , -0.109344 , 3.97997e-17 , 1.58766e-16 , 7.05571e-14 , -2.85198e-13 , 51.2448 , -109.344 , 3.97997e-14 , 1.58766e-13 , 1.06961e-15 , 3.67827e-15 , 3.85488e-16 , -1.9649e-15 , 9.92706e-16 , 1.62282e-15 , 3.74364e-15 , 1.2874e-14 , 1.34921e-15 , -6.87716e-15 , 3.47447e-15 , 5.67987e-15
6.99856e-17 , -3.15634e-16 , 0.0487139 , -0.202973 , 4.32288e-17 , 1.85166e-16 , 6.99856e-14 , -3.15634e-13 , 48.7139 , -202.973 , 4.32288e-14 , 1.85166e-13 , 1.11323e-15 , 2.80199e-15 , 4.27789e-16 , -2.77995e-15 , 1.09392e-15 , 1.08566e-15 , 3.89629e-15 , 9.80696e-15 , 1.49726e-15 , -9.72984e-15 , 3.82873e-15 , 3.79981e-15
6.87807e-17 , -3.4044e-16 , 0.0447524 , -0.291632 , 4.67196e-17 , 2.10699e-16 , 6.87807e-14 , -3.4044e-13 , 44.7524 , -291.632 , 4.67196e-14 , 2.10699e-13 , 1.15808e-15 , 1.78197e-15 , 4.67374e-16 , -3.58876e-15 , 1.18996e-15 , 4.85211e-16 , 4.05328e-15 , 6.2369e-15 , 1.63581e-15 , -1.25607e-14 , 4.16488e-15 , 1.69824e-15
6.69459e-17 , -3.58355e-16 , 0.0394564 , -0.373254 , 5.01461e-17 , 2.34654e-16 , 6.69459e-14 , -3.58355e-13 , 39.4564 , -373.254 , 5.01461e-14 , 2.34654e-13 , 1.20219e-15 , 6.47959e-16 , 5.05377e-16 , -4.3641e-15 , 1.28389e-15 , -1.73273e-16 , 4.20767e-15 , 2.26785e-15 , 1.76882e-15 , -1.52743e-14 , 4.49363e-15 , -6.06457e-16
6.45314e-17 , -3.6806e-16 , 0.0329535 , -0.445888 , 5.34525e-17 , 2.56172e-16 , 6.45314e-14 , -3.6806e-13 , 32.9535 , -445.888 , 5.34525e-14 , 2.56172e-13 , 1.24407e-15 , -6.76379e-16 , 5.42968e-16 , -5.07769e-15 , 1.37173e-15 , -8.95315e-16 , 4.35426e-15 , -2.36733e-15 , 1.90039e-15 , -1.77719e-14 , 4.80104e-15 , -3.1336e-15
6.15918e-17 , -3.68278e-16 , 0.0254003 , -0.507753 , 5.6565e-17 , 2.74849e-16 , 6.15918e-14 , -3.68278e-13 , 25.4003 , -507.753 , 5.6565e-14 , 2.74849e-13 , 1.27666e-15 , -2.09786e-15 , 5.8124e-16 , -5.70113e-15 , 1.44175e-15 , -1.63673e-15 , 4.46832e-15 , -7.34251e-15 , 2.03434e-15 , -1.99539e-14 , 5.04612e-15 , -5.72855e-15
5.81906e-17 , -3.58823e-16 , 0.01698 , -0.55729 , 5.93935e-17 , 2.9048e-16 , 5.81906e-14 , -3.58823e-13 , 16.98 , -557.29 , 5.93935e-14 , 2.9048e-13 , 1.29686e-15 , -3.59666e-15 , 6.21105e-16 , -6.20734e-15 , 1.4985e-15 , -2.34457e-15 , 4.53901e-15 , -1.25883e-14 , 2.17387e-15 , -2.17257e-14 , 5.24474e-15 , -8.20599e-15
5.44231e-17 , -3.39012e-16 , 0.0078976 , -0.593203 , 6.18347e-17 , 3.03114e-16 , 5.44231e-14 , -3.39012e-13 , 7.8976 , -593.203 , 6.18347e-14 , 3.03114e-13 , 1.30352e-15 , -5.1589e-15 , 6.63231e-16 , -6.5713e-15 , 1.53779e-15 , -3.00699e-15 , 4.56232e-15 , -1.80562e-14 , 2.32131e-15 , -2.29996e-14 , 5.38228e-15 , -1.05245e-14
5.03491e-17 , -3.08996e-16 , -0.00162385 , -0.614506 , 6.38068e-17 , 3.12948e-16 , 5.03491e-14 , -3.08996e-13 , -1.62385 , -614.506 , 6.38068e-14 , 3.12948e-13 , 1.29563e-15 , -6.70529e-15 , 7.08013e-16 , -6.77194e-15 , 1.55634e-15 , -3.64147e-15 , 4.53472e-15 , -2.34685e-14 , 2.47804e-15 , -2.37018e-14 , 5.44719e-15 , -1.27452e-14
4.60311e-17 , -2.69387e-16 , -0.0113489 , -0.620555 , 6.52364e-17 , 3.19043e-16 , 4.60311e-14 , -2.69387e-13 , -11.3489 , -620.555 , 6.52364e-14 , 3.19043e-13 , 1.27345e-15 , -8.25167e-15 , 7.55534e-16 , -6.79288e-15 , 1.55337e-15 , -4.21503e-15 , 4.45709e-15 , -2.88808e-14 , 2.64437e-15 , -2.37751e-14 , 5.43678e-15 , -1.47526e-14
4.15226e-17 , -2.21466e-16 , -0.021035 , -0.611074 , 6.60574e-17 , 3.21251e-16 , 4.15226e-14 , -2.21466e-13 , -21.035 , -611.074 , 6.60574e-14 , 3.21251e-13 , 1.23634e-15 , -9.67513e-15 , 8.05566e-16 , -6.62355e-15 , 1.53004e-15 , -4.69975e-15 , 4.3272e-15 , -3.3863e-14 , 2.81948e-15 , -2.31824e-14 , 5.35515e-15 , -1.64491e-14
3.68747e-17 , -1.66409e-16 , -0.0304386 , -0.586173 , 6.62001e-17 , 3.19626e-16 , 3.68747e-14 , -1.66409e-13 , -30.4386 , -586.173 , 6.62001e-14 , 3.19626e-13 , 1.1843e-15 , -1.09796e-14 , 8.57586e-16 , -6.25941e-15 , 1.48522e-15 , -5.11986e-15 , 4.14506e-15 , -3.84288e-14 , 3.00155e-15 , -2.19079e-14 , 5.19828e-15 , -1.79195e-14
3.20679e-17 , -1.06048e-16 , -0.0393215 , -0.546354 , 6.56453e-17 , 3.14628e-16 , 3.20679e-14 , -1.06048e-13 , -39.3215 , -546.354 , 6.56453e-14 , 3.14628e-13 , 1.11975e-15 , -1.20978e-14 , 9.10801e-16 , -5.70329e-15 , 1.42545e-15 , -5.39226e-15 , 3.91911e-15 , -4.23423e-14 , 3.1878e-15 , -1.99615e-14 , 4.98909e-15 , -1.88729e-14
2.71174e-17 , -4.18522e-17 , -0.0474564 , -0.492506 , 6.4387e-17 , 3.06452e-16 , 2.71174e-14 , -4.18522e-14 , -47.4564 , -492.506 , 6.4387e-14 , 3.06452e-13 , 1.04416e-15 , -1.30653e-14 , 9.64218e-16 , -4.96576e-15 , 1.34905e-15 , -5.56251e-15 , 3.65457e-15 , -4.57285e-14 , 3.37476e-15 , -1.73802e-14 , 4.72167e-15 , -1.94688e-14
2.19734e-17 , 2.47784e-17 , -0.0546334 , -0.425896 , 6.24609e-17 , 2.94888e-16 , 2.19734e-14 , 2.47784e-14 , -54.6334 , -425.896 , 6.24609e-14 , 2.94888e-13 , 9.54204e-16 , -1.37869e-14 , 1.01674e-15 , -4.06494e-15 , 1.25276e-15 , -5.61222e-15 , 3.33971e-15 , -4.82542e-14 , 3.55859e-15 , -1.42273e-14 , 4.38467e-15 , -1.96428e-14
1.66411e-17 , 9.19779e-17 , -0.0606655 , -0.348134 , 5.99502e-17 , 2.79868e-16 , 1.66411e-14 , 9.19779e-14 , -60.6655 , -348.134 , 5.99502e-14 , 2.79868e-13 , 8.64246e-16 , -1.42905e-14 , 1.06718e-15 , -3.02589e-15 , 1.14467e-15 , -5.56193e-15 , 3.02486e-15 , -5.00167e-14 , 3.73514e-15 , -1.05906e-14 , 4.00634e-15 , -1.94667e-14
1.11689e-17 , 1.5793e-16 , -0.0653938 , -0.261145 , 5.68782e-17 , 2.61441e-16 , 1.11689e-14 , 1.5793e-13 , -65.3938 , -261.145 , 5.68782e-14 , 2.61441e-13 , 7.66606e-16 , -1.45284e-14 , 1.11433e-15 , -1.87996e-15 , 1.02058e-15 , -5.42088e-15 , 2.68312e-15 , -5.08494e-14 , 3.90014e-15 , -6.57985e-15 , 3.57203e-15 , -1.89731e-14
5.58602e-18 , 2.20737e-16 , -0.068692 , -0.167117 , 5.33086e-17 , 2.39818e-16 , 5.58602e-15 , 2.20737e-13 , -68.692 , -167.117 , 5.33086e-14 , 2.39818e-13 , 6.70948e-16 , -1.44808e-14 , 1.15705e-15 , -6.63617e-16 , 8.92038e-16 , -5.12741e-15 , 2.34832e-15 , -5.06828e-14 , 4.04969e-15 , -2.32266e-15 , 3.12213e-15 , -1.79459e-14
-1.04996e-19 , 2.78589e-16 , -0.0704698 , -0.0684489 , 4.92306e-17 , 2.15324e-16 , -1.04996e-16 , 2.78589e-13 , -70.4698 , -68.4489 , 4.92306e-14 , 2.15324e-13 , 5.75786e-16 , -1.41066e-14 , 1.19434e-15 , 5.82617e-16 , 7.61695e-16 , -4.67604e-15 , 2.01525e-15 , -4.93731e-14 , 4.18018e-15 , 2.03916e-15 , 2.66593e-15 , -1.63661e-14
-5.88838e-18 , 3.30181e-16 , -0.0706764 , 0.0323125 , 4.46853e-17 , 1.8806e-16 , -5.88838e-15 , 3.30181e-13 , -70.6764 , 32.3125 , 4.46853e-14 , 1.8806e-13 , 4.74181e-16 , -1.34287e-14 , 1.22528e-15 , 1.81578e-15 , 6.32701e-16 , -4.10163e-15 , 1.65963e-15 , -4.70006e-14 , 4.28848e-15 , 6.35523e-15 , 2.21445e-15 , -1.43557e-14
-1.18025e-17 , 3.74689e-16 , -0.0693014 , 0.132542 , 3.97674e-17 , 1.58163e-16 , -1.18025e-14 , 3.74689e-13 , -69.3014 , 132.542 , 3.97674e-14 , 1.58163e-13 , 3.79515e-16 , -1.24744e-14 , 1.24942e-15 , 2.9924e-15 , 5.11151e-16 , -3.41217e-15 , 1.3283e-15 , -4.36604e-14 , 4.37298e-15 , 1.04734e-14 , 1.78903e-15 , -1.19426e-14
-1.78454e-17 , 4.11537e-16 , -0.0663759 , 0.229607 , 3.45676e-17 , 1.2584e-16 , -1.78454e-14 , 4.11537e-13 , -66.3759 , 229.607 , 3.45676e-14 , 1.2584e-13 , 3.00213e-16 , -1.13077e-14 , 1.26663e-15 , 4.07028e-15 , 3.94035e-16 , -2.61908e-15 , 1.05075e-15 , -3.95768e-14 , 4.43321e-15 , 1.4246e-14 , 1.37912e-15 , -9.16679e-15
-2.40618e-17 , 4.40299e-16 , -0.0619719 , 0.320943 , 2.93247e-17 , 9.15176e-17 , -2.40618e-14 , 4.40299e-13 , -61.9719 , 320.943 , 2.93247e-14 , 9.15176e-14 , 2.3925e-16 , -9.97937e-15 , 1.27712e-15 , 5.01006e-15 , 2.91569e-16 , -1.75202e-15 , 8.37374e-16 , -3.49278e-14 , 4.46991e-15 , 1.75352e-14 , 1.02049e-15 , -6.13206e-15
-3.05489e-17 , 4.60601e-16 , -0.0562006 , 0.404124 , 2.41525e-17 , 5.61832e-17 , -3.05489e-14 , 4.60601e-13 , -56.2006 , 404.124 , 2.41525e-14 , 5.61832e-14 , 1.9613e-16 , -8.52418e-15 , 1.28149e-15 , 5.77703e-15 , 2.00387e-16 , -8.53966e-16 , 6.86454e-16 , -2.98346e-14 , 4.48523e-15 , 2.02196e-14 , 7.01354e-16 , -2.98888e-15
-3.72621e-17 , 4.72547e-16 , -0.0492094 , 0.476938 , 1.90426e-17 , 2.06968e-17 , -3.72621e-14 , 4.72547e-13 , -49.2094 , 476.938 , 1.90426e-14 , 2.06968e-14 , 1.77543e-16 , -6.96789e-15 , 1.28079e-15 , 6.34275e-15 , 1.105e-16 , 3.25929e-17 , 6.21401e-16 , -2.43876e-14 , 4.48277e-15 , 2.21996e-14 , 3.86749e-16 , 1.14075e-16
-4.41358e-17 , 4.76067e-16 , -0.0411784 , 0.537448 , 1.40417e-17 , -1.41534e-17 , -4.41358e-14 , 4.76067e-13 , -41.1784 , 537.448 , 1.40417e-14 , -1.41534e-14 , 1.84978e-16 , -5.36599e-15 , 1.27637e-15 , 6.68622e-15 , 2.57053e-17 , 9.55144e-16 , 6.47422e-16 , -1.8781e-14 , 4.46729e-15 , 2.34018e-14 , 8.99684e-17 , 3.343e-15
-5.10577e-17 , 4.7145e-16 , -0.0323151 , 0.584053 , 9.23051e-18 , -4.80362e-17 , -5.10577e-14 , 4.7145e-13 , -32.3151 , 584.053 , 9.23051e-15 , -4.80362e-14 , 2.00342e-16 , -3.70859e-15 , 1.26983e-15 , 6.79472e-15 , -5.30049e-17 , 1.88967e-15 , 7.01199e-16 , -1.29801e-14 , 4.44442e-15 , 2.37815e-14 , -1.85517e-16 , 6.61383e-15
-5.79208e-17 , 4.59792e-16 , -0.0228489 , 0.615539 , 4.65211e-18 , -7.97217e-17 , -5.79208e-14 , 4.59792e-13 , -22.8489 , 615.539 , 4.65211e-15 , -7.97217e-14 , 2.34046e-16 , -2.04326e-15 , 1.26297e-15 , 6.66515e-15 , -1.2769e-16 , 2.8014e-15 , 8.1916e-16 , -7.1514e-15 , 4.4204e-15 , 2.3328e-14 , -4.46914e-16 , 9.8049e-15
-6.45961e-17 , 4.4113e-16 , -0.0130248 , 0.631116 , 3.61777e-19 , -1.07593e-16 , -6.45961e-14 , 4.4113e-13 , -13.0248 , 631.116 , 3.61777e-16 , -1.07593e-13 , 2.92407e-16 , -4.29467e-16 , 1.25768e-15 , 6.30314e-15 , -1.98348e-16 , 3.71399e-15 , 1.02342e-15 , -1.50314e-15 , 4.40186e-15 , 2.2061e-14 , -6.94219e-16 , 1.2999e-14
-7.09549e-17 , 4.15226e-16 , -0.00309604 , 0.630444 , -3.60236e-18 , -1.29995e-16 , -7.09549e-14 , 4.15226e-13 , -3.09604 , 630.444 , -3.60236e-15 , -1.29995e-13 , 3.67248e-16 , 1.10105e-15 , 1.25584e-15 , 5.72221e-15 , -2.67004e-16 , 4.61732e-15 , 1.28537e-15 , 3.85369e-15 , 4.39544e-15 , 2.00277e-14 , -9.34514e-16 , 1.61606e-14
-7.68567e-17 , 3.82469e-16 , 0.00668248 , 0.613647 , -7.22724e-18 , -1.45641e-16 , -7.68567e-14 , 3.82469e-13 , 6.68248 , 613.647 , -7.22724e-15 , -1.45641e-13 , 4.57389e-16 , 2.48883e-15 , 1.25924e-15 , 4.94421e-15 , -3.37435e-16 , 5.47949e-15 , 1.60086e-15 , 8.71092e-15 , 4.40736e-15 , 1.73047e-14 , -1.18102e-15 , 1.91782e-14
-8.21494e-17 , 3.43571e-16 , 0.016062 , 0.581315 , -1.05119e-17 , -1.53581e-16 , -8.21494e-14 , 3.43571e-13 , 16.062 , 581.315 , -1.05119e-14 , -1.53581e-13 , 5.62402e-16 , 3.74576e-15 , 1.26947e-15 , 3.99835e-15 , -4.1219e-16 , 6.31385e-15 , 1.96841e-15 , 1.31102e-14 , 4.44313e-15 , 1.39942e-14 , -1.44267e-15 , 2.20985e-14
-8.66864e-17 , 2.98819e-16 , 0.0248069 , 0.534484 , -1.34766e-17 , -1.53501e-16 , -8.66864e-14 , 2.98819e-13 , 24.8069 , 534.484 , -1.34766e-14 , -1.53501e-13 , 6.78381e-16 , 4.76479e-15 , 1.28777e-15 , 2.91978e-15 , -4.91925e-16 , 7.00471e-15 , 2.37433e-15 , 1.66768e-14 , 4.50719e-15 , 1.02192e-14 , -1.72174e-15 , 2.45165e-14
-9.03246e-17 , 2.47997e-16 , 0.0327014 , 0.474613 , -1.61551e-17 , -1.4458e-16 , -9.03246e-14 , 2.47997e-13 , 32.7014 , 474.613 , -1.61551e-14 , -1.4458e-13 , 8.04272e-16 , 5.60935e-15 , 1.31502e-15 , 1.74883e-15 , -5.71987e-16 , 7.6029e-15 , 2.81495e-15 , 1.96327e-14 , 4.60258e-15 , 6.12091e-15 , -2.00196e-15 , 2.66102e-14
-9.29178e-17 , 1.91361e-16 , 0.0395562 , 0.403537 , -1.85941e-17 , -1.27059e-16 , -9.29178e-14 , 1.91361e-13 , 39.5562 , 403.537 , -1.85941e-14 , -1.27059e-13 , 9.37102e-16 , 6.17834e-15 , 1.35169e-15 , 5.28699e-16 , -6.49229e-16 , 8.0264e-15 , 3.27986e-15 , 2.16242e-14 , 4.73092e-15 , 1.85045e-15 , -2.2723e-15 , 2.80924e-14
-9.43767e-17 , 1.2925e-16 , 0.0452135 , 0.323414 , -2.08568e-17 , -1.01595e-16 , -9.43767e-14 , 1.2925e-13 , 45.2135 , 323.414 , -2.08568e-14 , -1.01595e-13 , 1.06473e-15 , 6.39444e-15 , 1.39779e-15 , -6.96319e-16 , -7.3141e-16 , 8.21358e-15 , 3.72655e-15 , 2.23805e-14 , 4.89226e-15 , -2.43712e-15 , -2.55993e-15 , 2.87475e-14
-9.45972e-17 , 6.20949e-17 , 0.0495517 , 0.236664 , -2.29663e-17 , -6.88678e-17 , -9.45972e-14 , 6.20949e-14 , 49.5517 , 236.664 , -2.29663e-14 , -6.88678e-14 , 1.18021e-15 , 6.26954e-15 , 1.45284e-15 , -1.88276e-15 , -8.15506e-16 , 8.09951e-15 , 4.13074e-15 , 2.19434e-14 , 5.08493e-15 , -6.58966e-15 , -2.85427e-15 , 2.83483e-14
-9.35396e-17 , -9.37524e-18 , 0.0524891 , 0.145891 , -2.49026e-17 , -3.03627e-17 , -9.35396e-14 , -9.37524e-15 , 52.4891 , 145.891 , -2.49026e-14 , -3.03627e-14 , 1.29148e-15 , 5.81851e-15 , 1.51588e-15 , -2.98968e-15 , -8.98043e-16 , 7.72491e-15 , 4.52019e-15 , 2.03648e-14 , 5.30558e-15 , -1.04639e-14 , -3.14315e-15 , 2.70372e-14
-9.12553e-17 , -8.40512e-17 , 0.0539858 , 0.0538076 , -2.66646e-17 , 1.18003e-17 , -9.12553e-14 , -8.40512e-14 , 53.9858 , 53.8076 , -2.66646e-14 , 1.18003e-14 , 1.40027e-15 , 5.09166e-15 , 1.58556e-15 , -3.97996e-15 , -9.78089e-16 , 7.1038e-15 , 4.90096e-15 , 1.78208e-14 , 5.54945e-15 , -1.39299e-14 , -3.42331e-15 , 2.48633e-14
-8.78689e-17 , -1.61057e-16 , 0.0540448 , -0.0368522 , -2.83214e-17 , 5.55196e-17 , -8.78689e-14 , -1.61057e-13 , 54.0448 , -36.8522 , -2.83214e-14 , 5.55196e-14 , 1.49866e-15 , 4.14994e-15 , 1.66011e-15 , -4.82158e-15 , -1.04967e-15 , 6.27809e-15 , 5.2453e-15 , 1.45248e-14 , 5.81038e-15 , -1.68755e-14 , -3.67385e-15 , 2.19733e-14
-8.35753e-17 , -2.39449e-16 , 0.0527118 , -0.123415 , -2.99768e-17 , 9.8437e-17 , -8.35753e-14 , -2.39449e-13 , 52.7118 , -123.415 , -2.99768e-14 , 9.8437e-14 , 1.58812e-15 , 3.03451e-15 , 1.73744e-15 , -5.48854e-15 , -1.10852e-15 , 5.26811e-15 , 5.55842e-15 , 1.06208e-14 , 6.08103e-15 , -1.92099e-14 , -3.87981e-15 , 1.84384e-14
-7.85608e-17 , -3.1791e-16 , 0.0500731 , -0.203351 , -3.17035e-17 , 1.38096e-16 , -7.85608e-14 , -3.1791e-13 , 50.0731 , -203.351 , -3.17035e-14 , 1.38096e-13 , 1.6642e-15 , 1.77064e-15 , 1.8152e-15 , -5.96173e-15 , -1.14709e-15 , 4.08704e-15 , 5.8247e-15 , 6.19725e-15 , 6.35321e-15 , -2.08661e-14 , -4.0148e-15 , 1.43046e-14
-7.30335e-17 , -3.94898e-16 , 0.0462531 , -0.274354 , -3.35739e-17 , 1.71952e-16 , -7.30335e-14 , -3.94898e-13 , 46.2531 , -274.354 , -3.35739e-14 , 1.71952e-13 , 1.73359e-15 , 3.9575e-16 , 1.89091e-15 , -6.22944e-15 , -1.17198e-15 , 2.75308e-15 , 6.06756e-15 , 1.38512e-15 , 6.6182e-15 , -2.1803e-14 , -4.10194e-15 , 9.63577e-15
-6.72298e-17 , -4.68649e-16 , 0.0414098 , -0.334413 , -3.56149e-17 , 1.97569e-16 , -6.72298e-14 , -4.68649e-13 , 41.4098 , -334.413 , -3.56149e-14 , 1.97569e-13 , 1.78067e-15 , -1.01384e-15 , 1.96204e-15 , -6.28754e-15 , -1.17695e-15 , 1.31652e-15 , 6.23236e-15 , -3.54843e-15 , 6.86715e-15 , -2.20064e-14 , -4.11934e-15 , 4.6078e-15
-6.13696e-17 , -5.37498e-16 , 0.0357301 , -0.381875 , -3.76856e-17 , 2.13131e-16 , -6.13696e-14 , -5.37498e-13 , 35.7301 , -381.875 , -3.76856e-14 , 2.13131e-13 , 1.80372e-15 , -2.42541e-15 , 2.02614e-15 , -6.1395e-15 , -1.15306e-15 , -2.25057e-16 , 6.31302e-15 , -8.48892e-15 , 7.09148e-15 , -2.14882e-14 , -4.03571e-15 , -7.877e-16
-5.56438e-17 , -5.99522e-16 , 0.029423 , -0.415495 , -3.97351e-17 , 2.16936e-16 , -5.56438e-14 , -5.99522e-13 , 29.423 , -415.495 , -3.97351e-14 , 2.16936e-13 , 1.80484e-15 , -3.80922e-15 , 2.08088e-15 , -5.79639e-15 , -1.0948e-15 , -1.8005e-15 , 6.31693e-15 , -1.33323e-14 , 7.28309e-15 , -2.02874e-14 , -3.83179e-15 , -6.30177e-15
-5.02394e-17 , -6.52539e-16 , 0.0227135 , -0.434476 , -4.17663e-17 , 2.07928e-16 , -5.02394e-14 , -6.52539e-13 , 22.7135 , -434.476 , -4.17663e-14 , 2.07928e-13 , 1.78179e-15 , -5.09391e-15 , 2.12423e-15 , -5.27712e-15 , -1.00825e-15 , -3.34057e-15 , 6.23626e-15 , -1.78287e-14 , 7.43481e-15 , -1.84699e-14 , -3.52887e-15 , -1.1692e-14
-4.53164e-17 , -6.9486e-16 , 0.0158349 , -0.438492 , -4.37578e-17 , 1.86005e-16 , -4.53164e-14 , -6.9486e-13 , 15.8349 , -438.492 , -4.37578e-14 , 1.86005e-13 , 1.73625e-15 , -6.20809e-15 , 2.15444e-15 , -4.60704e-15 , -8.92356e-16 , -4.81563e-15 , 6.07688e-15 , -2.17283e-14 , 7.54053e-15 , -1.61246e-14 , -3.12325e-15 , -1.68547e-14
-4.0978e-17 , -7.25146e-16 , 0.00902156 , -0.427699 , -4.56697e-17 , 1.51715e-16 , -4.0978e-14 , -7.25146e-13 , 9.02156 , -427.699 , -4.56697e-14 , 1.51715e-13 , 1.67213e-15 , -7.09627e-15 , 2.17009e-15 , -3.81685e-15 , -7.45864e-16 , -6.17278e-15 , 5.85245e-15 , -2.4837e-14 , 7.59531e-15 , -1.3359e-14 , -2.61053e-15 , -2.16047e-14
-3.72871e-17 , -7.42198e-16 , 0.00250133 , -0.402725 , -4.74836e-17 , 1.06334e-16 , -3.72871e-14 , -7.42198e-13 , 2.50133 , -402.725 , -4.74836e-14 , 1.06334e-13 , 1.59041e-15 , -7.76637e-15 , 2.17013e-15 , -2.94124e-15 , -5.7234e-16 , -7.39561e-15 , 5.56644e-15 , -2.71823e-14 , 7.59544e-15 , -1.02943e-14 , -2.00319e-15 , -2.58846e-14
-3.42631e-17 , -7.44267e-16 , -0.0035118 , -0.364647 , -4.91981e-17 , 5.09392e-17 , -3.42631e-14 , -7.44267e-13 , -3.5118 , -364.647 , -4.91981e-14 , 5.09392e-14 , 1.49364e-15 , -8.11728e-15 , 2.15385e-15 , -2.01753e-15 , -3.73718e-16 , -8.41732e-15 , 5.22774e-15 , -2.84105e-14 , 7.53846e-15 , -7.06135e-15 , -1.30801e-15 , -2.94606e-14
-3.18808e-17 , -7.30272e-16 , -0.00882441 , -0.31496 , -5.08118e-17 , -1.25487e-17 , -3.18808e-14 , -7.30272e-13 , -8.82441 , -314.96 , -5.08118e-14 , -1.25487e-14 , 1.38381e-15 , -8.19262e-15 , 2.12088e-15 , -1.0843e-15 , -1.54497e-16 , -9.242e-15 , 4.84333e-15 , -2.86742e-14 , 7.42308e-15 , -3.79505e-15 , -5.4074e-16 , -3.2347e-14
-3.00842e-17 , -6.99729e-16 , -0.0132697 , -0.255522 , -5.23365e-17 , -8.1685e-17 , -3.00842e-14 , -6.99729e-13 , -13.2697 , -255.522 , -5.23365e-14 , -8.1685e-14 , 1.26343e-15 , -8.07466e-15 , 2.07116e-15 , -1.80176e-16 , 8.15216e-17 , -9.86142e-15 , 4.42201e-15 , -2.82613e-14 , 7.24904e-15 , -6.30617e-16 , 2.85326e-16 , -3.4515e-14
-2.87926e-17 , -6.52821e-16 , -0.0167129 , -0.188492 , -5.37815e-17 , -1.53658e-16 , -2.87926e-14 , -6.52821e-13 , -16.7129 , -188.492 , -5.37815e-14 , -1.53658e-13 , 1.13835e-15 , -7.72176e-15 , 2.00485e-15 , 6.5793e-16 , 3.29227e-16 , -1.02465e-14 , 3.98421e-15 , -2.70262e-14 , 7.01697e-15 , 2.30275e-15 , 1.15229e-15 , -3.58629e-14
-2.78828e-17 , -5.90904e-16 , -0.019055 , -0.116259 , -5.51687e-17 , -2.24994e-16 , -2.78828e-14 , -5.90904e-13 , -19.055 , -116.259 , -5.51687e-14 , -2.24994e-13 , 1.00824e-15 , -7.15178e-15 , 1.92234e-15 , 1.39627e-15 , 5.84576e-16 , -1.03954e-14 , 3.52885e-15 , -2.50312e-14 , 6.72818e-15 , 4.88695e-15 , 2.04602e-15 , -3.63839e-14
-2.72033e-17 , -5.15994e-16 , -0.0202362 , -0.041366 , -5.65324e-17 , -2.92221e-16 , -2.72033e-14 , -5.15994e-13 , -20.2362 , -41.366 , -5.65324e-14 , -2.92221e-13 , 8.79253e-16 , -6.39842e-15 , 1.82412e-15 , 2.00577e-15 , 8.39647e-16 , -1.03203e-14 , 3.07739e-15 , -2.23945e-14 , 6.38441e-15 , 7.0202e-15 , 2.93877e-15 , -3.61212e-14
