0.355339 , 0.0176305 , 7.63115e-20 , -6.36606e-20 , 4.53705e-17 , -1.95046e-17 , 4.29965e-20 , -5.01687e-20
1.75783 , 0.224365 , -2.53345e-22 , 3.43192e-22 , 4.64295e-17 , 2.07443e-17 , 1.41099e-20 , 1.30077e-21
0.780634 , -0.432747 , -1.19649e-22 , 6.45524e-24 , 8.3653e-18 , -4.90593e-17 , -7.50227e-21 , -4.89514e-21
-1.29995 , -0.351599 , -3.58243e-22 , 1.53055e-22 , -1.05061e-16 , -1.30585e-17 , 1.4846e-20 , -7.31626e-21
-1.44044 , 0.196914 , -6.63345e-22 , -2.99216e-22 , -4.5096e-18 , 7.79491e-17 , -2.27048e-21 , 4.37829e-21
-0.469447 , -0.0348533 , -7.43364e-22 , -3.75246e-22 , 4.98123e-17 , 1.3339e-16 , 6.20052e-22 , 1.37612e-20
0.891901 , -0.330556 , -7.7271e-22 , -3.53789e-23 , -2.18839e-17 , -2.26675e-16 , -9.51635e-21 , 2.11581e-20
0.133592 , -0.0126552 , -3.26508e-22 , -4.44362e-23 , -2.0187e-16 , -1.21781e-16 , 2.91367e-20 , 8.94921e-21
1.12433 , 0.773562 , -1.02574e-22 , 3.952e-22 , -7.27279e-17 , 3.14381e-16 , 1.8661e-20 , 1.17206e-20
0.406823 , 0.563046 , -5.2144e-22 , 6.40733e-22 , 1.72332e-16 , 3.32031e-17 , 5.17608e-20 , -1.78242e-20
-0.188876 , -1.39234 , -5.18733e-22 , 1.03291e-21 , -1.986e-16 , -2.84535e-16 , 4.83473e-20 , -1.82121e-20
-1.97989 , -0.408394 , -7.45691e-22 , 4.76808e-22 , -1.66267e-16 , 2.94119e-17 , 6.0269e-20 , -6.11924e-20
-0.737777 , 1.09576 , -4.15265e-22 , 2.81733e-22 , -4.58245e-17 , 3.09925e-16 , 2.62888e-20 , -4.65285e-20
0.912012 , 1.16303 , 2.85956e-22 , 2.44192e-22 , 1.52147e-16 , 1.07383e-16 , 2.2936e-20 , -4.55677e-20
2.08441 , -1.95566 , 3.86534e-22 , -8.74391e-23 , 2.27532e-16 , -2.78593e-16 , -8.6911e-21 , -1.74886e-20
-0.0348985 , -0.537922 , 3.57757e-22 , -2.34128e-22 , -1.5376e-16 , -6.39222e-17 , -4.47621e-20 , -1.65026e-20
-1.47096 , 0.763903 , 4.66581e-23 , 3.1604e-23 , -2.37808e-16 , 1.86678e-17 , -2.70662e-20 , 8.72693e-21
-0.139275 , 1.97437 , -5.03105e-23 , 6.76365e-22 , -2.43353e-17 , 1.02999e-17 , 3.56141e-20 , -1.77342e-20
-0.406936 , -1.37448 , -4.34016e-23 , 3.96386e-22 , 7.05917e-17 , 1.47503e-16 , -1.73874e-20 , -5.968e-21
0.315147 , -1.37712 , -5.67679e-23 , -8.82145e-22 , 5.80065e-17 , 2.56163e-16 , -1.13923e-20 , 1.33252e-20
0.176882 , 0.712336 , -1.18887e-21 , -1.70765e-22 , 1.39854e-16 , -8.00463e-17 , 1.25639e-20 , 1.52824e-20
2.007 , 1.50424 , -1.11361e-21 , 7.95932e-22 , 4.42964e-17 , 5.53638e-17 , 6.79936e-21 , -5.74027e-22
-0.850938 , -0.972539 , 1.25358e-22 , 2.0805e-22 , -1.3044e-16 , 3.35205e-17 , -1.74237e-20 , -1.04264e-20
-1.41514 , -1.73959 , 8.98533e-22 , 5.95319e-22 , -1.77162e-16 , 1.48824e-18 , -2.22314e-20 , 2.48367e-21
-1.51275 , 2.15413 , 4.69889e-22 , 4.50528e-23 , -8.84701e-17 , 2.47812e-17 , -3.44832e-21 , -1.99489e-20
1.62867 , 0.883456 , -5.20626e-22 , -9.95994e-22 , 9.80119e-17 , 4.60659e-17 , 1.47066e-20 , 1.38964e-20
1.4886 , -0.918533 , -1.14862e-22 , -6.68237e-22 , 1.82205e-16 , -4.47293e-17 , 2.63636e-20 , 1.395e-20
-0.874335 , -2.66864 , -2.40196e-22 , 7.06757e-23 , 4.66546e-18 , -5.58877e-17 , -1.14323e-20 , -9.74997e-21
-0.0065648 , 1.43708 , -1.10361e-21 , -6.8211e-23 , -1.98677e-16 , 8.0059e-17 , -2.33125e-20 , 7.88364e-21
0.232345 , 2.00073 , -1.27039e-21 , -8.60011e-22 , -1.69006e-16 , 5.51905e-17 , -2.52723e-20 , 1.60276e-20
-0.218802 , -0.450543 , -5.04979e-22 , -6.62998e-22 , 1.12122e-17 , 2.49926e-17 , -1.46207e-20 , 1.10378e-20
-2.16989 , -1.34881 , 4.26184e-22 , 3.81754e-23 , 1.0992e-16 , 1.01513e-17 , -3.85622e-21 , -3.46517e-21
0.91947 , 0.202846 , -2.16827e-23 , 4.78007e-22 , 1.28105e-16 , -1.82605e-17 , 1.09109e-20 , -3.07626e-20
2.86566 , 0.919271 , -1.81398e-22 , 1.85783e-22 , 4.50401e-17 , 3.32634e-17 , 2.15921e-20 , -2.92867e-21
0.345234 , -1.58809 , 3.77971e-22 , -4.93167e-22 , -1.29962e-16 , 4.93721e-17 , 5.643e-20 , -1.29217e-22
-2.65521 , 0.0182917 , -5.4596e-22 , -1.47436e-22 , -1.62051e-16 , -9.98991e-18 , 6.06884e-20 , -3.21141e-20
-2.09283 , 1.97528 , -3.51516e-22 , 2.42417e-22 , -3.79251e-17 , -7.18055e-17 , -7.59945e-21 , 1.46681e-21
2.80677 , 0.293869 , 9.35046e-22 , -1.54659e-22 , 5.25228e-17 , -1.20463e-16 , -3.06959e-20 , 4.24131e-20
1.21065 , -0.806148 , 7.75283e-22 , -5.21784e-22 , 1.14647e-16 , 2.58226e-17 , -1.89907e-20 , 9.08927e-21
-2.19959 , -1.80977 , 8.48861e-22 , -4.72381e-22 , 7.3342e-17 , 8.83625e-18 , -8.5215e-21 , -7.75876e-21
0.0281471 , 1.17986 , 1.71752e-21 , 1.46605e-23 , -3.76421e-17 , 1.09909e-16 , 3.19802e-20 , -1.89748e-20
1.41308 , -0.190383 , 3.55394e-22 , -5.63939e-22 , -1.00425e-16 , -2.54872e-17 , 3.03505e-20 , -1.10505e-20
1.25811 , -0.603376 , -7.81012e-22 , -1.51746e-21 , -5.97291e-17 , 1.93488e-17 , -2.28699e-20 , 4.58473e-20
-3.49701 , 1.78181 , 6.78039e-22 , -3.997e-22 , 6.06018e-17 , 8.54334e-17 , -3.57063e-20 , 3.56743e-20
0.0857701 , 0.95648 , 6.18072e-22 , 1.91213e-21 , 4.66139e-17 , -8.16754e-17 , -3.20746e-21 , -3.30047e-20
2.06385 , -0.750077 , -9.3474e-22 , 2.18182e-21 , 6.65768e-19 , -2.78911e-17 , 1.23913e-20 , -1.81763e-20
0.509578 , -4.63923 , -5.8303e-22 , 7.53494e-22 , -3.48537e-17 , 1.89752e-17 , 1.68132e-20 , -7.83792e-22
-1.15231 , 2.11917 , 3.7781e-22 , 4.27482e-22 , -6.89066e-17 , 1.23064e-16 , 9.80401e-21 , -8.40219e-21
-1.56246 , 3.17487 , -2.11466e-22 , 6.55406e-22 , -1.63638e-17 , 8.83218e-17 , 1.12056e-20 , 1.23163e-22
3.1111 , 0.122279 , -1.69054e-22 , -7.99684e-24 , 3.08898e-17 , 8.54995e-18 , 1.33545e-20 , 1.44404e-20
-1.38833 , -1.99187 , 3.97176e-22 , -3.51704e-22 , 1.94291e-16 , 3.98614e-18 , -4.85872e-21 , 1.00315e-20
-0.767277 , -1.14518 , -1.92414e-22 , -3.22032e-22 , 7.935e-18 , 8.54021e-19 , -1.47392e-22 , -1.33365e-20
0.657626 , 2.84412 , -8.86152e-22 , -6.90755e-22 , 9.94755e-18 , -7.35834e-17 , 8.48023e-21 , -3.01473e-21
0.602554 , -2.25139 , -6.97011e-22 , -8.91234e-22 , -2.99545e-17 , -3.79526e-17 , -3.00564e-21 , 1.20737e-21
-0.875758 , -1.25005 , 1.96659e-22 , -3.69005e-22 , -3.91583e-17 , -2.31494e-18 , -2.13596e-21 , 4.63259e-21
-1.56433 , 1.68871 , 6.97851e-22 , 2.3312e-22 , -9.71344e-17 , -3.45632e-18 , 9.99007e-21 , 9.09007e-22
3.34594 , 2.89506 , 7.27147e-22 , 2.2185e-22 , -9.3526e-17 , 3.36272e-18 , 4.2257e-21 , -1.04903e-20
0.352918 , -1.33586 , 7.19763e-22 , 2.84906e-22 , -3.48893e-17 , 1.06624e-16 , 1.06845e-20 , -1.30895e-20
-2.199 , -3.36792 , 6.57683e-22 , 2.85774e-22 , 1.73472e-17 , 3.5943e-17 , 1.02282e-20 , 4.73107e-21
-2.23735 , 1.67635 , 3.4736e-22 , -1.81504e-22 , -7.14472e-18 , -2.83976e-17 , 7.44765e-21 , 1.72859e-21
2.47356 , 0.573342 , -3.99426e-22 , -2.05428e-22 , 2.98681e-17 , 4.61108e-17 , 4.75415e-21 , 1.20334e-20
2.5146 , -0.14623 , -6.8896e-22 , -1.03145e-22 , -9.92867e-17 , 4.43998e-17 , -1.52705e-21 , 7.2129e-21
-3.06037 , -0.756467 , -4.4065e-22 , -6.04297e-23 , -5.74573e-17 , 1.16527e-16 , 5.58864e-21 , 4.08919e-21
-0.525032 , 1.66738 , -2.05359e-22 , 1.12735e-22 , 2.15193e-17 , 1.32781e-17 , 8.5703e-21 , 6.39602e-21
1.60926 , 0.379036 , -2.59329e-22 , 5.15552e-23 , 2.61466e-17 , -5.84419e-17 , -2.99969e-21 , 1.09696e-20
1.02939 , -3.01751 , -4.72093e-22 , -2.10709e-22 , 3.07928e-17 , 2.16053e-17 , -1.64267e-20 , 4.13999e-21
-2.86217 , 1.01337 , -1.58421e-22 , -3.14364e-22 , 1.7775e-17 , -9.8759e-17 , -1.33876e-20 , -1.38338e-21
-0.526964 , 1.98778 , 3.15864e-22 , 7.15675e-23 , -1.69728e-17 , 4.17896e-17 , -1.98838e-20 , 3.21384e-21
3.74027 , -0.0363212 , 3.97618e-22 , 2.47333e-22 , -1.73667e-17 , 1.15671e-17 , -1.18049e-20 , 9.66789e-21
-0.566799 , -3.11297 , 3.78787e-22 , 2.63111e-22 , -6.21722e-18 , -7.5906e-17 , -1.18271e-20 , -3.99942e-21
-1.81951 , 0.393253 , 2.93935e-22 , 3.64951e-22 , -9.60324e-17 , 5.95015e-17 , -7.68819e-21 , -6.02975e-21
-0.644069 , 3.93261 , 3.31075e-22 , 9.10479e-23 , -1.61732e-17 , 1.23535e-16 , -9.59238e-21 , -3.15533e-21
1.53545 , -1.93732 , 4.17243e-22 , -2.47753e-22 , 8.18124e-17 , 5.91144e-17 , -6.45412e-21 , -4.335e-21
0.355905 , -1.95588 , 7.99572e-23 , -3.86523e-22 , 1.18164e-16 , 1.50442e-17 , 1.28667e-20 , 6.42068e-22
-2.15166 , 1.07207 , -1.04128e-22 , -3.53167e-22 , 1.42098e-16 , -5.30532e-17 , 6.69044e-21 , 2.52625e-21
2.50406 , 0.917742 , 1.24155e-22 , -2.01792e-22 , 1.25186e-16 , -1.13296e-16 , -9.69102e-21 , -6.7518e-21
1.14547 , -0.0190308 , 1.05712e-10 , -1.18935e-11 , -7.64024e-19 , 4.40677e-17 , -3.38731e-18 , 6.6424e-18
-3.83612 , -1.8514 , 2.07269e-10 , -2.0827e-11 , -1.92066e-16 , 5.7357e-17 , -7.60328e-18 , 1.2509e-17
-0.159909 , 1.2118 , 3.03894e-10 , -2.64982e-11 , -2.02712e-17 , 5.69647e-17 , -1.03824e-17 , 1.90266e-17
2.43421 , 2.20586 , 3.95007e-10 , -2.86877e-11 , 9.03183e-17 , 1.6712e-17 , -1.4689e-17 , 2.0199e-17
0.674624 , -2.96098 , 4.81001e-10 , -2.72693e-11 , 6.65183e-17 , 5.0595e-17 , -7.72017e-18 , 1.78943e-17
-0.892623 , -0.662123 , 5.62895e-10 , -2.26155e-11 , 5.37785e-17 , 5.93177e-18 , -7.75149e-18 , 1.70627e-17
-1.93178 , 2.68798 , 6.41903e-10 , -1.5944e-11 , 9.23224e-17 , -1.00622e-16 , -1.01317e-17 , 2.11885e-17
1.53245 , -1.21333 , 7.182e-10 , -8.75521e-12 , -8.2483e-17 , 1.20812e-17 , -1.43972e-17 , 2.19434e-17
1.35959 , -0.334843 , 7.8998e-10 , -1.38767e-12 , -3.99122e-17 , 1.10631e-17 , -1.65864e-17 , 2.67315e-17
-3.04927 , 0.706477 , 8.54513e-10 , 7.86215e-12 , -2.26708e-17 , 4.01242e-17 , -1.27057e-17 , 2.73668e-17
1.4125 , -0.511931 , 9.11198e-10 , 2.14509e-11 , -2.77689e-17 , 5.01765e-17 , -1.64534e-17 , 2.71742e-17
1.76085 , 0.774563 , 9.6329e-10 , 3.98696e-11 , -7.74044e-17 , 1.11189e-16 , -2.09007e-17 , 2.74514e-17
-2.25032 , -1.9043 , 1.01482e-09 , 6.08024e-11 , 1.56549e-17 , 1.03091e-16 , -2.1222e-17 , 2.64288e-17
1.27766 , 0.552052 , 1.06519e-09 , 8.1992e-11 , 2.31562e-17 , 3.02459e-17 , -1.46911e-17 , 2.43965e-17
-0.175242 , 3.18265 , 1.10906e-09 , 1.04442e-10 , 6.7085e-19 , -2.85226e-17 , -1.74427e-17 , 1.55329e-17
-0.963407 , -2.73849 , 1.14375e-09 , 1.31033e-10 , 1.96274e-17 , -8.23731e-17 , -1.5918e-17 , 1.2398e-17
1.27507 , -0.29164 , 1.17389e-09 , 1.62025e-10 , 1.81195e-17 , -5.74534e-17 , -1.37319e-17 , 1.06168e-17
-1.57439 , 1.34455 , 1.20486e-09 , 1.94406e-10 , 2.72236e-18 , -6.42422e-18 , -1.27713e-17 , 1.1275e-17
1.18378 , -2.14609 , 1.23467e-09 , 2.26217e-10 , -1.20942e-16 , 8.4179e-17 , -1.72715e-17 , 1.48036e-17
0.858741 , 1.49882 , 1.25854e-09 , 2.58322e-10 , -2.85196e-17 , 1.09662e-16 , -1.49106e-17 , 2.67325e-17
-2.83964 , 0.351743 , 1.27754e-09 , 2.9123e-10 , 7.26471e-17 , 2.54381e-17 , -1.72344e-17 , 3.66943e-17
1.98285 , -0.788093 , 1.29294e-09 , 3.2511e-10 , 9.57372e-17 , 8.38512e-17 , -2.46404e-17 , 4.2298e-17
0.607013 , 1.53113 , 1.29768e-09 , 3.63526e-10 , 5.10227e-17 , 9.31077e-17 , -3.04162e-17 , 4.62635e-17
-1.78778 , -2.16984 , 1.2889e-09 , 4.10543e-10 , 4.59075e-17 , 1.96546e-17 , -3.43873e-17 , 3.91687e-17
1.52397 , 0.415035 , 1.28173e-09 , 4.62171e-10 , 5.52397e-17 , -1.06938e-17 , -3.67372e-17 , 2.51007e-17
-1.01218 , 2.13221 , 1.28939e-09 , 5.09631e-10 , -5.36759e-18 , -1.0524e-17 , -3.78741e-17 , 2.09499e-17
0.0144526 , -2.89561 , 1.29914e-09 , 5.52098e-10 , -1.17638e-16 , -3.88987e-17 , -3.50863e-17 , 2.14182e-17
1.50003 , 0.827998 , 1.29202e-09 , 5.96205e-10 , -9.18976e-17 , 4.73611e-17 , -3.0702e-17 , 2.45694e-17
-2.01491 , 1.70711 , 1.27138e-09 , 6.44635e-10 , 4.25726e-17 , -5.93516e-18 , -3.20366e-17 , 2.49371e-17
1.31838 , -1.93852 , 1.24776e-09 , 6.96016e-10 , 1.09998e-16 , -7.8974e-17 , -3.38209e-17 , 2.41902e-17
0.851226 , 0.952128 , 1.22043e-09 , 7.50479e-10 , -4.38509e-18 , -6.18546e-17 , -3.59647e-17 , 2.27887e-17
-3.01583 , -0.0189931 , 1.19332e-09 , 8.06274e-10 , 2.76743e-17 , -6.18923e-17 , -3.77254e-17 , 3.11112e-17
1.58577 , -0.631479 , 1.17375e-09 , 8.60655e-10 , -1.28978e-17 , 2.65515e-17 , -3.93454e-17 , 3.61619e-17
1.30827 , 1.41028 , 1.14948e-09 , 9.16895e-10 , -7.67827e-17 , 5.27566e-17 , -3.47341e-17 , 3.76728e-17
-1.65931 , -1.74399 , 1.10912e-09 , 9.7792e-10 , -5.90619e-17 , 1.33209e-17 , -2.85676e-17 , 3.69538e-17
0.782681 , 0.00393331 , 1.06677e-09 , 1.04009e-09 , -2.63758e-17 , 2.66265e-17 , -2.56155e-17 , 3.17032e-17
-0.185253 , 2.16471 , 1.02797e-09 , 1.1025e-09 , 8.1403e-18 , 1.19838e-17 , -2.73827e-17 , 3.5236e-17
-0.416338 , -1.72065 , 9.82145e-10 , 1.16476e-09 , -5.58788e-18 , -2.53898e-17 , -2.8925e-17 , 4.1108e-17
0.760416 , -0.163248 , 9.43773e-10 , 1.22027e-09 , 1.85589e-17 , -3.8915e-17 , -2.28151e-17 , 4.49441e-17
-1.15775 , 1.1459 , 9.2042e-10 , 1.27459e-09 , 2.80859e-17 , -1.58632e-17 , -1.70511e-17 , 4.96969e-17
0.362321 , -1.11907 , 8.72564e-10 , 1.34331e-09 , 5.92851e-17 , -1.13737e-16 , -1.48853e-17 , 5.40969e-17
1.25318 , 0.49312 , 7.88746e-10 , 1.41924e-09 , -4.21767e-17 , -3.33443e-17 , -1.32643e-17 , 5.6196e-17
-0.80404 , 0.295846 , 7.12728e-10 , 1.48875e-09 , -1.153e-16 , -9.98294e-17 , -1.32686e-17 , 5.68975e-17
-0.0425456 , -0.911164 , 6.56753e-10 , 1.562e-09 , -1.11099e-16 , 5.0458e-18 , -2.10089e-17 , 5.59877e-17
-0.317385 , 0.635292 , 6.00957e-10 , 1.63944e-09 , 2.60463e-18 , 1.1922e-17 , -1.97024e-17 , 5.13292e-17
-0.346306 , 0.0698412 , 5.5102e-10 , 1.70476e-09 , -3.76506e-17 , 8.80196e-17 , -1.71421e-17 , 4.44821e-17
0.982249 , -0.539142 , 5.12793e-10 , 1.76523e-09 , 2.19201e-16 , 5.91541e-17 , -1.44822e-17 , 4.39535e-17
-0.458714 , 0.20921 , 4.69266e-10 , 1.83139e-09 , 1.49473e-16 , 3.85807e-17 , -1.1535e-17 , 4.6767e-17
0.0840478 , 0.394037 , 4.1505e-10 , 1.89434e-09 , -5.36875e-17 , 6.17631e-17 , -4.8528e-18 , 4.83256e-17
0.72078 , 0.48806 , 3.58926e-10 , 1.9574e-09 , -1.70796e-17 , -4.0176e-17 , -2.61894e-18 , 4.5312e-17
-1.12071 , -0.945506 , 2.94121e-10 , 2.02432e-09 , -1.41145e-16 , -2.75701e-17 , 1.56296e-18 , 3.69295e-17
0.351825 , -0.497407 , 2.20113e-10 , 2.08571e-09 , 2.60048e-17 , 3.96729e-17 , -5.48136e-18 , 2.90565e-17
0.384962 , 1.42573 , 1.47214e-10 , 2.14641e-09 , -3.84176e-17 , 4.92092e-17 , -8.75972e-18 , 1.92414e-17
-1.20489 , -0.780359 , 7.08606e-11 , 2.20787e-09 , -1.86042e-17 , -1.08683e-17 , -8.87154e-18 , 2.01605e-17
1.38519 , -0.446154 , -7.38143e-13 , 2.26675e-09 , 8.42585e-17 , -6.26262e-17 , -7.86686e-18 , 2.23207e-17
0.692175 , 1.78093 , -6.27143e-11 , 2.32954e-09 , 4.79463e-17 , -7.27917e-17 , -1.13218e-17 , 2.82119e-17
-1.75577 , -1.37132 , -1.17371e-10 , 2.39021e-09 , 1.09057e-16 , -4.21886e-17 , -1.79462e-17 , 3.391e-17
0.551668 , -0.820474 , -1.63924e-10 , 2.44995e-09 , 6.0789e-17 , 3.91329e-19 , -1.94889e-17 , 3.3751e-17
0.0314509 , 2.01812 , -2.17789e-10 , 2.51245e-09 , -6.52215e-17 , 1.26144e-16 , -1.90859e-17 , 2.95285e-17
-1.11093 , -1.69896 , -2.72013e-10 , 2.57293e-09 , -9.43544e-17 , 6.50538e-17 , -1.57243e-17 , 2.06336e-17
1.21606 , -0.75438 , -3.27671e-10 , 2.63383e-09 , -6.71828e-17 , 3.12184e-17 , -8.03574e-18 , 1.44741e-17
0.194246 , 3.32136 , -3.91762e-10 , 2.6916e-09 , -2.40642e-17 , -5.26177e-18 , -9.63754e-18 , 1.44126e-17
-0.67616 , -1.40033 , -4.59074e-10 , 2.74755e-09 , -7.04333e-17 , 1.52466e-18 , -1.76433e-17 , 2.25768e-17
1.01292 , -2.09393 , -5.33028e-10 , 2.80282e-09 , 7.86978e-17 , -4.87146e-17 , -1.38066e-17 , 3.29331e-17
-0.684243 , 2.33979 , -6.08341e-10 , 2.85764e-09 , 9.10624e-17 , -8.63306e-17 , -1.07428e-17 , 4.59204e-17
-1.00617 , -0.738294 , -6.80744e-10 , 2.9101e-09 , 1.08975e-17 , 9.76299e-17 , -8.5272e-18 , 5.66036e-17
1.73329 , -1.44141 , -7.42664e-10 , 2.9563e-09 , 7.94178e-18 , -2.10716e-17 , -1.04366e-17 , 5.76926e-17
-0.192159 , 2.5954 , -7.95037e-10 , 2.9971e-09 , 1.05744e-17 , -1.52102e-17 , -9.69486e-18 , 5.14284e-17
-1.19083 , -0.292546 , -8.39095e-10 , 3.03131e-09 , -6.07492e-17 , 2.3108e-16 , -1.31883e-17 , 5.2523e-17
1.06896 , -2.16223 , -8.75458e-10 , 3.06007e-09 , -1.93869e-17 , 1.64606e-16 , -1.92452e-17 , 5.07141e-17
-0.164162 , 1.82938 , -9.0495e-10 , 3.083e-09 , 5.55285e-17 , 4.95489e-17 , -1.97415e-17 , 5.05513e-17
-0.501475 , -0.0341658 , -9.26528e-10 , 3.1004e-09 , -3.21542e-17 , 4.96577e-17 , -2.79115e-17 , 5.79361e-17
0.981832 , -2.1975 , -9.71058e-10 , 3.2028e-09 , -1.48875e-17 , -1.10642e-16 , -2.8502e-17 , 6.66266e-17
-0.907753 , 2.22295 , 2.46451e-08 , -7.3362e-08 , 1.28876e-17 , -5.16008e-17 , -2.98317e-17 , 7.30843e-17
-0.00464306 , 0.0967716 , -2.19316e-05 , 6.12088e-05 , -1.05845e-17 , -4.65529e-18 , -3.23913e-17 , 8.10406e-17
