0 , 0 , 0 , 0 , 0 , 0 , 0 , 0
0 , 0 , 0 , 0 , 0 , 0 , 0 , 0
0 , 0 , 0 , 0 , 0 , 0 , 0 , 0
0 , 0 , 0 , 0 , 0 , 0 , 0 , 0
0 , 0 , 0 , 0 , 0 , 0 , 0 , 0
0 , 0 , 0 , 0 , 0 , 0 , 0 , 0
-1.46542e-29 , -3.82931e-29 , -1.46542e-29 , -3.82931e-29 , -1.46542e-29 , -3.82931e-29 , -1.46542e-29 , -3.82931e-29
-8.76582e-22 , -1.91933e-21 , -8.76582e-22 , -1.91933e-21 , -8.76582e-22 , -1.91933e-21 , -8.76582e-22 , -1.91933e-21
-4.29101e-16 , -7.58515e-16 , -4.29101e-16 , -7.58515e-16 , -4.29101e-16 , -7.58515e-16 , -4.29101e-16 , -7.58515e-16
-7.88893e-12 , -1.0473e-11 , -7.88893e-12 , -1.0473e-11 , -7.88893e-12 , -1.0473e-11 , -7.88893e-12 , -1.0473e-11
-1.03636e-08 , -8.68574e-09 , -1.03636e-08 , -8.68574e-09 , -1.03636e-08 , -8.68574e-09 , -1.03636e-08 , -8.68574e-09
-1.19128e-06 , -2.49734e-07 , -1.19128e-06 , -2.49734e-07 , -1.19128e-06 , -2.49734e-07 , -1.19128e-06 , -2.49734e-07
-4.61908e-06 , 1.00952e-05 , -4.61908e-06 , 1.00952e-05 , -4.61908e-06 , 1.00952e-05 , -4.61908e-06 , 1.00952e-05
1.73349e-05 , -5.18369e-05 , 1.73349e-05 , -5.18369e-05 , 1.73349e-05 , -5.18369e-05 , 1.73349e-05 , -5.18369e-05
-0.000233732 , 0.000330691 , -0.000233732 , 0.000330691 , -0.000233732 , 0.000330691 , -0.000233732 , 0.000330691
0.00143492 , -0.00129583 , 0.00143492 , -0.00129583 , 0.00143492 , -0.00129583 , 0.00143492 , -0.00129583
-0.0062758 , 0.00364215 , -0.0062758 , 0.00364215 , -0.0062758 , 0.00364215 , -0.0062758 , 0.00364215
0.0192875 , -0.00670696 , 0.0192875 , -0.00670696 , 0.0192875 , -0.00670696 , 0.0192875 , -0.00670696
-0.0411372 , 0.00729553 , -0.0411372 , 0.00729553 , -0.0411372 , 0.00729553 , -0.0411372 , 0.00729553
0.0589378 , -0.00537254 , 0.0589378 , -0.00537254 , 0.0589378 , -0.00537254 , 0.0589378 , -0.00537254
-0.051012 , 0.0123752 , -0.051012 , 0.0123752 , -0.051012 , 0.0123752 , -0.051012 , 0.0123752
0.0155936 , -0.0390367 , 0.0155936 , -0.0390367 , 0.0155936 , -0.0390367 , 0.0155936 , -0.0390367
0.0201542 , 0.0659947 , 0.0201542 , 0.0659947 , 0.0201542 , 0.0659947 , 0.0201542 , 0.0659947
-0.034034 , -0.0577214 , -0.034034 , -0.0577214 , -0.034034 , -0.0577214 , -0.034034 , -0.0577214
0.0296385 , 0.014108 , 0.0296385 , 0.014108 , 0.0296385 , 0.014108 , 0.0296385 , 0.014108
-0.0208068 , 0.0275971 , -0.0208068 , 0.0275971 , -0.0208068 , 0.0275971 , -0.0208068 , 0.0275971
0.0133404 , -0.0383735 , 0.0133404 , -0.0383735 , 0.0133404 , -0.0383735 , 0.0133404 , -0.0383735
-0.00414132 , 0.0269198 , -0.00414132 , 0.0269198 , -0.00414132 , 0.0269198 , -0.00414132 , 0.0269198
0.000164558 , -0.0169291 , 0.000164558 , -0.0169291 , 0.000164558 , -0.0169291 , 0.000164558 , -0.0169291
-0.00430243 , 0.00628949 , -0.00430243 , 0.00628949 , -0.00430243 , 0.00628949 , -0.00430243 , 0.00628949
-0.000501713 , 0.00234322 , -0.000501713 , 0.00234322 , -0.000501713 , 0.00234322 , -0.000501713 , 0.00234322
0.00224399 , 0.00382417 , 0.00224399 , 0.00382417 , 0.00224399 , 0.00382417 , 0.00224399 , 0.00382417
0.00646146 , 0.000691969 , 0.00646146 , 0.000691969 , 0.00646146 , 0.000691969 , 0.00646146 , 0.000691969
0.00559863 , -0.00782018 , 0.00559863 , -0.00782018 , 0.00559863 , -0.00782018 , 0.00559863 , -0.00782018
-0.00715762 , -0.01164 , -0.00715762 , -0.01164 , -0.00715762 , -0.01164 , -0.00715762 , -0.01164
-0.0168824 , 0.00362833 , -0.0168824 , 0.00362833 , -0.0168824 , 0.00362833 , -0.0168824 , 0.00362833
-0.00329007 , 0.0195369 , -0.00329007 , 0.0195369 , -0.00329007 , 0.0195369 , -0.00329007 , 0.0195369
0.0185431 , 0.0131786 , 0.0185431 , 0.0131786 , 0.0185431 , 0.0131786 , 0.0185431 , 0.0131786
0.024311 , -0.0133385 , 0.024311 , -0.0133385 , 0.024311 , -0.0133385 , 0.024311 , -0.0133385
-0.00393143 , -0.0343875 , -0.00393143 , -0.0343875 , -0.00393143 , -0.0343875 , -0.00393143 , -0.0343875
-0.0409636 , -0.00946251 , -0.0409636 , -0.00946251 , -0.0409636 , -0.00946251 , -0.0409636 , -0.00946251
-0.0257318 , 0.0423336 , -0.0257318 , 0.0423336 , -0.0257318 , 0.0423336 , -0.0257318 , 0.0423336
0.0376091 , 0.0435136 , 0.0376091 , 0.0435136 , 0.0376091 , 0.0435136 , 0.0376091 , 0.0435136
0.0608405 , -0.0264334 , 0.0608405 , -0.0264334 , 0.0608405 , -0.0264334 , 0.0608405 , -0.0264334
-0.0094685 , -0.0759735 , -0.0094685 , -0.0759735 , -0.0094685 , -0.0759735 , -0.0094685 , -0.0759735
-0.0874735 , -0.0122589 , -0.0874735 , -0.0122589 , -0.0874735 , -0.0122589 , -0.0874735 , -0.0122589
-0.0369823 , 0.0941396 , -0.0369823 , 0.0941396 , -0.0369823 , 0.0941396 , -0.0369823 , 0.0941396
0.095481 , 0.0628665 , 0.095481 , 0.0628665 , 0.095481 , 0.0628665 , 0.095481 , 0.0628665
0.0881923 , -0.0914849 , 0.0881923 , -0.0914849 , 0.0881923 , -0.0914849 , 0.0881923 , -0.0914849
-0.0831973 , -0.111312 , -0.0831973 , -0.111312 , -0.0831973 , -0.111312 , -0.0831973 , -0.111312
-0.130974 , 0.0723911 , -0.130974 , 0.0723911 , -0.130974 , 0.0723911 , -0.130974 , 0.0723911
0.0613042 , 0.145917 , 0.0613042 , 0.145917 , 0.0613042 , 0.145917 , 0.0613042 , 0.145917
0.155477 , -0.052308 , 0.155477 , -0.052308 , 0.155477 , -0.052308 , 0.155477 , -0.052308
-0.047239 , -0.159458 , -0.047239 , -0.159458 , -0.047239 , -0.159458 , -0.047239 , -0.159458
-0.158543 , 0.0476573 , -0.158543 , 0.0476573 , -0.158543 , 0.0476573 , -0.158543 , 0.0476573
0.0544234 , 0.153954 , 0.0544234 , 0.153954 , 0.0544234 , 0.153954 , 0.0544234 , 0.153954
0.147048 , -0.0680915 , 0.147048 , -0.0680915 , 0.147048 , -0.0680915 , 0.147048 , -0.0680915
-0.0885124 , -0.138996 , -0.0885124 , -0.138996 , -0.0885124 , -0.138996 , -0.0885124 , -0.138996
-0.130195 , 0.115074 , -0.130195 , 0.115074 , -0.130195 , 0.115074 , -0.130195 , 0.115074
0.146407 , 0.120354 , 0.146407 , 0.120354 , 0.146407 , 0.120354 , 0.146407 , 0.120354
0.108357 , -0.180565 , 0.108357 , -0.180565 , 0.108357 , -0.180565 , 0.108357 , -0.180565
-0.21498 , -0.0927567 , -0.21498 , -0.0927567 , -0.21498 , -0.0927567 , -0.21498 , -0.0927567
-0.0719635 , 0.246509 , -0.0719635 , 0.246509 , -0.0719635 , 0.246509 , -0.0719635 , 0.246509
0.27176 , 0.0449911 , 0.27176 , 0.0449911 , 0.27176 , 0.0449911 , 0.27176 , 0.0449911
0.0116945 , -0.28712 , 0.0116945 , -0.28712 , 0.0116945 , -0.28712 , 0.0116945 , -0.28712
-0.28933 , 0.0268476 , -0.28933 , 0.0268476 , -0.28933 , 0.0268476 , -0.28933 , 0.0268476
0.0682784 , 0.275629 , 0.0682784 , 0.275629 , 0.0682784 , 0.275629 , 0.0682784 , 0.275629
0.244143 , -0.109083 , 0.244143 , -0.109083 , 0.244143 , -0.109083 , 0.244143 , -0.109083
-0.144692 , -0.194228 , -0.144692 , -0.194228 , -0.144692 , -0.194228 , -0.144692 , -0.194228
-0.12677 , 0.169742 , -0.12677 , 0.169742 , -0.12677 , 0.169742 , -0.12677 , 0.169742
0.178468 , 0.0447558 , 0.178468 , 0.0447558 , 0.178468 , 0.0447558 , 0.178468 , 0.0447558
-0.0464849 , -0.165254 , -0.0464849 , -0.165254 , -0.0464849 , -0.165254 , -0.0464849 , -0.165254
-0.125573 , 0.138972 , -0.125573 , 0.138972 , -0.125573 , 0.138972 , -0.125573 , 0.138972
0.222386 , 0.0569753 , 0.222386 , 0.0569753 , 0.222386 , 0.0569753 , 0.222386 , 0.0569753
-0.0397226 , -0.284634 , -0.0397226 , -0.284634 , -0.0397226 , -0.284634 , -0.0397226 , -0.284634
-0.312996 , 0.159521 , -0.312996 , 0.159521 , -0.312996 , 0.159521 , -0.312996 , 0.159521
0.292573 , 0.29574 , 0.292573 , 0.29574 , 0.292573 , 0.29574 , 0.292573 , 0.29574
0.223956 , -0.424101 , 0.223956 , -0.424101 , 0.223956 , -0.424101 , 0.223956 , -0.424101
-0.53506 , -0.0938634 , -0.53506 , -0.0938634 , -0.53506 , -0.0938634 , -0.53506 , -0.0938634
0.0913332 , 0.603676 , 0.0913332 , 0.603676 , 0.0913332 , 0.603676 , 0.0913332 , 0.603676
0.607853 , -0.319599 , 0.607853 , -0.319599 , 0.607853 , -0.319599 , 0.607853 , -0.319599
-0.569728 , -0.528583 , -0.569728 , -0.528583 , -0.569728 , -0.528583 , -0.569728 , -0.528583
-0.353609 , 0.811575 , -0.353609 , 0.811575 , -0.353609 , 0.811575 , -0.353609 , 0.811575
1.0088 , 0.081401 , 1.0088 , 0.081401 , 1.0088 , 0.081401 , 1.0088 , 0.081401
-0.27585 , -1.12242 , -0.27585 , -1.12242 , -0.27585 , -1.12242 , -0.27585 , -1.12242
-1.11666 , 0.690423 , -1.11666 , 0.690423 , -1.11666 , 0.690423 , -1.11666 , 0.690423
1.11975 , 0.965072 , 1.11975 , 0.965072 , 1.11975 , 0.965072 , 1.11975 , 0.965072
0.657109 , -1.50945 , 0.657109 , -1.50945 , 0.657109 , -1.50945 , 0.657109 , -1.50945
-1.7995 , -0.203208 , -1.7995 , -0.203208 , -1.7995 , -0.203208 , -1.7995 , -0.203208
0.362362 , 1.93239 , 0.362362 , 1.93239 , 0.362362 , 1.93239 , 0.362362 , 1.93239
1.86312 , -0.982059 , 1.86312 , -0.982059 , 1.86312 , -0.982059 , 1.86312 , -0.982059
-1.57988 , -1.56879 , -1.57988 , -1.56879 , -1.57988 , -1.56879 , -1.57988 , -1.56879
-1.05676 , 2.07018 , -1.05676 , 2.07018 , -1.05676 , 2.07018 , -1.05676 , 2.07018
2.37014 , 0.368913 , 2.37014 , 0.368913 , 2.37014 , 0.368913 , 2.37014 , 0.368913
-0.419333 , -2.41401 , -0.419333 , -2.41401 , -0.419333 , -2.41401 , -0.419333 , -2.41401
-2.16714 , 1.20618 , -2.16714 , 1.20618 , -2.16714 , 1.20618 , -2.16714 , 1.20618
1.877 , 1.63671 , 1.877 , 1.63671 , 1.877 , 1.63671 , 1.877 , 1.63671
0.876701 , -2.3222 , 0.876701 , -2.3222 , 0.876701 , -2.3222 , 0.876701 , -2.3222
-2.4576 , 0.015143 , -2.4576 , 0.015143 , -2.4576 , 0.015143 , -2.4576 , 0.015143
0.90894 , 2.24273 , 0.90894 , 2.24273 , 0.90894 , 2.24273 , 0.90894 , 2.24273
1.69383 , -1.6626 , 1.69383 , -1.6626 , 1.69383 , -1.6626 , 1.69383 , -1.6626
-2.14654 , -0.887224 , -2.14654 , -0.887224 , -2.14654 , -0.887224 , -2.14654 , -0.887224
0.0485311 , 2.26978 , 0.0485311 , 2.26978 , 0.0485311 , 2.26978 , 0.0485311 , 2.26978
2.00119 , -0.952253 , 2.00119 , -0.952253 , 2.00119 , -0.952253 , 2.00119 , -0.952253
-1.65866 , -1.3815 , -1.65866 , -1.3815 , -1.65866 , -1.3815 , -1.65866 , -1.3815
-0.521597 , 2.03119 , -0.521597 , 2.03119 , -0.521597 , 2.03119 , -0.521597 , 2.03119
1.99228 , -0.414109 , 1.99228 , -0.414109 , 1.99228 , -0.414109 , 1.99228 , -0.414109
-1.23733 , -1.54451 , -1.23733 , -1.54451 , -1.23733 , -1.54451 , -1.23733 , -1.54451
-0.776329 , 1.77436 , -0.776329 , 1.77436 , -0.776329 , 1.77436 , -0.776329 , 1.77436
1.90462 , -0.150401 , 1.90462 , -0.150401 , 1.90462 , -0.150401 , 1.90462 , -0.150401
-1.03087 , -1.592 , -1.03087 , -1.592 , -1.03087 , -1.592 , -1.03087 , -1.592
-0.899081 , 1.6604 , -0.899081 , 1.6604 , -0.899081 , 1.6604 , -0.899081 , 1.6604
1.88198 , -0.0195715 , 1.88198 , -0.0195715 , 1.88198 , -0.0195715 , 1.88198 , -0.0195715
-0.946949 , -1.62682 , -0.946949 , -1.62682 , -0.946949 , -1.62682 , -0.946949 , -1.62682
-0.937807 , 1.65099 , -0.937807 , 1.65099 , -0.937807 , 1.65099 , -0.937807 , 1.65099
1.93959 , -0.0320893 , 1.93959 , -0.0320893 , 1.93959 , -0.0320893 , 1.93959 , -0.0320893
-1.04868 , -1.71182 , -1.04868 , -1.71182 , -1.04868 , -1.71182 , -1.04868 , -1.71182
-0.990045 , 1.84813 , -0.990045 , 1.84813 , -0.990045 , 1.84813 , -0.990045 , 1.84813
2.20113 , -0.074769 , 2.20113 , -0.074769 , 2.20113 , -0.074769 , 2.20113 , -0.074769
-1.23096 , -1.97385 , -1.23096 , -1.97385 , -1.23096 , -1.97385 , -1.23096 , -1.97385
-1.17054 , 2.18172 , -1.17054 , 2.18172 , -1.17054 , 2.18172 , -1.17054 , 2.18172
2.65745 , -0.0558181 , 2.65745 , -0.0558181 , 2.65745 , -0.0558181 , 2.65745 , -0.0558181
-1.4301 , -2.48774 , -1.4301 , -2.48774 , -1.4301 , -2.48774 , -1.4301 , -2.48774
-1.65312 , 2.61552 , -1.65312 , 2.61552 , -1.65312 , 2.61552 , -1.65312 , 2.61552
3.29523 , 0.302889 , 3.29523 , 0.302889 , 3.29523 , 0.302889 , 3.29523 , 0.302889
-1.2707 , -3.25501 , -1.2707 , -3.25501 , -1.2707 , -3.25501 , -1.2707 , -3.25501
-2.44587 , 2.69632 , -2.44587 , 2.69632 , -2.44587 , 2.69632 , -2.44587 , 2.69632
3.61356 , 1.00802 , 3.61356 , 1.00802 , 3.61356 , 1.00802 , 3.61356 , 1.00802
-0.752689 , -3.76587 , -0.752689 , -3.76587 , -0.752689 , -3.76587 , -0.752689 , -3.76587
-3.07216 , 2.43301 , -3.07216 , 2.43301 , -3.07216 , 2.43301 , -3.07216 , 2.43301
3.62984 , 1.65735 , 3.62984 , 1.65735 , 3.62984 , 1.65735 , 3.62984 , 1.65735
-0.170225 , -4.04294 , -0.170225 , -4.04294 , -0.170225 , -4.04294 , -0.170225 , -4.04294
-3.55517 , 1.98964 , -3.55517 , 1.98964 , -3.55517 , 1.98964 , -3.55517 , 1.98964
3.37127 , 2.26805 , 3.37127 , 2.26805 , 3.37127 , 2.26805 , 3.37127 , 2.26805
0.48101 , -3.9858 , 0.48101 , -3.9858 , 0.48101 , -3.9858 , 0.48101 , -3.9858
-3.68993 , 1.38192 , -3.68993 , 1.38192 , -3.68993 , 1.38192 , -3.68993 , 1.38192
2.87925 , 2.56452 , 2.87925 , 2.56452 , 2.87925 , 2.56452 , 2.87925 , 2.56452
0.893833 , -3.66512 , 0.893833 , -3.66512 , 0.893833 , -3.66512 , 0.893833 , -3.66512
-3.57662 , 0.908764 , -3.57662 , 0.908764 , -3.57662 , 0.908764 , -3.57662 , 0.908764
2.40932 , 2.67252 , 2.40932 , 2.67252 , 2.40932 , 2.67252 , 2.40932 , 2.67252
1.21165 , -3.26524 , 1.21165 , -3.26524 , 1.21165 , -3.26524 , 1.21165 , -3.26524
-3.31026 , 0.421258 , -3.31026 , 0.421258 , -3.31026 , 0.421258 , -3.31026 , 0.421258
1.82126 , 2.58911 , 1.82126 , 2.58911 , 1.82126 , 2.58911 , 1.82126 , 2.58911
1.33367 , -2.66947 , 1.33367 , -2.66947 , 1.33367 , -2.66947 , 1.33367 , -2.66947
-2.80992 , 0.10996 , -2.80992 , 0.10996 , -2.80992 , 0.10996 , -2.80992 , 0.10996
1.38059 , 2.27724 , 1.38059 , 2.27724 , 1.38059 , 2.27724 , 1.38059 , 2.27724
1.26964 , -2.19704 , 1.26964 , -2.19704 , 1.26964 , -2.19704 , 1.26964 , -2.19704
-2.42248 , -0.0800999 , -2.42248 , -0.0800999 , -2.42248 , -0.0800999 , -2.42248 , -0.0800999
0.991371 , 2.08202 , 0.991371 , 2.08202 , 0.991371 , 2.08202 , 0.991371 , 2.08202
1.33339 , -1.71616 , 1.33339 , -1.71616 , 1.33339 , -1.71616 , 1.33339 , -1.71616
-1.98427 , -0.40518 , -1.98427 , -0.40518 , -1.98427 , -0.40518 , -1.98427 , -0.40518
0.474252 , 1.81059 , 0.474252 , 1.81059 , 0.474252 , 1.81059 , 0.474252 , 1.81059
1.30449 , -1.13361 , 1.30449 , -1.13361 , 1.30449 , -1.13361 , 1.30449 , -1.13361
-1.48599 , -0.620082 , -1.48599 , -0.620082 , -1.48599 , -0.620082 , -1.48599 , -0.620082
0.0930116 , 1.52421 , 0.0930116 , 1.52421 , 0.0930116 , 1.52421 , 0.0930116 , 1.52421
1.29383 , -0.720371 , 1.29383 , -0.720371 , 1.29383 , -0.720371 , 1.29383 , -0.720371
-1.18939 , -0.861316 , -1.18939 , -0.861316 , -1.18939 , -0.861316 , -1.18939 , -0.861316
-0.292859 , 1.45661 , -0.292859 , 1.45661 , -0.292859 , 1.45661 , -0.292859 , 1.45661
1.49015 , -0.34773 , 1.49015 , -0.34773 , 1.49015 , -0.34773 , 1.49015 , -0.34773
-0.986232 , -1.26252 , -0.986232 , -1.26252 , -0.986232 , -1.26252 , -0.986232 , -1.26252
-0.761541 , 1.52337 , -0.761541 , 1.52337 , -0.761541 , 1.52337 , -0.761541 , 1.52337
1.83438 , 0.0170108 , 1.83438 , 0.0170108 , 1.83438 , 0.0170108 , 1.83438 , 0.0170108
-0.872375 , -1.7931 , -0.872375 , -1.7931 , -0.872375 , -1.7931 , -0.872375 , -1.7931
-1.31804 , 1.73051 , -1.31804 , 1.73051 , -1.31804 , 1.73051 , -1.31804 , 1.73051
2.32914 , 0.424635 , 2.32914 , 0.424635 , 2.32914 , 0.424635 , 2.32914 , 0.424635
-0.741276 , -2.4485 , -0.741276 , -2.4485 , -0.741276 , -2.4485 , -0.741276 , -2.4485
-1.95724 , 1.91135 , -1.95724 , 1.91135 , -1.95724 , 1.91135 , -1.95724 , 1.91135
2.75375 , 0.883127 , 2.75375 , 0.883127 , 2.75375 , 0.883127 , 2.75375 , 0.883127
-0.558842 , -2.97241 , -0.558842 , -2.97241 , -0.558842 , -2.97241 , -0.558842 , -2.97241
-2.41567 , 2.00146 , -2.41567 , 2.00146 , -2.41567 , 2.00146 , -2.41567 , 2.00146
3.02387 , 1.15339 , 3.02387 , 1.15339 , 3.02387 , 1.15339 , 3.02387 , 1.15339
-0.513386 , -3.28626 , -0.513386 , -3.28626 , -0.513386 , -3.28626 , -0.513386 , -3.28626
-2.65561 , 2.12481 , -2.65561 , 2.12481 , -2.65561 , 2.12481 , -2.65561 , 2.12481
3.20101 , 1.27327 , 3.20101 , 1.27327 , 3.20101 , 1.27327 , 3.20101 , 1.27327
-0.468386 , -3.40367 , -0.468386 , -3.40367 , -0.468386 , -3.40367 , -0.468386 , -3.40367
-2.66218 , 2.04177 , -2.66218 , 2.04177 , -2.66218 , 2.04177 , -2.66218 , 2.04177
2.95799 , 1.21386 , 2.95799 , 1.21386 , 2.95799 , 1.21386 , 2.95799 , 1.21386
-0.464644 , -2.93913 , -0.464644 , -2.93913 , -0.464644 , -2.93913 , -0.464644 , -2.93913
-2.02337 , 1.81697 , -2.02337 , 1.81697 , -2.02337 , 1.81697 , -2.02337 , 1.81697
2.40385 , 0.559438 , 2.40385 , 0.559438 , 2.40385 , 0.559438 , 2.40385 , 0.559438
-0.914844 , -2.06425 , -0.914844 , -2.06425 , -0.914844 , -2.06425 , -0.914844 , -2.06425
-0.977461 , 1.86873 , -0.977461 , 1.86873 , -0.977461 , 1.86873 , -0.977461 , 1.86873
1.97765 , -0.402548 , 1.97765 , -0.402548 , 1.97765 , -0.402548 , 1.97765 , -0.402548
-1.5196 , -1.24759 , -1.5196 , -1.24759 , -1.5196 , -1.24759 , -1.5196 , -1.24759
-0.0131371 , 1.93154 , -0.0131371 , 1.93154 , -0.0131371 , 1.93154 , -0.0131371 , 1.93154
1.48474 , -1.19392 , 1.48474 , -1.19392 , 1.48474 , -1.19392 , 1.48474 , -1.19392
-1.85738 , -0.37702 , -1.85738 , -0.37702 , -1.85738 , -0.37702 , -1.85738 , -0.37702
0.921133 , 1.68631 , 0.921133 , 1.68631 , 0.921133 , 1.68631 , 0.921133 , 1.68631
0.736897 , -1.85758 , 0.736897 , -1.85758 , 0.736897 , -1.85758 , 0.736897 , -1.85758
-2.02713 , 0.607304 , -2.02713 , 0.607304 , -2.02713 , 0.607304 , -2.02713 , 0.607304
1.79133 , 1.34311 , 1.79133 , 1.34311 , 1.79133 , 1.34311 , 1.79133 , 1.34311
0.0784224 , -2.32035 , 0.0784224 , -2.32035 , 0.0784224 , -2.32035 , 0.0784224 , -2.32035
-1.97039 , 1.2448 , -1.97039 , 1.2448 , -1.97039 , 1.2448 , -1.97039 , 1.2448
2.07467 , 0.887994 , 2.07467 , 0.887994 , 2.07467 , 0.887994 , 2.07467 , 0.887994
-0.467213 , -2.06676 , -0.467213 , -2.06676 , -0.467213 , -2.06676 , -0.467213 , -2.06676
-1.23706 , 1.51734 , -1.23706 , 1.51734 , -1.23706 , 1.51734 , -1.23706 , 1.51734
1.81762 , -0.0388821 , 1.81762 , -0.0388821 , 1.81762 , -0.0388821 , 1.81762 , -0.0388821
-1.18586 , -1.25604 , -1.18586 , -1.25604 , -1.18586 , -1.25604 , -1.18586 , -1.25604
-0.110638 , 1.68262 , -0.110638 , 1.68262 , -0.110638 , 1.68262 , -0.110638 , 1.68262
1.30045 , -1.06668 , 1.30045 , -1.06668 , 1.30045 , -1.06668 , 1.30045 , -1.06668
-1.69507 , -0.21807 , -1.69507 , -0.21807 , -1.69507 , -0.21807 , -1.69507 , -0.21807
1.04398 , 1.4342 , 1.04398 , 1.4342 , 1.04398 , 1.4342 , 1.04398 , 1.4342
0.356406 , -1.84993 , 0.356406 , -1.84993 , 0.356406 , -1.84993 , 0.356406 , -1.84993
-1.74135 , 1.06163 , -1.74135 , 1.06163 , -1.74135 , 1.06163 , -1.74135 , 1.06163
2.13551 , 0.666267 , 2.13551 , 0.666267 , 2.13551 , 0.666267 , 2.13551 , 0.666267
-0.964023 , -2.27953 , -0.964023 , -2.27953 , -0.964023 , -2.27953 , -0.964023 , -2.27953
-1.29039 , 2.42854 , -1.29039 , 2.42854 , -1.29039 , 2.42854 , -1.29039 , 2.42854
3.00425 , -0.523158 , 3.00425 , -0.523158 , 3.00425 , -0.523158 , 3.00425 , -0.523158
-2.43494 , -2.29986 , -2.43494 , -2.29986 , -2.43494 , -2.29986 , -2.43494 , -2.29986
-0.46488 , 3.5936 , -0.46488 , 3.5936 , -0.46488 , 3.5936 , -0.46488 , 3.5936
3.39498 , -1.82835 , 3.39498 , -1.82835 , 3.39498 , -1.82835 , 3.39498 , -1.82835
-3.63887 , -1.7729 , -3.63887 , -1.7729 , -3.63887 , -1.7729 , -3.63887 , -1.7729
0.727068 , 4.14984 , 0.727068 , 4.14984 , 0.727068 , 4.14984 , 0.727068 , 4.14984
3.03471 , -3.13875 , 3.03471 , -3.13875 , 3.03471 , -3.13875 , 3.03471 , -3.13875
-4.46329 , -0.633223 , -4.46329 , -0.633223 , -4.46329 , -0.633223 , -4.46329 , -0.633223
2.1521 , 4.09575 , 2.1521 , 4.09575 , 2.1521 , 4.09575 , 2.1521 , 4.09575
2.10471 , -4.20905 , 2.10471 , -4.20905 , 2.10471 , -4.20905 , 2.10471 , -4.20905
-4.67737 , 0.764186 , -4.67737 , 0.764186 , -4.67737 , 0.764186 , -4.67737 , 0.764186
3.37573 , 3.32273 , 3.37573 , 3.32273 , 3.37573 , 3.32273 , 3.37573 , 3.32273
0.656833 , -4.67087 , 0.656833 , -4.67087 , 0.656833 , -4.67087 , 0.656833 , -4.67087
-4.11492 , 2.25795 , -4.11492 , 2.25795 , -4.11492 , 2.25795 , -4.11492 , 2.25795
4.24514 , 1.9336 , 4.24514 , 1.9336 , 4.24514 , 1.9336 , 4.24514 , 1.9336
-0.971998 , -4.50891 , -0.971998 , -4.50891 , -0.971998 , -4.50891 , -0.971998 , -4.50891
-2.9738 , 3.4015 , -2.9738 , 3.4015 , -2.9738 , 3.4015 , -2.9738 , 3.4015
4.36475 , 0.318256 , 4.36475 , 0.318256 , 4.36475 , 0.318256 , 4.36475 , 0.318256
-2.31672 , -3.50424 , -2.31672 , -3.50424 , -2.31672 , -3.50424 , -2.31672 , -3.50424
-1.2447 , 3.82052 , -1.2447 , 3.82052 , -1.2447 , 3.82052 , -1.2447 , 3.82052
3.59219 , -1.39768 , 3.59219 , -1.39768 , 3.59219 , -1.39768 , 3.59219 , -1.39768
-3.26432 , -1.79534 , -3.26432 , -1.79534 , -3.26432 , -1.79534 , -3.26432 , -1.79534
0.72504 , 3.56306 , 0.72504 , 3.56306 , 0.72504 , 3.56306 , 0.72504 , 3.56306
2.21087 , -2.82603 , 2.21087 , -2.82603 , 2.21087 , -2.82603 , 2.21087 , -2.82603
-3.57884 , 0.142228 , -3.57884 , 0.142228 , -3.57884 , 0.142228 , -3.57884 , 0.142228
2.41691 , 2.67884 , 2.41691 , 2.67884 , 2.41691 , 2.67884 , 2.41691 , 2.67884
0.569469 , -3.59697 , 0.569469 , -3.59697 , 0.569469 , -3.59697 , 0.569469 , -3.59697
-3.18566 , 1.77349 , -3.18566 , 1.77349 , -3.18566 , 1.77349 , -3.18566 , 1.77349
3.296 , 1.41839 , 3.296 , 1.41839 , 3.296 , 1.41839 , 3.296 , 1.41839
-0.862407 , -3.34727 , -0.862407 , -3.34727 , -0.862407 , -3.34727 , -0.862407 , -3.34727
-1.96707 , 2.6089 , -1.96707 , 2.6089 , -1.96707 , 2.6089 , -1.96707 , 2.6089
3.05595 , -0.151683 , 3.05595 , -0.151683 , 3.05595 , -0.151683 , 3.05595 , -0.151683
-2.003 , -2.06758 , -2.003 , -2.06758 , -2.003 , -2.06758 , -2.003 , -2.06758
-0.181506 , 2.74679 , -0.181506 , 2.74679 , -0.181506 , 2.74679 , -0.181506 , 2.74679
2.09924 , -1.6646 , 2.09924 , -1.6646 , 2.09924 , -1.6646 , 2.09924 , -1.6646
-2.59073 , -0.450681 , -2.59073 , -0.450681 , -2.59073 , -0.450681 , -2.59073 , -0.450681
1.34128 , 2.19495 , 1.34128 , 2.19495 , 1.34128 , 2.19495 , 1.34128 , 2.19495
0.735354 , -2.37963 , 0.735354 , -2.37963 , 0.735354 , -2.37963 , 0.735354 , -2.37963
-2.16754 , 1.01155 , -2.16754 , 1.01155 , -2.16754 , 1.01155 , -2.16754 , 1.01155
2.14356 , 0.845546 , 2.14356 , 0.845546 , 2.14356 , 0.845546 , 2.14356 , 0.845546
-0.887271 , -2.08261 , -0.887271 , -2.08261 , -0.887271 , -2.08261 , -0.887271 , -2.08261
-0.860111 , 2.12782 , -0.860111 , 2.12782 , -0.860111 , 2.12782 , -0.860111 , 2.12782
2.22229 , -0.902117 , 2.22229 , -0.902117 , 2.22229 , -0.902117 , 2.22229 , -0.902117
-2.30496 , -1.09384 , -2.30496 , -1.09384 , -2.30496 , -1.09384 , -2.30496 , -1.09384
0.718492 , 2.62311 , 0.718492 , 2.62311 , 0.718492 , 2.62311 , 0.718492 , 2.62311
1.6694 , -2.32883 , 1.6694 , -2.32883 , 1.6694 , -2.32883 , 1.6694 , -2.32883
-2.9477 , 0.110222 , -2.9477 , 0.110222 , -2.9477 , 0.110222 , -2.9477 , 0.110222
1.85911 , 2.2775 , 1.85911 , 2.2775 , 1.85911 , 2.2775 , 1.85911 , 2.2775
0.661694 , -2.73941 , 0.661694 , -2.73941 , 0.661694 , -2.73941 , 0.661694 , -2.73941
-2.35312 , 1.08895 , -2.35312 , 1.08895 , -2.35312 , 1.08895 , -2.35312 , 1.08895
2.1065 , 0.941783 , 2.1065 , 0.941783 , 2.1065 , 0.941783 , 2.1065 , 0.941783
-0.737253 , -1.90643 , -0.737253 , -1.90643 , -0.737253 , -1.90643 , -0.737253 , -1.90643
-0.63451 , 1.79785 , -0.63451 , 1.79785 , -0.63451 , 1.79785 , -0.63451 , 1.79785
1.67987 , -1.00702 , 1.67987 , -1.00702 , 1.67987 , -1.00702 , 1.67987 , -1.00702
-2.11969 , -0.440025 , -2.11969 , -0.440025 , -2.11969 , -0.440025 , -2.11969 , -0.440025
1.27221 , 2.07345 , 1.27221 , 2.07345 , 1.27221 , 2.07345 , 1.27221 , 2.07345
0.838507 , -2.54534 , 0.838507 , -2.54534 , 0.838507 , -2.54534 , 0.838507 , -2.54534
-2.67719 , 0.989097 , -2.67719 , 0.989097 , -2.67719 , 0.989097 , -2.67719 , 0.989097
2.48623 , 1.54543 , 2.48623 , 1.54543 , 2.48623 , 1.54543 , 2.48623 , 1.54543
-0.315914 , -2.877 , -0.315914 , -2.877 , -0.315914 , -2.877 , -0.315914 , -2.877
-1.94066 , 1.97995 , -1.94066 , 1.97995 , -1.94066 , 1.97995 , -1.94066 , 1.97995
2.60036 , 0.139613 , 2.60036 , 0.139613 , 2.60036 , 0.139613 , 2.60036 , 0.139613
-1.6047 , -1.85447 , -1.6047 , -1.85447 , -1.6047 , -1.85447 , -1.6047 , -1.85447
-0.124218 , 2.38067 , -0.124218 , 2.38067 , -0.124218 , 2.38067 , -0.124218 , 2.38067
1.76203 , -1.68463 , 1.76203 , -1.68463 , 1.76203 , -1.68463 , 1.76203 , -1.68463
-2.60133 , -0.0434386 , -2.60133 , -0.0434386 , -2.60133 , -0.0434386 , -2.60133 , -0.0434386
1.89267 , 2.09517 , 1.89267 , 2.09517 , 1.89267 , 2.09517 , 1.89267 , 2.09517
0.366213 , -3.01911 , 0.366213 , -3.01911 , 0.366213 , -3.01911 , 0.366213 , -3.01911
-2.69493 , 1.73571 , -2.69493 , 1.73571 , -2.69493 , 1.73571 , -2.69493 , 1.73571
3.13179 , 1.01158 , 3.13179 , 1.01158 , 3.13179 , 1.01158 , 3.13179 , 1.01158
-1.23055 , -3.06633 , -1.23055 , -3.06633 , -1.23055 , -3.06633 , -1.23055 , -3.06633
-1.50788 , 2.91329 , -1.50788 , 2.91329 , -1.50788 , 2.91329 , -1.50788 , 2.91329
3.16717 , -0.812434 , 3.16717 , -0.812434 , 3.16717 , -0.812434 , 3.16717 , -0.812434
-2.75433 , -1.82507 , -2.75433 , -1.82507 , -2.75433 , -1.82507 , -2.75433 , -1.82507
0.473978 , 3.3417 , 0.473978 , 3.3417 , 0.473978 , 3.3417 , 0.473978 , 3.3417
2.26473 , -2.59297 , 2.26473 , -2.59297 , 2.26473 , -2.59297 , 2.26473 , -2.59297
-3.46759 , -0.0508803 , -3.46759 , -0.0508803 , -3.46759 , -0.0508803 , -3.46759 , -0.0508803
2.19101 , 2.65082 , 2.19101 , 2.65082 , 2.19101 , 2.65082 , 2.19101 , 2.65082
0.549984 , -3.3298 , 0.549984 , -3.3298 , 0.549984 , -3.3298 , 0.549984 , -3.3298
-2.79178 , 1.77194 , -2.79178 , 1.77194 , -2.79178 , 1.77194 , -2.79178 , 1.77194
3.13624 , 0.861459 , 3.13624 , 0.861459 , 3.13624 , 0.861459 , 3.13624 , 0.861459
-1.45697 , -2.85588 , -1.45697 , -2.85588 , -1.45697 , -2.85588 , -1.45697 , -2.85588
-1.09691 , 2.95366 , -1.09691 , 2.95366 , -1.09691 , 2.95366 , -1.09691 , 2.95366
2.84182 , -1.19874 , 2.84182 , -1.19874 , 2.84182 , -1.19874 , 2.84182 , -1.19874
-2.79631 , -1.17596 , -2.79631 , -1.17596 , -2.79631 , -1.17596 , -2.79631 , -1.17596
1.16263 , 2.81328 , 1.16263 , 2.81328 , 1.16263 , 2.81328 , 1.16263 , 2.81328
1.19217 , -2.91401 , 1.19217 , -2.91401 , 1.19217 , -2.91401 , 1.19217 , -2.91401
-3.09645 , 1.24926 , -3.09645 , 1.24926 , -3.09645 , 1.24926 , -3.09645 , 1.24926
3.22641 , 1.53253 , 3.22641 , 1.53253 , 3.22641 , 1.53253 , 3.22641 , 1.53253
-1.0329 , -3.65154 , -1.0329 , -3.65154 , -1.0329 , -3.65154 , -1.0329 , -3.65154
-2.21214 , 3.29529 , -2.21214 , 3.29529 , -2.21214 , 3.29529 , -2.21214 , 3.29529
4.05473 , -0.439851 , 4.05473 , -0.439851 , 4.05473 , -0.439851 , 4.05473 , -0.439851
-2.99628 , -2.84449 , -2.99628 , -2.84449 , -2.99628 , -2.84449 , -2.99628 , -2.84449
-0.195483 , 4.14973 , -0.195483 , 4.14973 , -0.195483 , 4.14973 , -0.195483 , 4.14973
3.26733 , -2.60851 , 3.26733 , -2.60851 , 3.26733 , -2.60851 , 3.26733 , -2.60851
-4.16941 , -0.732509 , -4.16941 , -0.732509 , -4.16941 , -0.732509 , -4.16941 , -0.732509
2.22732 , 3.68593 , 2.22732 , 3.68593 , 2.22732 , 3.68593 , 2.22732 , 3.68593
1.37254 , -4.14897 , 1.37254 , -4.14897 , 1.37254 , -4.14897 , 1.37254 , -4.14897
-4.0716 , 1.63361 , -4.0716 , 1.63361 , -4.0716 , 1.63361 , -4.0716 , 1.63361
3.83743 , 2.02904 , 3.83743 , 2.02904 , 3.83743 , 2.02904 , 3.83743 , 2.02904
-0.959035 , -4.13883 , -0.959035 , -4.13883 , -0.959035 , -4.13883 , -0.959035 , -4.13883
-2.39116 , 3.39707 , -2.39116 , 3.39707 , -2.39116 , 3.39707 , -2.39116 , 3.39707
4.0683 , -0.521861 , 4.0683 , -0.521861 , 4.0683 , -0.521861 , 4.0683 , -0.521861
-3.13206 , -2.6502 , -3.13206 , -2.6502 , -3.13206 , -2.6502 , -3.13206 , -2.6502
0.123433 , 4.13035 , 0.123433 , 4.13035 , 0.123433 , 4.13035 , 0.123433 , 4.13035
3.02905 , -2.83722 , 3.02905 , -2.83722 , 3.02905 , -2.83722 , 3.02905 , -2.83722
-4.11428 , -0.40536 , -4.11428 , -0.40536 , -4.11428 , -0.40536 , -4.11428 , -0.40536
2.39687 , 3.31414 , 2.39687 , 3.31414 , 2.39687 , 3.31414 , 2.39687 , 3.31414
0.852771 , -3.95326 , 0.852771 , -3.95326 , 0.852771 , -3.95326 , 0.852771 , -3.95326
-3.48118 , 2.016 , -3.48118 , 2.016 , -3.48118 , 2.016 , -3.48118 , 2.016
3.84249 , 1.22995 , 3.84249 , 1.22995 , 3.84249 , 1.22995 , 3.84249 , 1.22995
-1.65607 , -3.71578 , -1.65607 , -3.71578 , -1.65607 , -3.71578 , -1.65607 , -3.71578
-1.71636 , 3.72638 , -1.71636 , 3.72638 , -1.71636 , 3.72638 , -1.71636 , 3.72638
3.95911 , -1.1397 , 3.95911 , -1.1397 , 3.95911 , -1.1397 , 3.95911 , -1.1397
-3.42844 , -2.26646 , -3.42844 , -2.26646 , -3.42844 , -2.26646 , -3.42844 , -2.26646
0.482355 , 4.04076 , 0.482355 , 4.04076 , 0.482355 , 4.04076 , 0.482355 , 4.04076
2.72891 , -2.92159 , 2.72891 , -2.92159 , 2.72891 , -2.92159 , 2.72891 , -2.92159
-3.88773 , -0.202939 , -3.88773 , -0.202939 , -3.88773 , -0.202939 , -3.88773 , -0.202939
2.26005 , 2.99418 , 2.26005 , 2.99418 , 2.26005 , 2.99418 , 2.26005 , 2.99418
0.792603 , -3.4804 , 0.792603 , -3.4804 , 0.792603 , -3.4804 , 0.792603 , -3.4804
-2.96623 , 1.54877 , -2.96623 , 1.54877 , -2.96623 , 1.54877 , -2.96623 , 1.54877
2.86917 , 1.12877 , 2.86917 , 1.12877 , 2.86917 , 1.12877 , 2.86917 , 1.12877
-0.975033 , -2.60991 , -0.975033 , -2.60991 , -0.975033 , -2.60991 , -0.975033 , -2.60991
-1.07319 , 2.22396 , -1.07319 , 2.22396 , -1.07319 , 2.22396 , -1.07319 , 2.22396
2.02466 , -0.778411 , 2.02466 , -0.778411 , 2.02466 , -0.778411 , 2.02466 , -0.778411
-1.86242 , -0.605088 , -1.86242 , -0.605088 , -1.86242 , -0.605088 , -1.86242 , -0.605088
1.13565 , 1.56354 , 1.13565 , 1.56354 , 1.13565 , 1.56354 , 1.13565 , 1.56354
0.0574569 , -2.13074 , 0.0574569 , -2.13074 , 0.0574569 , -2.13074 , 0.0574569 , -2.13074
-1.72849 , 1.79323 , -1.72849 , 1.79323 , -1.72849 , 1.79323 , -1.72849 , 1.79323
2.9074 , 0.0466167 , 2.9074 , 0.0466167 , 2.9074 , 0.0466167 , 2.9074 , 0.0466167
-2.0847 , -2.56589 , -2.0847 , -2.56589 , -2.0847 , -2.56589 , -2.0847 , -2.56589
-0.798424 , 3.55461 , -0.798424 , 3.55461 , -0.798424 , 3.55461 , -0.798424 , 3.55461
3.54791 , -1.62168 , 3.54791 , -1.62168 , 3.54791 , -1.62168 , 3.54791 , -1.62168
-3.56603 , -1.96587 , -3.56603 , -1.96587 , -3.56603 , -1.96587 , -3.56603 , -1.96587
0.521986 , 4.11721 , 0.521986 , 4.11721 , 0.521986 , 4.11721 , 0.521986 , 4.11721
3.02026 , -2.81378 , 3.02026 , -2.81378 , 3.02026 , -2.81378 , 3.02026 , -2.81378
-3.91983 , -0.794094 , -3.91983 , -0.794094 , -3.91983 , -0.794094 , -3.91983 , -0.794094
1.5431 , 3.43572 , 1.5431 , 3.43572 , 1.5431 , 3.43572 , 1.5431 , 3.43572
1.71006 , -2.98397 , 1.71006 , -2.98397 , 1.71006 , -2.98397 , 1.71006 , -2.98397
-3.01395 , 0.364871 , -3.01395 , 0.364871 , -3.01395 , 0.364871 , -3.01395 , 0.364871
1.8188 , 1.82661 , 1.8188 , 1.82661 , 1.8188 , 1.82661 , 1.8188 , 1.82661
0.177636 , -2.08144 , 0.177636 , -2.08144 , 0.177636 , -2.08144 , 0.177636 , -2.08144
-1.23428 , 1.03135 , -1.23428 , 1.03135 , -1.23428 , 1.03135 , -1.23428 , 1.03135
1.21781 , -0.0783672 , 1.21781 , -0.0783672 , 1.21781 , -0.0783672 , 1.21781 , -0.0783672
-1.01683 , -0.396667 , -1.01683 , -0.396667 , -1.01683 , -0.396667 , -1.01683 , -0.396667
0.858198 , 0.994588 , 0.858198 , 0.994588 , 0.858198 , 0.994588 , 0.858198 , 0.994588
-0.0209374 , -1.73591 , -0.0209374 , -1.73591 , -0.0209374 , -1.73591 , -0.0209374 , -1.73591
-1.62099 , 1.4998 , -1.62099 , 1.4998 , -1.62099 , 1.4998 , -1.62099 , 1.4998
2.62657 , 0.416684 , 2.62657 , 0.416684 , 2.62657 , 0.416684 , 2.62657 , 0.416684
-1.39691 , -2.71689 , -1.39691 , -2.71689 , -1.39691 , -2.71689 , -1.39691 , -2.71689
-1.56562 , 2.99111 , -1.56562 , 2.99111 , -1.56562 , 2.99111 , -1.56562 , 2.99111
3.58512 , -0.439654 , 3.58512 , -0.439654 , 3.58512 , -0.439654 , 3.58512 , -0.439654
-2.48772 , -2.81848 , -2.48772 , -2.81848 , -2.48772 , -2.81848 , -2.48772 , -2.81848
-0.926111 , 3.70939 , -0.926111 , 3.70939 , -0.926111 , 3.70939 , -0.926111 , 3.70939
3.56696 , -1.35916 , 3.56696 , -1.35916 , 3.56696 , -1.35916 , 3.56696 , -1.35916
-3.12467 , -2.09144 , -3.12467 , -2.09144 , -3.12467 , -2.09144 , -3.12467 , -2.09144
0.132429 , 3.66968 , 0.132429 , 3.66968 , 0.132429 , 3.66968 , 0.132429 , 3.66968
2.79759 , -2.21852 , 2.79759 , -2.21852 , 2.79759 , -2.21852 , 2.79759 , -2.21852
-3.35245 , -0.887827 , -3.35245 , -0.887827 , -3.35245 , -0.887827 , -3.35245 , -0.887827
1.2752 , 3.12358 , 1.2752 , 3.12358 , 1.2752 , 3.12358 , 1.2752 , 3.12358
1.6786 , -2.83457 , 1.6786 , -2.83457 , 1.6786 , -2.83457 , 1.6786 , -2.83457
-3.21085 , 0.359672 , -3.21085 , 0.359672 , -3.21085 , 0.359672 , -3.21085 , 0.359672
2.16572 , 2.32416 , 2.16572 , 2.32416 , 2.16572 , 2.32416 , 2.16572 , 2.32416
0.601204 , -3.05638 , 0.601204 , -3.05638 , 0.601204 , -3.05638 , 0.601204 , -3.05638
-2.76182 , 1.22734 , -2.76182 , 1.22734 , -2.76182 , 1.22734 , -2.76182 , 1.22734
2.44793 , 1.51125 , 2.44793 , 1.51125 , 2.44793 , 1.51125 , 2.44793 , 1.51125
-0.0976371 , -2.66278 , -0.0976371 , -2.66278 , -0.0976371 , -2.66278 , -0.0976371 , -2.66278
-1.93811 , 1.3832 , -1.93811 , 1.3832 , -1.93811 , 1.3832 , -1.93811 , 1.3832
1.8894 , 0.738574 , 1.8894 , 0.738574 , 1.8894 , 0.738574 , 1.8894 , 0.738574
-0.318718 , -1.57881 , -0.318718 , -1.57881 , -0.318718 , -1.57881 , -0.318718 , -1.57881
-0.820102 , 0.774704 , -0.820102 , 0.774704 , -0.820102 , 0.774704 , -0.820102 , 0.774704
0.554221 , 0.174416 , 0.554221 , 0.174416 , 0.554221 , 0.174416 , 0.554221 , 0.174416
0.0840696 , 0.00686971 , 0.0840696 , 0.00686971 , 0.0840696 , 0.00686971 , 0.0840696 , 0.00686971
0.352393 , -0.61891 , 0.352393 , -0.61891 , 0.352393 , -0.61891 , 0.352393 , -0.61891
-1.41582 , -0.0258313 , -1.41582 , -0.0258313 , -1.41582 , -0.0258313 , -1.41582 , -0.0258313
1.04346 , 1.85562 , 1.04346 , 1.85562 , 1.04346 , 1.85562 , 1.04346 , 1.85562
1.40064 , -2.44406 , 1.40064 , -2.44406 , 1.40064 , -2.44406 , 1.40064 , -2.44406
-3.44586 , 0.0755676 , -3.44586 , 0.0755676 , -3.44586 , 0.0755676 , -3.44586 , 0.0755676
2.14552 , 3.36048 , 2.14552 , 3.36048 , 2.14552 , 3.36048 , 2.14552 , 3.36048
1.92439 , -3.96898 , 1.92439 , -3.96898 , 1.92439 , -3.96898 , 1.92439 , -3.96898
-4.67169 , 0.497212 , -4.67169 , 0.497212 , -4.67169 , 0.497212 , -4.67169 , 0.497212
3.01243 , 3.78557 , 3.01243 , 3.78557 , 3.01243 , 3.78557 , 3.01243 , 3.78557
1.52524 , -4.58564 , 1.52524 , -4.58564 , 1.52524 , -4.58564 , 1.52524 , -4.58564
-4.52693 , 1.25673 , -4.52693 , 1.25673 , -4.52693 , 1.25673 , -4.52693 , 1.25673
3.43658 , 2.84364 , 3.43658 , 2.84364 , 3.43658 , 2.84364 , 3.43658 , 2.84364
0.265421 , -4.14112 , 0.265421 , -4.14112 , 0.265421 , -4.14112 , 0.265421 , -4.14112
-3.16577 , 2.08685 , -3.16577 , 2.08685 , -3.16577 , 2.08685 , -3.16577 , 2.08685
3.23363 , 1.072 , 3.23363 , 1.072 , 3.23363 , 1.072 , 3.23363 , 1.072
-1.0954 , -2.80451 , -1.0954 , -2.80451 , -1.0954 , -2.80451 , -1.0954 , -2.80451
-1.19951 , 2.33259 , -1.19951 , 2.33259 , -1.19951 , 2.33259 , -1.19951 , 2.33259
2.17448 , -0.642466 , 2.17448 , -0.642466 , 2.17448 , -0.642466 , 2.17448 , -0.642466
-1.74896 , -0.905095 , -1.74896 , -0.905095 , -1.74896 , -0.905095 , -1.74896 , -0.905095
0.629971 , 1.62518 , 0.629971 , 1.62518 , 0.629971 , 1.62518 , 0.629971 , 1.62518
0.497857 , -1.50758 , 0.497857 , -1.50758 , 0.497857 , -1.50758 , 0.497857 , -1.50758
-1.24389 , 0.840344 , -1.24389 , 0.840344 , -1.24389 , 0.840344 , -1.24389 , 0.840344
1.49967 , 0.0592716 , 1.49967 , 0.0592716 , 1.49967 , 0.0592716 , 1.49967 , 0.0592716
-1.25681 , -1.01524 , -1.25681 , -1.01524 , -1.25681 , -1.01524 , -1.25681 , -1.01524
0.370835 , 1.80892 , 0.370835 , 1.80892 , 0.370835 , 1.80892 , 0.370835 , 1.80892
1.12939 , -1.83169 , 1.12939 , -1.83169 , 1.12939 , -1.83169 , 1.12939 , -1.83169
-2.42097 , 0.519998 , -2.42097 , 0.519998 , -2.42097 , 0.519998 , -2.42097 , 0.519998
2.25635 , 1.62677 , 2.25635 , 1.62677 , 2.25635 , 1.62677 , 2.25635 , 1.62677
-0.29845 , -3.04673 , -0.29845 , -3.04673 , -0.29845 , -3.04673 , -0.29845 , -3.04673
-2.28781 , 2.42574 , -2.28781 , 2.42574 , -2.28781 , 2.42574 , -2.28781 , 2.42574
3.62116 , 0.173694 , 3.62116 , 0.173694 , 3.62116 , 0.173694 , 3.62116 , 0.173694
-2.35974 , -3.15169 , -2.35974 , -3.15169 , -2.35974 , -3.15169 , -2.35974 , -3.15169
-1.09661 , 4.09532 , -1.09661 , 4.09532 , -1.09661 , 4.09532 , -1.09661 , 4.09532
4.15847 , -1.6637 , 4.15847 , -1.6637 , 4.15847 , -1.6637 , 4.15847 , -1.6637
-3.88121 , -2.47119 , -3.88121 , -2.47119 , -3.88121 , -2.47119 , -3.88121 , -2.47119
0.20703 , 4.56668 , 0.20703 , 4.56668 , 0.20703 , 4.56668 , 0.20703 , 4.56668
3.47593 , -2.67006 , 3.47593 , -2.67006 , 3.47593 , -2.67006 , 3.47593 , -2.67006
-3.87438 , -1.20246 , -3.87438 , -1.20246 , -3.87438 , -1.20246 , -3.87438 , -1.20246
1.16075 , 3.44013 , 1.16075 , 3.44013 , 1.16075 , 3.44013 , 1.16075 , 3.44013
1.78527 , -2.59472 , 1.78527 , -2.59472 , 1.78527 , -2.59472 , 1.78527 , -2.59472
-2.64876 , 0.158368 , -2.64876 , 0.158368 , -2.64876 , 0.158368 , -2.64876 , 0.158368
1.47016 , 1.59838 , 1.47016 , 1.59838 , 1.47016 , 1.59838 , 1.47016 , 1.59838
0.207135 , -1.70778 , 0.207135 , -1.70778 , 0.207135 , -1.70778 , 0.207135 , -1.70778
-1.0677 , 0.746479 , -1.0677 , 0.746479 , -1.0677 , 0.746479 , -1.0677 , 0.746479
0.895381 , 0.176788 , 0.895381 , 0.176788 , 0.895381 , 0.176788 , 0.895381 , 0.176788
-0.334829 , -0.427354 , -0.334829 , -0.427354 , -0.334829 , -0.427354 , -0.334829 , -0.427354
0.112029 , 0.214043 , 0.112029 , 0.214043 , 0.112029 , 0.214043 , 0.112029 , 0.214043
-0.301572 , -0.213031 , -0.301572 , -0.213031 , -0.301572 , -0.213031 , -0.301572 , -0.213031
0.26003 , 0.686723 , 0.26003 , 0.686723 , 0.26003 , 0.686723 , 0.26003 , 0.686723
0.503053 , -0.99057 , 0.503053 , -0.99057 , 0.503053 , -0.99057 , 0.503053 , -0.99057
-1.42837 , 0.295264 , -1.42837 , 0.295264 , -1.42837 , 0.295264 , -1.42837 , 0.295264
1.31597 , 1.15821 , 1.31597 , 1.15821 , 1.31597 , 1.15821 , 1.31597 , 1.15821
0.182807 , -1.96656 , 0.182807 , -1.96656 , 0.182807 , -1.96656 , 0.182807 , -1.96656
-1.82324 , 1.05723 , -1.82324 , 1.05723 , -1.82324 , 1.05723 , -1.82324 , 1.05723
1.93782 , 0.899233 , 1.93782 , 0.899233 , 1.93782 , 0.899233 , 1.93782 , 0.899233
-0.35384 , -2.02112 , -0.35384 , -2.02112 , -0.35384 , -2.02112 , -0.35384 , -2.02112
-1.31186 , 1.31104 , -1.31186 , 1.31104 , -1.31186 , 1.31104 , -1.31186 , 1.31104
1.54023 , 0.244174 , 1.54023 , 0.244174 , 1.54023 , 0.244174 , 1.54023 , 0.244174
-0.588848 , -1.04374 , -0.588848 , -1.04374 , -0.588848 , -1.04374 , -0.588848 , -1.04374
-0.229913 , 0.791813 , -0.229913 , 0.791813 , -0.229913 , 0.791813 , -0.229913 , 0.791813
0.38777 , -0.360727 , 0.38777 , -0.360727 , 0.38777 , -0.360727 , 0.38777 , -0.360727
-0.397932 , 0.230093 , -0.397932 , 0.230093 , -0.397932 , 0.230093 , -0.397932 , 0.230093
0.578213 , -0.0452273 , 0.578213 , -0.0452273 , 0.578213 , -0.0452273 , 0.578213 , -0.0452273
-0.568251 , -0.408874 , -0.568251 , -0.408874 , -0.568251 , -0.408874 , -0.568251 , -0.408874
0.129771 , 0.73431 , 0.129771 , 0.73431 , 0.129771 , 0.73431 , 0.129771 , 0.73431
0.382758 , -0.605168 , 0.382758 , -0.605168 , 0.382758 , -0.605168 , 0.382758 , -0.605168
-0.61089 , 0.24679 , -0.61089 , 0.24679 , -0.61089 , 0.24679 , -0.61089 , 0.24679
0.667839 , 0.0703756 , 0.667839 , 0.0703756 , 0.667839 , 0.0703756 , 0.667839 , 0.0703756
-0.673925 , -0.485447 , -0.673925 , -0.485447 , -0.673925 , -0.485447 , -0.673925 , -0.485447
0.301263 , 1.0606 , 0.301263 , 1.0606 , 0.301263 , 1.0606 , 0.301263 , 1.0606
0.683231 , -1.24148 , 0.683231 , -1.24148 , 0.683231 , -1.24148 , 0.683231 , -1.24148
-1.68039 , 0.399414 , -1.68039 , 0.399414 , -1.68039 , 0.399414 , -1.68039 , 0.399414
1.63073 , 1.17499 , 1.63073 , 1.17499 , 1.63073 , 1.17499 , 1.63073 , 1.17499
-0.179632 , -2.24963 , -0.179632 , -2.24963 , -0.179632 , -2.24963 , -0.179632 , -2.24963
-1.75126 , 1.73429 , -1.75126 , 1.73429 , -1.75126 , 1.73429 , -1.75126 , 1.73429
2.61951 , 0.2368 , 2.61951 , 0.2368 , 2.61951 , 0.2368 , 2.61951 , 0.2368
-1.57798 , -2.25111 , -1.57798 , -2.25111 , -1.57798 , -2.25111 , -1.57798 , -2.25111
-0.708163 , 2.72942 , -0.708163 , 2.72942 , -0.708163 , 2.72942 , -0.708163 , 2.72942
2.55216 , -1.25788 , 2.55216 , -1.25788 , 2.55216 , -1.25788 , 2.55216 , -1.25788
-2.61392 , -1.0864 , -2.61392 , -1.0864 , -2.61392 , -1.0864 , -2.61392 , -1.0864
0.907071 , 2.62567 , 0.907071 , 2.62567 , 0.907071 , 2.62567 , 0.907071 , 2.62567
1.29182 , -2.35383 , 1.29182 , -2.35383 , 1.29182 , -2.35383 , 1.29182 , -2.35383
-2.47314 , 0.632687 , -2.47314 , 0.632687 , -2.47314 , 0.632687 , -2.47314 , 0.632687
2.05422 , 1.23414 , 2.05422 , 1.23414 , 2.05422 , 1.23414 , 2.05422 , 1.23414
-0.61322 , -2.16775 , -0.61322 , -2.16775 , -0.61322 , -2.16775 , -0.61322 , -2.16775
-0.930058 , 1.9637 , -0.930058 , 1.9637 , -0.930058 , 1.9637 , -0.930058 , 1.9637
1.99944 , -0.904257 , 1.99944 , -0.904257 , 1.99944 , -0.904257 , 1.99944 , -0.904257
-2.21502 , -0.675822 , -2.21502 , -0.675822 , -2.21502 , -0.675822 , -2.21502 , -0.675822
1.23913 , 2.17168 , 1.23913 , 2.17168 , 1.23913 , 2.17168 , 1.23913 , 2.17168
0.72918 , -2.60333 , 0.72918 , -2.60333 , 0.72918 , -2.60333 , 0.72918 , -2.60333
-2.5661 , 1.33055 , -2.5661 , 1.33055 , -2.5661 , 1.33055 , -2.5661 , 1.33055
2.84173 , 1.07194 , 2.84173 , 1.07194 , 2.84173 , 1.07194 , 2.84173 , 1.07194
-1.09533 , -2.92769 , -1.09533 , -2.92769 , -1.09533 , -2.92769 , -1.09533 , -2.92769
-1.51027 , 2.75772 , -1.51027 , 2.75772 , -1.51027 , 2.75772 , -1.51027 , 2.75772
3.0187 , -0.643619 , 3.0187 , -0.643619 , 3.0187 , -0.643619 , 3.0187 , -0.643619
-2.36543 , -1.77382 , -2.36543 , -1.77382 , -2.36543 , -1.77382 , -2.36543 , -1.77382
0.241506 , 2.75738 , 0.241506 , 2.75738 , 0.241506 , 2.75738 , 0.241506 , 2.75738
1.69815 , -1.89157 , 1.69815 , -1.89157 , 1.69815 , -1.89157 , 1.69815 , -1.89157
-2.30313 , 0.112396 , -2.30313 , 0.112396 , -2.30313 , 0.112396 , -2.30313 , 0.112396
1.58808 , 1.35846 , 1.58808 , 1.35846 , 1.58808 , 1.35846 , 1.58808 , 1.35846
-0.268999 , -1.90477 , -0.268999 , -1.90477 , -0.268999 , -1.90477 , -0.268999 , -1.90477
-0.97305 , 1.54719 , -0.97305 , 1.54719 , -0.97305 , 1.54719 , -0.97305 , 1.54719
1.71673 , -0.542815 , 1.71673 , -0.542815 , 1.71673 , -0.542815 , 1.71673 , -0.542815
-1.65939 , -0.736667 , -1.65939 , -0.736667 , -1.65939 , -0.736667 , -1.65939 , -0.736667
0.720531 , 1.68805 , 0.720531 , 1.68805 , 0.720531 , 1.68805 , 0.720531 , 1.68805
0.649394 , -1.71123 , 0.649394 , -1.71123 , 0.649394 , -1.71123 , 0.649394 , -1.71123
-1.61881 , 0.762505 , -1.61881 , 0.762505 , -1.61881 , 0.762505 , -1.61881 , 0.762505
1.63589 , 0.534126 , 1.63589 , 0.534126 , 1.63589 , 0.534126 , 1.63589 , 0.534126
-0.816444 , -1.42658 , -0.816444 , -1.42658 , -0.816444 , -1.42658 , -0.816444 , -1.42658
-0.303316 , 1.54619 , -0.303316 , 1.54619 , -0.303316 , 1.54619 , -0.303316 , 1.54619
1.18411 , -0.96484 , 1.18411 , -0.96484 , 1.18411 , -0.96484 , 1.18411 , -0.96484
-1.50864 , 0.0146877 , -1.50864 , 0.0146877 , -1.50864 , 0.0146877 , -1.50864 , 0.0146877
1.22545 , 0.929986 , 1.22545 , 0.929986 , 1.22545 , 0.929986 , 1.22545 , 0.929986
-0.421057 , -1.58412 , -0.421057 , -1.58412 , -0.421057 , -1.58412 , -0.421057 , -1.58412
-0.759186 , 1.64853 , -0.759186 , 1.64853 , -0.759186 , 1.64853 , -0.759186 , 1.64853
1.87583 , -0.801655 , 1.87583 , -0.801655 , 1.87583 , -0.801655 , 1.87583 , -0.801655
-2.11949 , -0.823754 , -2.11949 , -0.823754 , -2.11949 , -0.823754 , -2.11949 , -0.823754
0.968312 , 2.28769 , 0.968312 , 2.28769 , 0.968312 , 2.28769 , 0.968312 , 2.28769
1.06149 , -2.43411 , 1.06149 , -2.43411 , 1.06149 , -2.43411 , 1.06149 , -2.43411
-2.62344 , 0.940744 , -2.62344 , 0.940744 , -2.62344 , 0.940744 , -2.62344 , 0.940744
2.56891 , 1.30737 , 2.56891 , 1.30737 , 2.56891 , 1.30737 , 2.56891 , 1.30737
-0.834355 , -2.82262 , -0.834355 , -2.82262 , -0.834355 , -2.82262 , -0.834355 , -2.82262
-1.47469 , 2.57931 , -1.47469 , 2.57931 , -1.47469 , 2.57931 , -1.47469 , 2.57931
2.87905 , -0.750636 , 2.87905 , -0.750636 , 2.87905 , -0.750636 , 2.87905 , -0.750636
-2.57203 , -1.50131 , -2.57203 , -1.50131 , -2.57203 , -1.50131 , -2.57203 , -1.50131
0.797189 , 2.89896 , 0.797189 , 2.89896 , 0.797189 , 2.89896 , 0.797189 , 2.89896
1.49113 , -2.68829 , 1.49113 , -2.68829 , 1.49113 , -2.68829 , 1.49113 , -2.68829
-3.04632 , 0.871885 , -3.04632 , 0.871885 , -3.04632 , 0.871885 , -3.04632 , 0.871885
2.82646 , 1.62219 , 2.82646 , 1.62219 , 2.82646 , 1.62219 , 2.82646 , 1.62219
-0.788954 , -3.21961 , -0.788954 , -3.21961 , -0.788954 , -3.21961 , -0.788954 , -3.21961
-1.7945 , 2.79806 , -1.7945 , 2.79806 , -1.7945 , 2.79806 , -1.7945 , 2.79806
3.23244 , -0.644255 , 3.23244 , -0.644255 , 3.23244 , -0.644255 , 3.23244 , -0.644255
-2.69208 , -1.82874 , -2.69208 , -1.82874 , -2.69208 , -1.82874 , -2.69208 , -1.82874
0.604921 , 3.16537 , 0.604921 , 3.16537 , 0.604921 , 3.16537 , 0.604921 , 3.16537
1.79776 , -2.65912 , 1.79776 , -2.65912 , 1.79776 , -2.65912 , 1.79776 , -2.65912
-3.15019 , 0.602869 , -3.15019 , 0.602869 , -3.15019 , 0.602869 , -3.15019 , 0.602869
2.63148 , 1.81495 , 2.63148 , 1.81495 , 2.63148 , 1.81495 , 2.63148 , 1.81495
-0.539563 , -3.11521 , -0.539563 , -3.11521 , -0.539563 , -3.11521 , -0.539563 , -3.11521
-1.80213 , 2.5198 , -1.80213 , 2.5198 , -1.80213 , 2.5198 , -1.80213 , 2.5198
2.97399 , -0.499262 , 2.97399 , -0.499262 , 2.97399 , -0.499262 , 2.97399 , -0.499262
-2.41045 , -1.67079 , -2.41045 , -1.67079 , -2.41045 , -1.67079 , -2.41045 , -1.67079
0.574231 , 2.8078 , 0.574231 , 2.8078 , 0.574231 , 2.8078 , 0.574231 , 2.8078
1.48828 , -2.39678 , 1.48828 , -2.39678 , 1.48828 , -2.39678 , 1.48828 , -2.39678
-2.70404 , 0.720152 , -2.70404 , 0.720152 , -2.70404 , 0.720152 , -2.70404 , 0.720152
2.4647 , 1.32517 , 2.4647 , 1.32517 , 2.4647 , 1.32517 , 2.4647 , 1.32517
-0.895735 , -2.68276 , -0.895735 , -2.68276 , -0.895735 , -2.68276 , -0.895735 , -2.68276
-1.23554 , 2.61438 , -1.23554 , 2.61438 , -1.23554 , 2.61438 , -1.23554 , 2.61438
2.79505 , -1.01728 , 2.79505 , -1.01728 , 2.79505 , -1.01728 , 2.79505 , -1.01728
-2.74037 , -1.32626 , -2.74037 , -1.32626 , -2.74037 , -1.32626 , -2.74037 , -1.32626
0.922819 , 2.92385 , 0.922819 , 2.92385 , 0.922819 , 2.92385 , 0.922819 , 2.92385
1.47969 , -2.63218 , 1.47969 , -2.63218 , 1.47969 , -2.63218 , 1.47969 , -2.63218
-2.82191 , 0.72046 , -2.82191 , 0.72046 , -2.82191 , 0.72046 , -2.82191 , 0.72046
2.38029 , 1.42734 , 2.38029 , 1.42734 , 2.38029 , 1.42734 , 2.38029 , 1.42734
-0.682271 , -2.55717 , -0.682271 , -2.55717 , -0.682271 , -2.55717 , -0.682271 , -2.55717
-1.21349 , 2.24271 , -1.21349 , 2.24271 , -1.21349 , 2.24271 , -1.21349 , 2.24271
2.35772 , -0.784968 , 2.35772 , -0.784968 , 2.35772 , -0.784968 , 2.35772 , -0.784968
-2.2109 , -1.02358 , -2.2109 , -1.02358 , -2.2109 , -1.02358 , -2.2109 , -1.02358
0.894236 , 2.22058 , 0.894236 , 2.22058 , 0.894236 , 2.22058 , 0.894236 , 2.22058
0.848937 , -2.20566 , 0.848937 , -2.20566 , 0.848937 , -2.20566 , 0.848937 , -2.20566
-2.12106 , 1.03705 , -2.12106 , 1.03705 , -2.12106 , 1.03705 , -2.12106 , 1.03705
2.28532 , 0.714624 , 2.28532 , 0.714624 , 2.28532 , 0.714624 , 2.28532 , 0.714624
-1.14724 , -2.16162 , -1.14724 , -2.16162 , -1.14724 , -2.16162 , -1.14724 , -2.16162
-0.778663 , 2.35458 , -0.778663 , 2.35458 , -0.778663 , 2.35458 , -0.778663 , 2.35458
2.233 , -1.0022 , 2.233 , -1.0022 , 2.233 , -1.0022 , 2.233 , -1.0022
-2.12139 , -0.935374 , -2.12139 , -0.935374 , -2.12139 , -0.935374 , -2.12139 , -0.935374
0.68513 , 1.9743 , 0.68513 , 1.9743 , 0.68513 , 1.9743 , 0.68513 , 1.9743
0.76274 , -1.62803 , 0.76274 , -1.62803 , 0.76274 , -1.62803 , 0.76274 , -1.62803
-1.3715 , 0.663948 , -1.3715 , 0.663948 , -1.3715 , 0.663948 , -1.3715 , 0.663948
1.36635 , 0.180676 , 1.36635 , 0.180676 , 1.36635 , 0.180676 , 1.36635 , 0.180676
-1.08643 , -0.913962 , -1.08643 , -0.913962 , -1.08643 , -0.913962 , -1.08643 , -0.913962
0.350943 , 1.54414 , 0.350943 , 1.54414 , 0.350943 , 1.54414 , 0.350943 , 1.54414
0.853162 , -1.54572 , 0.853162 , -1.54572 , 0.853162 , -1.54572 , 0.853162 , -1.54572
-1.82367 , 0.559664 , -1.82367 , 0.559664 , -1.82367 , 0.559664 , -1.82367 , 0.559664
1.77334 , 0.926633 , 1.77334 , 0.926633 , 1.77334 , 0.926633 , 1.77334 , 0.926633
-0.63678 , -1.96315 , -0.63678 , -1.96315 , -0.63678 , -1.96315 , -0.63678 , -1.96315
-0.935965 , 1.90203 , -0.935965 , 1.90203 , -0.935965 , 1.90203 , -0.935965 , 1.90203
2.05462 , -0.729306 , 2.05462 , -0.729306 , 2.05462 , -0.729306 , 2.05462 , -0.729306
-2.02841 , -0.951354 , -2.02841 , -0.951354 , -2.02841 , -0.951354 , -2.02841 , -0.951354
0.772366 , 2.15294 , 0.772366 , 2.15294 , 0.772366 , 2.15294 , 0.772366 , 2.15294
0.999633 , -2.08133 , 0.999633 , -2.08133 , 0.999633 , -2.08133 , 0.999633 , -2.08133
-2.17482 , 0.751383 , -2.17482 , 0.751383 , -2.17482 , 0.751383 , -2.17482 , 0.751383
2.04315 , 0.98498 , 2.04315 , 0.98498 , 2.04315 , 0.98498 , 2.04315 , 0.98498
-0.770707 , -2.08657 , -0.770707 , -2.08657 , -0.770707 , -2.08657 , -0.770707 , -2.08657
-0.848036 , 2.01958 , -0.848036 , 2.01958 , -0.848036 , 2.01958 , -0.848036 , 2.01958
1.98609 , -0.921129 , 1.98609 , -0.921129 , 1.98609 , -0.921129 , 1.98609 , -0.921129
-2.13422 , -0.668571 , -2.13422 , -0.668571 , -2.13422 , -0.668571 , -2.13422 , -0.668571
1.15108 , 2.02634 , 1.15108 , 2.02634 , 1.15108 , 2.02634 , 1.15108 , 2.02634
0.620594 , -2.37226 , 0.620594 , -2.37226 , 0.620594 , -2.37226 , 0.620594 , -2.37226
-2.23437 , 1.27852 , -2.23437 , 1.27852 , -2.23437 , 1.27852 , -2.23437 , 1.27852
2.55966 , 0.772666 , 2.55966 , 0.772666 , 2.55966 , 0.772666 , 2.55966 , 0.772666
-1.20028 , -2.46052 , -1.20028 , -2.46052 , -1.20028 , -2.46052 , -1.20028 , -2.46052
-1.01277 , 2.57218 , -1.01277 , 2.57218 , -1.01277 , 2.57218 , -1.01277 , 2.57218
2.5778 , -0.984442 , 2.5778 , -0.984442 , 2.5778 , -0.984442 , 2.5778 , -0.984442
-2.43717 , -1.23043 , -2.43717 , -1.23043 , -2.43717 , -1.23043 , -2.43717 , -1.23043
0.709523 , 2.5862 , 0.709523 , 2.5862 , 0.709523 , 2.5862 , 0.709523 , 2.5862
1.41979 , -2.19462 , 1.41979 , -2.19462 , 1.41979 , -2.19462 , 1.41979 , -2.19462
-2.49288 , 0.362267 , -2.49288 , 0.362267 , -2.49288 , 0.362267 , -2.49288 , 0.362267
1.79015 , 1.57391 , 1.79015 , 1.57391 , 1.79015 , 1.57391 , 1.79015 , 1.57391
0.0653856 , -2.18979 , 0.0653856 , -2.18979 , 0.0653856 , -2.18979 , 0.0653856 , -2.18979
-1.53298 , 1.16691 , -1.53298 , 1.16691 , -1.53298 , 1.16691 , -1.53298 , 1.16691
1.54085 , 0.379951 , 1.54085 , 0.379951 , 1.54085 , 0.379951 , 1.54085 , 0.379951
-0.520118 , -1.06235 , -0.520118 , -1.06235 , -0.520118 , -1.06235 , -0.520118 , -1.06235
-0.246319 , 0.702831 , -0.246319 , 0.702831 , -0.246319 , 0.702831 , -0.246319 , 0.702831
0.240648 , -0.267336 , 0.240648 , -0.267336 , 0.240648 , -0.267336 , 0.240648 , -0.267336
-0.1398 , 0.365999 , -0.1398 , 0.365999 , -0.1398 , 0.365999 , -0.1398 , 0.365999
0.563081 , -0.470043 , 0.563081 , -0.470043 , 0.563081 , -0.470043 , 0.563081 , -0.470043
-1.04913 , -0.125513 , -1.04913 , -0.125513 , -1.04913 , -0.125513 , -1.04913 , -0.125513
0.700794 , 1.10094 , 0.700794 , 1.10094 , 0.700794 , 1.10094 , 0.700794 , 1.10094
0.489325 , -1.37867 , 0.489325 , -1.37867 , 0.489325 , -1.37867 , 0.489325 , -1.37867
-1.44987 , 0.470418 , -1.44987 , 0.470418 , -1.44987 , 0.470418 , -1.44987 , 0.470418
1.22587 , 0.844268 , 1.22587 , 0.844268 , 1.22587 , 0.844268 , 1.22587 , 0.844268
-0.0761756 , -1.35749 , -0.0761756 , -1.35749 , -0.0761756 , -1.35749 , -0.0761756 , -1.35749
-0.855075 , 0.763734 , -0.855075 , 0.763734 , -0.855075 , 0.763734 , -0.855075 , 0.763734
0.853837 , 0.116574 , 0.853837 , 0.116574 , 0.853837 , 0.116574 , 0.853837 , 0.116574
-0.32877 , -0.408943 , -0.32877 , -0.408943 , -0.32877 , -0.408943 , -0.32877 , -0.408943
0.126919 , 0.188355 , 0.126919 , 0.188355 , 0.126919 , 0.188355 , 0.126919 , 0.188355
-0.38086 , -0.236397 , -0.38086 , -0.236397 , -0.38086 , -0.236397 , -0.38086 , -0.236397
0.301159 , 0.861481 , 0.301159 , 0.861481 , 0.301159 , 0.861481 , 0.301159 , 0.861481
0.716678 , -1.22335 , 0.716678 , -1.22335 , 0.716678 , -1.22335 , 0.716678 , -1.22335
-1.91284 , 0.232003 , -1.91284 , 0.232003 , -1.91284 , 0.232003 , -1.91284 , 0.232003
1.63551 , 1.77089 , 1.63551 , 1.77089 , 1.63551 , 1.77089 , 1.63551 , 1.77089
0.608197 , -2.77464 , 0.608197 , -2.77464 , 0.608197 , -2.77464 , 0.608197 , -2.77464
-2.95943 , 1.19119 , -2.95943 , 1.19119 , -2.95943 , 1.19119 , -2.95943 , 1.19119
2.84107 , 1.93451 , 2.84107 , 1.93451 , 2.84107 , 1.93451 , 2.84107 , 1.93451
