-1.36089e-07 , -3.51952e-08 , -2.80781e-07 , -5.06807e-08 , -2.5716e-07 , -3.54879e-08 , -1.19189e-05 , 5.28334e-05 , 2.48037e-05 , 1.88974e-06 , 4.85066e-05 , -6.1689e-05 , -3.11642e-07 , 1.36116e-06 , -4.91299e-06 , 2.17039e-06 , 1.41414e-06 , -1.39238e-06 , -1.09075e-06 , 4.76405e-06 , -1.71955e-05 , 7.59635e-06 , 4.9495e-06 , -4.87334e-06 , 
-1.53876e-07 , 6.51625e-07 , 4.85679e-07 , 1.29447e-07 , -6.40836e-07 , -6.24649e-07 , -3.05045e-06 , 7.62191e-05 , 0.00106746 , 0.000545307 , 6.78658e-05 , -0.000342277 , 4.72667e-06 , 5.68899e-06 , -4.35151e-06 , 9.27425e-06 , 7.25576e-07 , -3.50731e-06 , 1.65433e-05 , 1.99115e-05 , -1.52303e-05 , 3.24599e-05 , 2.53951e-06 , -1.22756e-05 , 
-1.09815e-07 , -6.06651e-08 , 9.47524e-05 , -2.64129e-05 , 8.61403e-07 , 1.4466e-06 , 8.99062e-05 , -0.00153047 , 0.0949843 , -0.025341 , 0.00202167 , 0.00210904 , -1.29913e-05 , -2.32731e-05 , 2.99612e-06 , 9.0378e-06 , -0.000237294 , -0.000231261 , -4.54694e-05 , -8.1456e-05 , 1.04864e-05 , 3.16323e-05 , -0.00083053 , -0.000809412 , 
3.84268e-05 , 3.93985e-05 , 1.85671e-05 , -0.00131837 , 2.49758e-05 , 3.54652e-05 , 0.0388416 , 0.037438 , 0.018786 , -1.31521 , 0.0261461 , 0.0366639 , -0.000953142 , -0.00116244 , -0.000114217 , -0.000141556 , -0.0048797 , -0.00497138 , -0.003336 , -0.00406854 , -0.000399759 , -0.000495445 , -0.017079 , -0.0173998 , 
0.000256578 , 0.000277863 , -0.01335 , -0.0261921 , 8.54086e-05 , 0.000127741 , 0.256765 , 0.276116 , -13.1711 , -25.521 , 0.0861241 , 0.129201 , -0.0104995 , -0.0118338 , -0.00111561 , -0.00121562 , -0.0317784 , -0.0322937 , -0.0367484 , -0.0414183 , -0.00390462 , -0.00425467 , -0.111224 , -0.113028 , 
0.00049205 , 0.000538685 , -0.133802 , -0.200782 , -0.000104521 , -3.90157e-05 , 0.49875 , 0.552034 , -118.439 , -169.027 , -0.10586 , -0.0387116 , -0.0481844 , -0.0547024 , -0.00385892 , -0.00366459 , -0.104193 , -0.109962 , -0.168646 , -0.191458 , -0.0135062 , -0.0128261 , -0.364676 , -0.384867 , 
-0.000353224 , -0.000257018 , -0.381772 , -0.431701 , -0.00166965 , -0.00164509 , -0.378949 , -0.27957 , -291.97 , -324.901 , -1.7894 , -1.78522 , -0.109877 , -0.108035 , -0.00609538 , -0.00507886 , -0.16732 , -0.160888 , -0.384568 , -0.378121 , -0.0213338 , -0.017776 , -0.585621 , -0.563107 , 
-0.00391862 , -0.00392347 , -0.247634 , -0.176668 , -0.0064904 , -0.00670679 , -4.054 , -3.99648 , -202.331 , -151.432 , -6.70203 , -6.81403 , -0.130262 , -0.117419 , -0.00376236 , -0.00237321 , -0.105492 , -0.0945707 , -0.455918 , -0.410968 , -0.0131682 , -0.00830622 , -0.369221 , -0.330998 , 
-0.0106726 , -0.0105232 , 0.107123 , 0.150407 , -0.0142675 , -0.0141443 , -10.7036 , -10.7164 , 119.502 , 175.365 , -14.2545 , -14.3496 , -0.225519 , -0.217241 , 0.00275237 , 0.00278539 , -0.0633783 , -0.061808 , -0.789315 , -0.760344 , 0.00963328 , 0.00974885 , -0.221824 , -0.216328 , 
-0.0165673 , -0.0166578 , 0.187643 , 0.188784 , -0.0197381 , -0.0196903 , -17.0687 , -17.1717 , 226.836 , 228.459 , -20.2848 , -20.2463 , -0.379117 , -0.38157 , 0.00692947 , 0.00462601 , 0.0104129 , 0.00831101 , -1.32691 , -1.3355 , 0.0242532 , 0.016191 , 0.036445 , 0.0290885 , 
-0.0165743 , -0.0168809 , 0.0144094 , -0.0224026 , -0.017761 , -0.0177273 , -16.3101 , -16.6274 , 14.5389 , -22.002 , -17.4687 , -17.4543 , -0.391191 , -0.394616 , 0.00486955 , 0.00115153 , 0.112245 , 0.100599 , -1.36917 , -1.38116 , 0.0170434 , 0.00403035 , 0.392856 , 0.352095 , 
-0.00346936 , -0.00351652 , -0.199907 , -0.226459 , -0.00145796 , -0.00150077 , -3.51861 , -3.58835 , -168.472 , -187.473 , -1.44083 , -1.49641 , -0.0773245 , -0.0607863 , -0.000442122 , -0.00252849 , 0.110331 , 0.0989963 , -0.270636 , -0.212752 , -0.00154743 , -0.00884971 , 0.386159 , 0.346487 , 
0.00944406 , 0.00965831 , -0.121554 , -0.0978562 , 0.0154973 , 0.0155279 , 9.72163 , 9.88479 , -108.789 , -89.3588 , 16.0199 , 15.9693 , 0.295421 , 0.257541 , -0.00779099 , -0.00627531 , -0.186949 , -0.158727 , 1.03397 , 0.901393 , -0.0272685 , -0.0219636 , -0.654323 , -0.555543 , 
0.0103886 , 0.0101997 , -0.148106 , -0.107199 , 0.018579 , 0.0188345 , 10.669 , 10.4103 , -129.77 , -97.1227 , 19.225 , 19.3901 , 0.490081 , 0.474696 , -0.0073266 , -0.0039797 , -0.420315 , -0.417837 , 1.71529 , 1.66143 , -0.0256431 , -0.0139289 , -1.4711 , -1.46243 , 
-0.00545372 , -0.00474559 , -0.147773 , -0.175388 , 0.00116874 , 0.00175523 , -5.40507 , -4.74055 , -129.432 , -150.416 , 1.33634 , 1.92299 , 0.161359 , 0.236998 , 0.000396477 , 0.00185885 , -0.105824 , -0.161351 , 0.564756 , 0.829494 , 0.00138767 , 0.00650596 , -0.370385 , -0.564728 , 
-0.0199598 , -0.0189702 , 0.0276644 , -0.035416 , -0.0173612 , -0.0173463 , -19.5729 , -18.5985 , 28.4522 , -34.2698 , -17.0403 , -16.9896 , -0.112622 , -0.125158 , 0.00447862 , 0.00305357 , 0.172315 , 0.193992 , -0.394177 , -0.438053 , 0.0156752 , 0.0106875 , 0.603101 , 0.678973 , 
-0.00933255 , -0.0105591 , 0.0308779 , 0.0378294 , -0.0100369 , -0.0112769 , -9.19929 , -10.3941 , 31.7918 , 39.2484 , -9.88776 , -11.0931 , 0.0929324 , 0.0190852 , -0.00113719 , -0.00222677 , -0.00316143 , 0.0490037 , 0.325264 , 0.0667983 , -0.00398018 , -0.00779368 , -0.011065 , 0.171513 , 
0.00946159 , 0.00782718 , -0.145848 , -0.0809498 , 0.00666636 , 0.00574176 , 9.68197 , 7.95218 , -127.76 , -74.8149 , 6.8068 , 5.83003 , 0.021244 , 0.0638905 , -0.00662996 , -0.00589645 , -0.0624478 , -0.0979763 , 0.0743539 , 0.223617 , -0.0232049 , -0.0206376 , -0.218567 , -0.342917 , 
0.0146417 , 0.0145651 , -0.175691 , -0.176392 , 0.00944196 , 0.0090179 , 15.1686 , 15.0641 , -150.725 , -151.258 , 9.73958 , 9.28682 , -0.302792 , -0.290413 , -0.00450577 , -0.00457736 , 0.0364312 , 0.0191899 , -1.05977 , -1.01644 , -0.0157702 , -0.0160207 , 0.127509 , 0.0671646 , 
0.0061822 , 0.00776635 , -0.040095 , -0.0461208 , -0.00256598 , -0.000889408 , 6.23562 , 7.85742 , -38.5721 , -44.0805 , -2.53834 , -0.858564 , -0.141562 , -0.172961 , -0.00199648 , -0.00411393 , -0.129847 , -0.0959004 , -0.495468 , -0.605363 , -0.00698768 , -0.0143988 , -0.454464 , -0.335651 , 
-0.0166458 , -0.0160879 , 0.0600296 , 0.0679177 , -0.0255134 , -0.0243865 , -16.3968 , -15.8814 , 63.8066 , 72.7956 , -24.9541 , -23.9049 , -0.346978 , -0.330689 , -0.00475933 , -0.00600622 , 0.0708712 , 0.0844886 , -1.21442 , -1.15741 , -0.0166576 , -0.0210218 , 0.248049 , 0.29571 , 
-0.0295982 , -0.0313848 , 0.083218 , 0.073387 , -0.0336191 , -0.0358485 , -28.9606 , -30.6263 , 90.7472 , 79.2196 , -32.7508 , -34.8141 , -0.470892 , -0.448606 , -0.00445449 , -0.00270073 , 0.193292 , 0.169066 , -1.64812 , -1.57012 , -0.0155907 , -0.00945254 , 0.676523 , 0.59173 , 
-0.0169507 , -0.0160942 , -0.0232348 , -0.0227219 , -0.0164847 , -0.0165118 , -16.5838 , -15.7792 , -22.7032 , -22.2046 , -16.0968 , -16.1519 , -0.0279634 , -0.00775515 , 0.00439511 , 0.00415883 , -0.232265 , -0.26949 , -0.0978717 , -0.027143 , 0.0153829 , 0.0145559 , -0.812928 , -0.943213 , 
0.000308063 , 0.00249929 , -0.149121 , -0.1419 , 0.00267172 , 0.00496241 , 0.313991 , 2.53131 , -130.363 , -124.76 , 2.70911 , 5.03913 , 0.190623 , 0.175722 , 0.0107907 , 0.00821457 , -0.376735 , -0.349839 , 0.66718 , 0.615028 , 0.0377676 , 0.028751 , -1.31857 , -1.22444 , 
0.0129788 , 0.0123444 , -0.133423 , -0.16756 , 0.0178066 , 0.0174091 , 13.3474 , 12.7607 , -118.224 , -144.592 , 18.3937 , 18.0796 , 0.0716064 , 0.0362671 , 0.00439993 , 0.0034339 , -0.117525 , -0.08056 , 0.250622 , 0.126935 , 0.0153998 , 0.0120187 , -0.411339 , -0.28196 , 
0.0233517 , 0.0217625 , -0.0996103 , -0.142312 , 0.0305038 , 0.0286125 , 24.1171 , 22.5716 , -90.8612 , -125.333 , 31.7133 , 29.8664 , 0.180338 , 0.13118 , -0.01003 , -0.00873592 , -0.167336 , -0.173906 , 0.631184 , 0.459131 , -0.0351049 , -0.0305757 , -0.585676 , -0.60867 , 
0.0158617 , 0.0157435 , -0.0463247 , -0.0234482 , 0.0235116 , 0.0235605 , 16.3009 , 16.1196 , -44.3843 , -22.9914 , 24.2835 , 24.2526 , 0.0390071 , 0.083594 , -0.0139657 , -0.008254 , -0.106018 , -0.148344 , 0.136525 , 0.292579 , -0.0488799 , -0.028889 , -0.371064 , -0.519204 , 
-0.0186845 , -0.017707 , 0.0122408 , 0.0647309 , -0.0121364 , -0.0110381 , -18.2929 , -17.3637 , 12.3905 , 69.167 , -11.9128 , -10.8226 , -0.363647 , -0.276055 , -0.00471666 , 9.61303e-06 , 0.373025 , 0.341169 , -1.27277 , -0.966193 , -0.0165083 , 3.36456e-05 , 1.30559 , 1.19409 , 
-0.0391226 , -0.0407462 , -0.0818646 , -0.0809022 , -0.0353366 , -0.0364666 , -37.8694 , -39.4112 , -75.7679 , -74.9687 , -34.2814 , -35.3909 , 0.126531 , 0.0489583 , 0.00224643 , -0.00118272 , 0.206757 , 0.288713 , 0.442857 , 0.171354 , 0.0078625 , -0.00413953 , 0.723651 , 1.0105 , 
-0.0293839 , -0.0313147 , -0.149127 , -0.169996 , -0.0290009 , -0.0307451 , -28.9222 , -30.827 , -130.477 , -146.512 , -28.5348 , -30.2645 , 0.380343 , 0.3272 , -0.000588465 , -0.00359207 , -0.26954 , -0.258799 , 1.3312 , 1.1452 , -0.00205963 , -0.0125723 , -0.943389 , -0.905797 , 
-0.019542 , -0.0181065 , 0.104633 , 0.117149 , -0.0245278 , -0.0229099 , -19.4574 , -18.0424 , 116.54 , 132.146 , -24.2876 , -22.7067 , -0.193277 , -0.129924 , 0.002352 , 0.00106256 , -0.0751258 , -0.130245 , -0.676471 , -0.454735 , 0.00823201 , 0.00371896 , -0.26294 , -0.455857 , 
0.00636516 , 0.0106967 , 0.204754 , 0.179667 , -0.00115557 , 0.00314336 , 6.67206 , 11.1877 , 251.714 , 215.854 , -1.20894 , 3.29889 , -0.127825 , -0.0688572 , 0.00109768 , -0.00405013 , 0.0141111 , -0.0339483 , -0.447387 , -0.241 , 0.00384188 , -0.0141755 , 0.049389 , -0.118819 , 
0.0388562 , 0.0401248 , -0.10176 , -0.183812 , 0.0293559 , 0.0309431 , 40.7568 , 42.5579 , -92.668 , -157.047 , 30.5165 , 32.5511 , -0.0754824 , -0.113531 , -0.0129554 , -0.0154419 , -0.0149621 , 0.00824185 , -0.264188 , -0.39736 , -0.0453438 , -0.0540468 , -0.0523675 , 0.0288465 , 
0.0381486 , 0.0323691 , -0.418949 , -0.345499 , 0.028647 , 0.0225455 , 42.1915 , 35.1494 , -318.418 , -269.319 , 31.4605 , 24.2784 , -0.631948 , -0.707523 , -0.0221854 , -0.0196655 , 0.0276132 , 0.160494 , -2.21182 , -2.47633 , -0.0776488 , -0.0688292 , 0.0966461 , 0.56173 , 
0.00262289 , -0.00445626 , -0.0467944 , 0.0119393 , -0.00472482 , -0.0125644 , 2.64276 , -4.39796 , -44.4109 , 12.3972 , -4.70906 , -12.3611 , -0.144418 , -0.19907 , -0.0249406 , -0.0203806 , -0.153129 , -0.0949465 , -0.505465 , -0.696745 , -0.0872921 , -0.0713321 , -0.53595 , -0.332313 , 
-0.0520318 , -0.0459573 , 0.0621877 , 0.0283737 , -0.0531083 , -0.0458421 , -49.901 , -44.1555 , 66.5865 , 29.3263 , -50.8855 , -44.0514 , 0.199372 , 0.347256 , -0.00536161 , -0.00373067 , -0.270606 , -0.470474 , 0.697801 , 1.2154 , -0.0187656 , -0.0130573 , -0.947121 , -1.64666 , 
-0.0423215 , -0.0345098 , 0.108216 , 0.0584642 , -0.0359578 , -0.0266261 , -41.3165 , -33.569 , 121.142 , 62.1707 , -35.3207 , -26.1109 , 0.179317 , 0.265637 , 0.00984295 , 0.0084899 , -0.341938 , -0.462409 , 0.627608 , 0.929729 , 0.0344503 , 0.0297146 , -1.19678 , -1.61843 , 
0.0153542 , 0.0143369 , 0.146601 , 0.142045 , 0.0262013 , 0.0248074 , 15.9117 , 14.9057 , 170.461 , 164.421 , 27.3782 , 25.9183 , 0.0899431 , -0.0657377 , -0.0035862 , 0.00188569 , -0.26508 , -0.096112 , 0.314801 , -0.230082 , -0.0125517 , 0.00659992 , -0.927782 , -0.336392 , 
0.0240023 , 0.0189543 , -0.0544677 , 0.0230391 , 0.0374459 , 0.0308288 , 24.7795 , 19.4019 , -51.6578 , 23.6897 , 39.1184 , 31.9104 , -0.107181 , -0.16752 , -0.0189406 , -0.0119105 , 0.144776 , 0.225632 , -0.375132 , -0.586318 , -0.0662922 , -0.0416868 , 0.506715 , 0.789713 , 
-0.00579151 , -0.00513852 , -0.186603 , -0.126407 , 0.00448507 , 0.00461339 , -5.85601 , -5.13574 , -158.756 , -112.685 , 4.5764 , 4.68327 , -0.344226 , -0.169767 , -0.025801 , -0.0240436 , 0.566553 , 0.365357 , -1.20479 , -0.594186 , -0.0903035 , -0.0841526 , 1.98293 , 1.27875 , 
0.00249319 , 0.00895224 , -0.0251847 , -0.11843 , 0.00759902 , 0.0142064 , 2.62974 , 9.1465 , -24.2565 , -106.056 , 7.82986 , 14.5982 , 0.247622 , 0.26166 , -0.0209807 , -0.0209024 , -0.0941994 , -0.0759696 , 0.866677 , 0.915809 , -0.0734325 , -0.0731583 , -0.329698 , -0.265894 , 
0.00893308 , 0.00772304 , -0.177574 , -0.257127 , 0.010948 , 0.0106683 , 9.21356 , 8.03084 , -151.994 , -208.909 , 11.3032 , 11.1333 , 0.472794 , 0.260949 , -0.0218275 , -0.0264166 , -0.243546 , -0.0491451 , 1.65478 , 0.91332 , -0.0763963 , -0.0924581 , -0.852409 , -0.172008 , 
-0.0276637 , -0.0327042 , -0.124475 , -0.0659912 , -0.0349973 , -0.0394697 , -27.0468 , -31.7751 , -111.347 , -62.1749 , -33.8787 , -38.0037 , -0.331175 , -0.289581 , -0.0399893 , -0.0476755 , 0.312486 , 0.252783 , -1.15911 , -1.01353 , -0.139963 , -0.166864 , 1.0937 , 0.884741 , 
-0.0481192 , -0.0455092 , 0.103959 , 0.124781 , -0.0604656 , -0.0580666 , -46.6465 , -44.4754 , 116.234 , 142.326 , -57.8885 , -56.0444 , -0.481624 , -0.416153 , -0.0467966 , -0.0453927 , 0.358548 , 0.362558 , -1.68568 , -1.45653 , -0.163788 , -0.158875 , 1.25492 , 1.26895 , 
-0.0129796 , -0.011657 , 0.111168 , 0.117846 , -0.0240823 , -0.022503 , -12.9131 , -11.6839 , 124.682 , 133.145 , -23.7094 , -22.3424 , -0.0914555 , -0.078428 , -0.0267544 , -0.025019 , -0.000639254 , 0.0154559 , -0.320094 , -0.274498 , -0.0936404 , -0.0875664 , -0.00223739 , 0.0540958 , 
0.0380709 , 0.0334092 , 0.0604429 , 0.110408 , 0.0285543 , 0.0243807 , 39.9444 , 35.0601 , 64.4459 , 123.887 , 29.7211 , 25.3851 , 0.260746 , 0.267786 , -0.0170584 , -0.0230402 , -0.594385 , -0.621475 , 0.912611 , 0.937252 , -0.0597045 , -0.0806408 , -2.08035 , -2.17516 , 
0.048031 , 0.0502933 , 0.0390591 , 0.0461609 , 0.0413443 , 0.0423544 , 50.5933 , 53.1436 , 40.7686 , 48.5626 , 43.2764 , 44.4169 , 0.269377 , 0.186839 , -0.0196947 , -0.0226947 , -0.827655 , -0.768668 , 0.942821 , 0.653936 , -0.0689314 , -0.0794316 , -2.89679 , -2.69034 , 
0.0120574 , 0.020432 , -0.0629153 , -0.19071 , 0.00865188 , 0.0154348 , 12.4776 , 21.3167 , -59.17 , -161.842 , 8.9249 , 16.0323 , -0.0142516 , 0.0802887 , -0.00101739 , 0.0045263 , -0.343441 , -0.47907 , -0.0498805 , 0.28101 , -0.00356085 , 0.0158421 , -1.20204 , -1.67675 , 
-0.0183596 , -0.0218651 , -0.183301 , -0.184203 , -0.017272 , -0.0202116 , -18.35 , -21.7111 , -156.337 , -156.99 , -17.2867 , -20.099 , -0.35414 , -0.367402 , 0.0512673 , 0.0550052 , 0.241516 , 0.267307 , -1.23949 , -1.28591 , 0.179436 , 0.192518 , 0.845307 , 0.935576 , 
-0.031318 , -0.0354753 , -0.115537 , -0.0336049 , -0.0208017 , -0.0239082 , -30.7699 , -34.3372 , -103.99 , -32.5119 , -20.6565 , -23.4103 , -0.632382 , -0.675266 , 0.064496 , 0.0654241 , 0.471902 , 0.515395 , -2.21334 , -2.36343 , 0.225736 , 0.228985 , 1.65166 , 1.80388 , 
-0.0184911 , -0.0133593 , 0.0427803 , 0.0305583 , -0.00225927 , 0.00279031 , -18.1488 , -13.1824 , 45.2291 , 31.9259 , -2.19884 , 2.85469 , -0.145363 , -0.0188381 , -0.0084984 , -0.00715163 , 0.157592 , -0.0126879 , -0.508771 , -0.0659335 , -0.0297444 , -0.0250307 , 0.551572 , -0.0444076 , 
0.0102399 , 0.00774658 , 0.145557 , 0.118276 , 0.0243868 , 0.0222962 , 10.5867 , 7.9312 , 169.056 , 133.616 , 25.5393 , 23.1144 , 0.4302 , 0.355433 , -0.0894262 , -0.0873542 , -0.217568 , -0.12783 , 1.5057 , 1.24401 , -0.312992 , -0.30574 , -0.761489 , -0.447405 , 
0.00528952 , 0.00134954 , 0.0966172 , 0.0983092 , 0.0170249 , 0.0129556 , 5.39483 , 1.409 , 107.125 , 108.97 , 17.5144 , 13.2745 , 0.406751 , 0.32415 , -0.110396 , -0.108349 , -0.107166 , 0.0241021 , 1.42363 , 1.13452 , -0.386386 , -0.37922 , -0.375081 , 0.0843572 , 
-0.0183518 , -0.0162206 , -0.170201 , -0.140815 , -0.0137898 , -0.0118736 , -18.3385 , -16.168 , -146.299 , -123.661 , -13.8025 , -11.8561 , -0.0302665 , 0.0164408 , -0.0615321 , -0.0657005 , 0.355517 , 0.327315 , -0.105933 , 0.0575428 , -0.215362 , -0.229952 , 1.24431 , 1.1456 , 
-0.00921246 , -0.00750619 , -0.208726 , -0.193457 , -0.0144933 , -0.0124421 , -9.37673 , -7.60694 , -174.669 , -163.557 , -14.6695 , -12.5465 , -0.344649 , -0.393638 , 0.00922189 , 0.0030701 , 0.338262 , 0.353756 , -1.20627 , -1.37773 , 0.0322766 , 0.0107454 , 1.18392 , 1.23815 , 
0.0199361 , 0.0209027 , 0.0716237 , 0.0583641 , 0.00687299 , 0.00834776 , 20.5178 , 21.4381 , 77.2468 , 62.2741 , 7.07588 , 8.51346 , 0.110599 , 0.206098 , 0.0239468 , 0.0249571 , -0.236632 , -0.340556 , 0.387098 , 0.721344 , 0.0838137 , 0.0873498 , -0.828211 , -1.19195 , 
0.0267837 , 0.0242996 , 0.133775 , 0.108173 , 0.0095081 , 0.00748367 , 28.0972 , 25.3117 , 153.546 , 120.963 , 9.84297 , 7.75055 , 0.373432 , 0.335961 , -0.00264669 , 0.00312358 , -0.484517 , -0.421227 , 1.30701 , 1.17586 , -0.00926341 , 0.0109325 , -1.69581 , -1.47429 , 
-0.00233341 , -0.0028305 , 0.0261645 , 0.0139321 , -0.0207862 , -0.0209703 , -1.92454 , -2.67192 , 26.9215 , 14.1828 , -19.9139 , -20.3454 , -0.236244 , -0.281302 , -0.0223376 , -0.0237331 , -0.145141 , -0.098943 , -0.826855 , -0.984556 , -0.0781817 , -0.0830659 , -0.507993 , -0.346301 , 
-0.0246328 , -0.0202264 , -0.132733 , -0.112998 , -0.0386328 , -0.0357406 , -24.4245 , -20.074 , -117.909 , -101.968 , -37.7903 , -34.9619 , -0.693579 , -0.591179 , -0.0379955 , -0.0416092 , 0.131896 , 0.0185941 , -2.42753 , -2.06913 , -0.132984 , -0.145632 , 0.461635 , 0.0650792 , 
-0.0118446 , -0.012697 , -0.115871 , -0.108074 , -0.0163884 , -0.0174276 , -11.6757 , -12.5528 , -104.186 , -97.8094 , -16.0599 , -17.0914 , -0.226291 , -0.407501 , -0.025602 , -0.0187519 , -0.068621 , 0.130361 , -0.792019 , -1.42625 , -0.089607 , -0.0656315 , -0.240173 , 0.456264 , 
0.00840653 , 0.00540617 , 0.0430482 , 0.0432365 , 0.0165028 , 0.015675 , 8.61814 , 5.94818 , 45.0138 , 45.1843 , 16.9118 , 16.4158 , 0.151638 , 0.223195 , 0.0251991 , 0.0312368 , -0.318128 , -0.429132 , 0.530734 , 0.781181 , 0.0881968 , 0.109329 , -1.11345 , -1.50196 , 
0.0142298 , 0.0147239 , 0.0727257 , 0.0807355 , 0.0303447 , 0.0307642 , 14.5478 , 15.0807 , 78.4717 , 87.9693 , 31.4855 , 31.9877 , 0.195166 , 0.392163 , 0.03476 , 0.0346438 , -0.324203 , -0.594927 , 0.68308 , 1.37257 , 0.12166 , 0.121253 , -1.13471 , -2.08224 , 
0.00695146 , 0.00793675 , -0.0129298 , -0.00237058 , 0.0253782 , 0.0246928 , 7.19084 , 8.40505 , -12.7405 , -2.28528 , 26.2141 , 25.6997 , 0.0765375 , -0.0278541 , -0.0166472 , -0.0174598 , -0.0018566 , 0.172155 , 0.267881 , -0.0974893 , -0.0582651 , -0.0611093 , -0.0064981 , 0.602542 , 
-0.011667 , -0.00873891 , -0.0543113 , -0.057911 , 0.00538527 , 0.00776372 , -11.3807 , -8.62546 , -51.3894 , -54.4485 , 5.61693 , 7.92663 , -0.0566013 , -0.0649077 , -0.0516451 , -0.0500851 , 0.325324 , 0.425754 , -0.198105 , -0.227177 , -0.180758 , -0.175298 , 1.13864 , 1.49014 , 
-0.0139608 , -0.0175968 , 0.0419327 , 0.0303319 , -0.0037825 , -0.00671213 , -13.6223 , -17.1888 , 43.7788 , 31.3143 , -3.65484 , -6.58876 , 0.0211392 , 0.0184397 , -0.0214111 , -0.0183674 , 0.161463 , 0.0916197 , 0.0739873 , 0.0645388 , -0.0749387 , -0.064286 , 0.565121 , 0.320669 , 
-0.000119093 , -0.00503226 , 0.0898676 , 0.0908525 , 0.00194618 , -0.0024107 , 0.019628 , -4.87201 , 98.7156 , 99.9649 , 2.08843 , -2.2615 , 0.362498 , 0.245502 , 0.0166873 , 0.012514 , -0.269072 , -0.229975 , 1.26874 , 0.859258 , 0.0584055 , 0.0437989 , -0.941752 , -0.804912 , 
-0.0168625 , -0.012093 , -0.0357818 , -0.0352461 , -0.0231359 , -0.0190807 , -16.3871 , -11.7716 , -34.0093 , -33.6137 , -22.3724 , -18.505 , -0.112504 , -0.0740982 , -0.0209733 , -0.0334297 , 0.264285 , 0.292072 , -0.393765 , -0.259344 , -0.0734066 , -0.117004 , 0.924996 , 1.02225 , 
-0.0190873 , -0.0159257 , -0.187892 , -0.188703 , -0.0336339 , -0.0311754 , -19.1072 , -15.9522 , -159.569 , -160.049 , -33.1886 , -30.7528 , -0.728148 , -0.625056 , -0.0913201 , -0.0927539 , 0.792858 , 0.763486 , -2.54852 , -2.18769 , -0.31962 , -0.324639 , 2.775 , 2.6722 , 
0.0213967 , 0.0184889 , -0.123863 , -0.103648 , 0.00561147 , 0.00325379 , 22.0857 , 19.0417 , -110.321 , -93.9701 , 5.81974 , 3.42591 , 0.0634224 , -0.00206571 , -0.0930513 , -0.0874538 , -0.179929 , -0.169771 , 0.221978 , -0.00722998 , -0.32568 , -0.306088 , -0.629753 , -0.594198 , 
0.027716 , 0.0268263 , 0.0594533 , 0.0344472 , 0.0132572 , 0.0145308 , 28.5722 , 27.6682 , 63.3472 , 35.8102 , 13.5042 , 14.8551 , 0.196437 , 0.16926 , -0.0469943 , -0.0496339 , -0.416322 , -0.389263 , 0.68753 , 0.592408 , -0.16448 , -0.173719 , -1.45713 , -1.36242 , 
0.0143322 , 0.0175727 , 0.128747 , 0.0994227 , 0.00462757 , 0.00980738 , 14.8061 , 18.0948 , 146.988 , 110.173 , 4.75935 , 10.0077 , 0.229353 , 0.245252 , 0.00352833 , -9.01357e-07 , -0.563191 , -0.596055 , 0.802734 , 0.858384 , 0.0123492 , -3.15475e-06 , -1.97117 , -2.08619 , 
0.00959756 , 0.00970086 , 0.0319825 , 0.0540713 , 0.00730114 , 0.00611234 , 9.88252 , 10.0511 , 33.0671 , 57.1768 , 7.60758 , 6.4132 , 0.144903 , 0.10837 , 0.0332189 , 0.0371655 , -0.698115 , -0.681511 , 0.507161 , 0.379294 , 0.116266 , 0.130079 , -2.4434 , -2.38529 , 
-0.0149964 , -0.0178686 , -0.0227811 , 0.0311162 , -0.0128715 , -0.0186866 , -14.4509 , -17.2768 , -22.1522 , 32.2734 , -12.4431 , -18.156 , -0.735102 , -0.669382 , 0.0378801 , 0.0360469 , 0.179216 , 0.142679 , -2.57286 , -2.34284 , 0.13258 , 0.126164 , 0.627255 , 0.499377 , 
-0.029657 , -0.0278857 , 0.00803469 , 0.052438 , -0.0220972 , -0.0215566 , -28.6496 , -27.0446 , 8.52293 , 55.6818 , -21.4013 , -20.9592 , -0.524854 , -0.446642 , 0.0167769 , 0.020405 , 0.318479 , 0.239341 , -1.83699 , -1.56325 , 0.0587192 , 0.0714175 , 1.11468 , 0.837694 , 
-0.0124866 , -0.0109073 , -0.157911 , -0.256758 , 0.000194275 , 0.00226537 , -12.6075 , -11.2085 , -137.471 , -208.807 , 0.150416 , 2.32022 , 0.443526 , 0.41922 , 0.0025457 , 0.015965 , -0.273716 , -0.229823 , 1.55234 , 1.46727 , 0.00890994 , 0.0558776 , -0.958005 , -0.80438 , 
-0.00104639 , -0.00598808 , -0.163397 , -0.280985 , 0.0131802 , 0.0092639 , -1.00409 , -6.12135 , -141.252 , -225.083 , 13.625 , 9.77018 , 0.192814 , 0.108555 , 0.0127599 , 0.00460068 , 0.138894 , 0.233798 , 0.67485 , 0.379943 , 0.0446596 , 0.0161024 , 0.486127 , 0.818294 , 
0.00363994 , 0.00244707 , 0.119234 , 0.185858 , 0.021317 , 0.0196681 , 3.681 , 2.52039 , 134.931 , 224.455 , 22.113 , 20.7395 , 0.0221142 , 0.00615003 , -0.00741504 , -0.0135391 , 0.173123 , 0.123668 , 0.0773997 , 0.0215251 , -0.0259526 , -0.0473869 , 0.605929 , 0.432837 , 
0.00112739 , 0.00506344 , 0.174603 , 0.248552 , 0.0154612 , 0.0185864 , 1.17275 , 5.46453 , 208.649 , 316.961 , 16.2777 , 20.3038 , 0.119613 , 0.150761 , -0.0541494 , -0.0431316 , 0.127135 , 0.0629498 , 0.418647 , 0.527664 , -0.189523 , -0.150961 , 0.444973 , 0.220324 , 
0.0015968 , 0.000871196 , 0.00919678 , 0.0217686 , 0.00440934 , 0.00600458 , 1.59684 , 0.877403 , 9.31217 , 22.2748 , 4.45283 , 6.08942 , -0.155531 , -0.123339 , -0.066686 , -0.0668263 , 0.462571 , 0.493552 , -0.544359 , -0.431687 , -0.233401 , -0.233892 , 1.619 , 1.72743 , 
0.0122474 , 0.00899805 , -0.0928517 , -0.144836 , 0.00293638 , 0.000769735 , 12.5454 , 9.29132 , -84.8891 , -126.876 , 3.05088 , 0.858374 , -0.0257146 , -0.0609443 , -0.038064 , -0.0462142 , 0.0684699 , 0.150167 , -0.090001 , -0.213305 , -0.133224 , -0.16175 , 0.239645 , 0.525583 , 
0.00220396 , 0.00433006 , -0.0198183 , -0.0625462 , -0.0163307 , -0.0158929 , 2.21104 , 4.37702 , -19.4013 , -58.8805 , -16.0729 , -15.6841 , 0.225278 , 0.176872 , -0.00832951 , -0.00788562 , -0.371747 , -0.412435 , 0.788472 , 0.619052 , -0.0291533 , -0.0275997 , -1.30111 , -1.44352 , 
-0.00826261 , -0.00695714 , -0.0363213 , -0.0302064 , -0.0344369 , -0.0322749 , -8.20407 , -6.88755 , -35.0206 , -29.3062 , -33.3047 , -31.2269 , 0.153964 , 0.218788 , -0.00640866 , 0.00625503 , -0.467584 , -0.487563 , 0.538875 , 0.765758 , -0.0224303 , 0.0218926 , -1.63655 , -1.70647 , 
0.00204986 , 0.000369919 , -0.0474601 , 0.00111356 , -0.0203422 , -0.0211224 , 2.08802 , 0.42416 , -45.1154 , 1.3304 , -19.9596 , -20.6666 , -0.0612828 , -0.0971803 , -0.03608 , -0.0373283 , -0.418459 , -0.287568 , -0.21449 , -0.340131 , -0.12628 , -0.130649 , -1.46461 , -1.00649 , 
-0.00577969 , -0.00365395 , -0.0593465 , -0.0495414 , -0.0144077 , -0.0135775 , -5.67505 , -3.64701 , -55.9986 , -47.109 , -14.2161 , -13.4653 , -0.675886 , -0.666212 , -0.0711582 , -0.0879587 , 0.110601 , 0.00903093 , -2.3656 , -2.33174 , -0.249054 , -0.307855 , 0.387105 , 0.0316083 , 
-0.00292703 , -0.0015199 , -0.0332469 , -0.0745813 , 0.00189525 , 0.00323549 , -2.90873 , -1.52427 , -32.0694 , -69.3503 , 1.9252 , 3.25614 , -0.560163 , -0.521172 , -0.0440523 , -0.0468956 , 0.0555553 , -0.0592087 , -1.96057 , -1.8241 , -0.154183 , -0.164135 , 0.194443 , -0.207231 , 
0.0289753 , 0.026449 , 0.105472 , 0.0900863 , 0.0358452 , 0.0326623 , 30.2494 , 27.4688 , 117.765 , 99.0227 , 37.6482 , 34.0745 , -0.103286 , -0.0956023 , 0.0226343 , 0.0277669 , -0.0387383 , 0.0250407 , -0.361502 , -0.334608 , 0.07922 , 0.0971843 , -0.135584 , 0.0876425 , 
0.0256293 , 0.0262701 , 0.146991 , 0.138988 , 0.0382537 , 0.036642 , 27.1115 , 27.5698 , 171.235 , 160.571 , 40.8015 , 38.741 , 0.0142311 , 0.0205726 , 0.0509797 , 0.0541748 , 0.104137 , 0.173504 , 0.0498087 , 0.072004 , 0.178429 , 0.189612 , 0.364479 , 0.607264 , 
-0.0178749 , -0.0142513 , -0.0685969 , -0.0675007 , 0.00780741 , 0.0103142 , -17.6402 , -14.0706 , -63.9422 , -63.0745 , 7.89972 , 10.4676 , 0.337701 , 0.390175 , 0.0491409 , 0.0493787 , 0.0342105 , -0.0368919 , 1.18195 , 1.36561 , 0.171993 , 0.172825 , 0.119737 , -0.129122 , 
-0.0421804 , -0.0440311 , -0.252838 , -0.206116 , -0.016112 , -0.0144426 , -42.1312 , -43.241 , -206.605 , -173.318 , -16.4752 , -14.5278 , 0.529526 , 0.483503 , 0.0152936 , 0.0093295 , -0.0747153 , -0.159806 , 1.85334 , 1.69226 , 0.0535278 , 0.0326532 , -0.261504 , -0.559321 , 
-0.0365026 , -0.0395183 , 0.018054 , 0.0307768 , -0.0171091 , -0.0186134 , -35.2593 , -38.0846 , 18.4839 , 31.8454 , -16.8532 , -18.3215 , 0.0244761 , -0.0647113 , -0.0273334 , -0.0313814 , -0.0954559 , 0.0648049 , 0.0856662 , -0.226489 , -0.0956668 , -0.109835 , -0.334096 , 0.226817 , 
-0.0169848 , -0.0172202 , 0.137121 , 0.125937 , -0.00912765 , -0.00944173 , -16.9178 , -17.1351 , 158.014 , 143.528 , -9.21075 , -9.46752 , 0.0717335 , 0.15492 , -0.028384 , -0.0205029 , 0.0137153 , -0.033994 , 0.251067 , 0.54222 , -0.0993441 , -0.0717603 , 0.0480034 , -0.118979 , 
0.0203843 , 0.0211074 , 0.0599376 , 0.0182324 , 0.0103971 , 0.0096332 , 20.9033 , 21.7268 , 63.7474 , 18.6099 , 10.56 , 9.83632 , 0.249355 , 0.252146 , -0.0156406 , -0.0123453 , 0.223752 , 0.19049 , 0.872742 , 0.88251 , -0.0547422 , -0.0432087 , 0.78313 , 0.666715 , 
0.0429684 , 0.0434587 , -0.0663174 , -0.118427 , 0.0151934 , 0.0146218 , 45.0068 , 45.657 , -62.1698 , -106.279 , 15.5457 , 14.9835 , -0.192153 , -0.332513 , -0.0242687 , -0.026644 , 0.393746 , 0.567988 , -0.672535 , -1.16379 , -0.0849404 , -0.093254 , 1.37811 , 1.98796 , 
0.0267028 , 0.0259023 , -0.117984 , -0.0463344 , -0.00630877 , -0.00473855 , 27.7287 , 26.7754 , -105.762 , -44.0329 , -6.25601 , -4.6341 , -0.419113 , -0.352914 , -0.0597097 , -0.0543629 , -0.0147845 , -0.0582573 , -1.4669 , -1.2352 , -0.208984 , -0.19027 , -0.0517456 , -0.203901 , 
0.00379347 , 0.00339762 , -0.031886 , 0.0253644 , -0.0220345 , -0.0208776 , 3.81604 , 3.41154 , -30.9251 , 26.0313 , -21.5782 , -20.4565 , -0.152638 , -0.168966 , -0.0688445 , -0.0627215 , -0.492571 , -0.533789 , -0.534235 , -0.591382 , -0.240956 , -0.219525 , -1.724 , -1.86826 , 
-0.00151159 , 0.0012435 , 0.0794046 , 0.00700497 , -0.0162659 , -0.0144491 , -1.49233 , 1.25705 , 86.2443 , 7.12776 , -16.0955 , -14.247 , -0.354911 , -0.352335 , -0.0317803 , -0.0281561 , -0.201143 , -0.30249 , -1.24219 , -1.23317 , -0.111231 , -0.0985465 , -0.703999 , -1.05872 , 
0.00203214 , 0.00491613 , 0.0499239 , 0.0216871 , 0.000462664 , -7.09807e-06 , 2.09605 , 4.95969 , 52.5596 , 22.1583 , 0.512759 , -0.00215315 , -0.418231 , -0.289471 , 0.0177519 , 0.0136092 , -0.203041 , -0.24421 , -1.46381 , -1.01315 , 0.0621318 , 0.0476324 , -0.710643 , -0.854734 , 
0.00112861 , -0.00104415 , -0.0184634 , 0.0509837 , 0.0103124 , 0.00413288 , 1.16858 , -1.03115 , -18.0499 , 53.7423 , 10.4634 , 4.15655 , -0.140167 , -0.148552 , 0.0253163 , 0.0127588 , -0.399669 , -0.251045 , -0.490584 , -0.519933 , 0.0886069 , 0.0446559 , -1.39884 , -0.878656 , 
-0.0125354 , -0.0141871 , -0.0235653 , -0.0385824 , 0.00332488 , 0.00232533 , -12.3796 , -13.9308 , -22.8434 , -37.0121 , 3.38406 , 2.43522 , 0.418754 , 0.346199 , -0.00830125 , -0.00417931 , -0.345299 , -0.421165 , 1.46564 , 1.2117 , -0.0290544 , -0.0146276 , -1.20855 , -1.47408 , 
-0.0356049 , -0.0340951 , -0.113981 , -0.135339 , -0.00514732 , -0.00225996 , -34.5843 , -33.3337 , -102.723 , -119.744 , -4.96307 , -2.07059 , 0.583784 , 0.613173 , -0.0211898 , -0.0127569 , -0.159799 , -0.266531 , 2.04324 , 2.14611 , -0.0741644 , -0.0446492 , -0.559298 , -0.93286 , 
