-1.61442e-07 , -1.26965e-07 , 7.11781e-06 , -4.2334e-06 , -2.57097e-07 , -2.50334e-07 , 1.16475e-05 , 6.14893e-05 , 0.00715989 , -0.0041691 , 8.18506e-06 , 1.09922e-05 , -2.6558e-06 , -3.21322e-06 , 8.5061e-07 , -1.26325e-07 , -5.77221e-07 , -2.99537e-07 , -9.2953e-06 , -1.12463e-05 , 2.97713e-06 , -4.42136e-07 , -2.02027e-06 , -1.04838e-06 , 
2.25194e-06 , 1.74149e-06 , -0.00118602 , -0.000959212 , 1.46357e-06 , 1.93896e-06 , 0.00266629 , 0.00246433 , -1.1846 , -0.958296 , 0.00183485 , 0.00240335 , -0.000150712 , -0.00014806 , 3.22213e-06 , -5.68053e-06 , -0.000121003 , -0.000106352 , -0.000527492 , -0.000518211 , 1.12775e-05 , -1.98819e-05 , -0.000423509 , -0.000372233 , 
2.29302e-05 , 1.9969e-05 , -0.0346696 , -0.0223374 , 2.284e-05 , 2.6371e-05 , 0.0233716 , 0.0209696 , -33.5114 , -21.8504 , 0.0227831 , 0.026816 , -0.00316211 , -0.00260507 , -5.17164e-05 , -5.94471e-05 , -0.00258395 , -0.00218764 , -0.0110674 , -0.00911774 , -0.000181007 , -0.000208065 , -0.00904383 , -0.00765676 , 
2.30672e-06 , -1.33781e-05 , -0.202124 , -0.163374 , 3.92509e-05 , 5.18986e-05 , 0.00288322 , -0.0129485 , -170.038 , -141.33 , 0.0401548 , 0.0538675 , -0.0206004 , -0.0167672 , -0.000262053 , -0.000316256 , -0.0175891 , -0.0146088 , -0.0721014 , -0.0586852 , -0.000917186 , -0.00110689 , -0.061562 , -0.0511307 , 
-0.000598521 , -0.000658983 , -0.387853 , -0.379825 , -0.000447461 , -0.00039792 , -0.642106 , -0.705981 , -295.984 , -290.699 , -0.480989 , -0.425202 , -0.0533592 , -0.0513076 , -0.00062636 , -0.000810637 , -0.0474428 , -0.0456405 , -0.186757 , -0.179576 , -0.00219226 , -0.00283723 , -0.16605 , -0.159742 , 
-0.00419176 , -0.00418714 , -0.131914 , -0.193999 , -0.0033849 , -0.00330617 , -4.22226 , -4.26792 , -117.078 , -164.204 , -3.41497 , -3.37265 , -0.0731813 , -0.0770338 , -0.00108608 , -0.00135852 , -0.0931486 , -0.0947294 , -0.256135 , -0.269618 , -0.00380127 , -0.00475482 , -0.32602 , -0.331553 , 
-0.0125712 , -0.0127217 , 0.130576 , 0.0978674 , -0.0102128 , -0.0102882 , -12.6823 , -12.7017 , 149.228 , 108.129 , -10.3304 , -10.2987 , -0.0461226 , -0.0525361 , -0.00150007 , -0.00142484 , -0.212576 , -0.215603 , -0.161429 , -0.183876 , -0.00525025 , -0.00498693 , -0.744014 , -0.754609 , 
-0.0208568 , -0.0208995 , 0.141935 , 0.122529 , -0.0166527 , -0.0166482 , -20.9341 , -20.8316 , 164.125 , 138.913 , -16.786 , -16.6659 , 0.0177068 , 0.014562 , -0.00180695 , -0.000543923 , -0.382701 , -0.381639 , 0.061974 , 0.0509669 , -0.00632434 , -0.00190373 , -1.33945 , -1.33574 , 
-0.0182499 , -0.0179727 , -0.0603459 , -0.0664885 , -0.0133662 , -0.0133293 , -18.0053 , -17.745 , -57.0731 , -62.5167 , -13.2481 , -13.2192 , 0.00734669 , 0.0132115 , -0.00275329 , -3.64871e-05 , -0.383434 , -0.373133 , 0.0257134 , 0.0462403 , -0.00963652 , -0.000127705 , -1.34202 , -1.30597 , 
-0.00111973 , -0.00130601 , -0.242918 , -0.17972 , 0.0006627 , 0.000446546 , -1.11221 , -1.27426 , -199.018 , -153.664 , 0.71947 , 0.498968 , -0.0934718 , -0.0853261 , -0.00120783 , 0.000422606 , -0.0282169 , -0.0482338 , -0.327151 , -0.298641 , -0.0042274 , 0.00147912 , -0.0987592 , -0.168818 , 
0.0135801 , 0.0136545 , -0.0991942 , -0.0793554 , 0.0108261 , 0.011184 , 13.8951 , 13.9533 , -90.5037 , -73.6944 , 11.031 , 11.3801 , -0.273357 , -0.277882 , 0.000613121 , -0.000752153 , 0.268066 , 0.265474 , -0.956748 , -0.972588 , 0.00214592 , -0.00263253 , 0.938232 , 0.929158 , 
0.0131752 , 0.0135962 , -0.0246549 , -0.0979915 , 0.00612756 , 0.00679941 , 13.3577 , 13.897 , -24.1467 , -89.4888 , 6.18469 , 6.91558 , -0.322235 , -0.332907 , 0.00101341 , -0.00173835 , 0.329756 , 0.361083 , -1.12782 , -1.16517 , 0.00354695 , -0.00608423 , 1.15414 , 1.26379 , 
0.000826177 , 0.000334501 , -0.0470689 , -0.0753859 , -0.00641522 , -0.00708721 , 0.892062 , 0.413356 , -45.0325 , -70.2289 , -6.33603 , -7.01327 , -0.112026 , -0.10445 , 0.00112528 , -0.000531039 , 0.147754 , 0.127475 , -0.392092 , -0.365573 , 0.0039385 , -0.00185864 , 0.517138 , 0.446164 , 
-0.00310293 , -0.00444768 , -0.067189 , -0.00404624 , -0.006885 , -0.00843866 , -3.08352 , -4.41851 , -63.0772 , -4.09589 , -6.8659 , -8.37558 , -0.00314159 , 0.0152183 , 0.000453629 , 0.00129489 , -0.00126009 , -0.0295567 , -0.0109956 , 0.053264 , 0.0015877 , 0.00453212 , -0.0044103 , -0.103448 , 
0.00238575 , 0.00228652 , -0.135128 , -0.0848449 , 0.000612445 , 0.000631069 , 2.41916 , 2.30606 , -119.432 , -78.2159 , 0.61856 , 0.640865 , 0.146698 , 0.112545 , -0.00314936 , -0.000752706 , -0.153092 , -0.105817 , 0.513442 , 0.393909 , -0.0110228 , -0.00263447 , -0.535822 , -0.37036 , 
-0.00228077 , -0.00122704 , -0.166501 , -0.172508 , -0.00215773 , -0.00140617 , -2.29578 , -1.23215 , -143.775 , -148.313 , -2.1829 , -1.42856 , 0.274034 , 0.267739 , -0.00599943 , -0.00522318 , -0.247692 , -0.235746 , 0.959119 , 0.937086 , -0.020998 , -0.0182811 , -0.866922 , -0.82511 , 
-0.00977169 , -0.00695787 , -0.138829 , -0.175634 , -0.00698582 , -0.00475393 , -9.80286 , -7.04128 , -122.411 , -150.524 , -7.03106 , -4.82216 , -0.0703158 , -0.0321323 , -0.00473063 , -0.00644383 , 0.0613818 , 0.0307218 , -0.246105 , -0.112463 , -0.0165572 , -0.0225534 , 0.214836 , 0.107526 , 
-0.0163383 , -0.0149122 , -0.03392 , -0.0868131 , -0.0131145 , -0.0115595 , -16.0461 , -14.7385 , -32.8677 , -80.0552 , -12.9312 , -11.4674 , 0.0301482 , 0.0364292 , 0.000100368 , -0.00242144 , -0.0703061 , -0.0743767 , 0.105519 , 0.127502 , 0.000351289 , -0.00847502 , -0.246071 , -0.260318 , 
-0.0238 , -0.0279761 , 0.114003 , 0.0988161 , -0.0194219 , -0.022954 , -23.5389 , -27.477 , 128.18 , 109.385 , -19.2954 , -22.6573 , 0.174651 , 0.174281 , 0.00209908 , 0.000466703 , -0.255903 , -0.255848 , 0.61128 , 0.609983 , 0.00734678 , 0.00163346 , -0.895661 , -0.895468 , 
-0.0169813 , -0.0198892 , 0.125984 , 0.149064 , -0.0113932 , -0.0141918 , -17.0303 , -20.0674 , 143.459 , 173.73 , -11.4843 , -14.3855 , -0.144899 , -0.158435 , 3.53515e-05 , -0.00140934 , -0.0512643 , -0.0418328 , -0.507145 , -0.554523 , 0.00012373 , -0.00493268 , -0.179425 , -0.146415 , 
0.000945941 , 0.00380185 , -0.0228987 , 0.0133127 , 0.00525553 , 0.00791091 , 0.940549 , 3.80978 , -22.3492 , 13.5256 , 5.27686 , 7.97109 , -0.356453 , -0.383496 , -0.00284638 , -0.00482003 , -0.0747481 , -0.0460202 , -1.24758 , -1.34223 , -0.00996233 , -0.0168701 , -0.261618 , -0.161071 , 
0.017141 , 0.0201935 , -0.193291 , -0.17724 , 0.0201457 , 0.0231738 , 17.9497 , 21.0929 , -163.829 , -152.028 , 21.1561 , 24.279 , -0.267712 , -0.259504 , -0.00280501 , -0.00299022 , -0.202958 , -0.232125 , -0.936993 , -0.908265 , -0.00981754 , -0.0104658 , -0.710354 , -0.812439 , 
0.0247989 , 0.0241558 , -0.232467 , -0.212328 , 0.0260856 , 0.0257626 , 26.2486 , 25.4555 , -192.017 , -177.646 , 27.6495 , 27.1995 , -0.26209 , -0.245775 , -0.00353391 , -0.00142678 , 0.106763 , 0.0860735 , -0.917316 , -0.860212 , -0.0123687 , -0.00499373 , 0.373671 , 0.301257 , 
0.00790287 , 0.00484627 , -0.121424 , -0.155616 , 0.00457413 , 0.00204428 , 8.21499 , 5.09605 , -108.707 , -135.48 , 4.87199 , 2.29789 , -0.135545 , -0.15045 , -0.00296228 , 0.000524042 , 0.103275 , 0.152488 , -0.474406 , -0.526574 , -0.010368 , 0.00183415 , 0.361464 , 0.533709 , 
-0.0197231 , -0.0217536 , 0.00828803 , -0.0382376 , -0.0260211 , -0.0285545 , -19.2949 , -21.2154 , 8.30855 , -36.9289 , -25.2666 , -27.6379 , 0.189022 , 0.212927 , -0.00131024 , -0.000183666 , -0.207986 , -0.252085 , 0.661577 , 0.745244 , -0.00458584 , -0.000642832 , -0.72795 , -0.882298 , 
-0.0211974 , -0.0201056 , 0.00785784 , 0.0349514 , -0.0284473 , -0.0276445 , -20.7058 , -19.6534 , 7.86423 , 36.2061 , -27.5914 , -26.8303 , 0.13792 , 0.186326 , 0.000825676 , -0.000168163 , -0.150127 , -0.221342 , 0.482719 , 0.652142 , 0.00288987 , -0.00058857 , -0.525444 , -0.774696 , 
-0.00975373 , -0.0073862 , -0.0397323 , 0.00275592 , -0.0170688 , -0.0144597 , -9.51563 , -7.09987 , -38.2458 , 2.72492 , -16.6435 , -14.0102 , -0.202667 , -0.270162 , -0.000791973 , 0.00200846 , 0.236368 , 0.327402 , -0.709336 , -0.945566 , -0.00277191 , 0.0070296 , 0.827287 , 1.14591 , 
-0.00803516 , -0.00668103 , 0.0356068 , -0.000917812 , -0.0133324 , -0.012674 , -7.95203 , -6.57442 , 36.9073 , -0.837267 , -13.1461 , -12.4478 , -0.0653161 , -0.147173 , -0.00225608 , 0.00260612 , 0.103516 , 0.201035 , -0.228607 , -0.515107 , -0.00789627 , 0.00912143 , 0.362306 , 0.703623 , 
0.00270864 , 0.00253089 , 0.090329 , 0.039069 , 0.00171371 , 0.00106477 , 2.83013 , 2.75069 , 99.2428 , 40.767 , 1.79411 , 1.23675 , 0.147577 , 0.214932 , -0.00322452 , -0.00308925 , -0.189361 , -0.262917 , 0.51652 , 0.752262 , -0.0112858 , -0.0108124 , -0.662763 , -0.920209 , 
0.0202416 , 0.019445 , -0.0560983 , -0.0654046 , 0.0219766 , 0.021392 , 20.7028 , 19.87 , -53.1565 , -61.4368 , 22.5127 , 21.8988 , 0.115541 , 0.203577 , -0.00297511 , -0.00609844 , -0.0716911 , -0.138885 , 0.404393 , 0.71252 , -0.0104129 , -0.0213445 , -0.250919 , -0.486098 , 
0.0101532 , 0.0107135 , -0.248804 , -0.196896 , 0.013692 , 0.0147469 , 10.6157 , 11.1501 , -203.148 , -166.292 , 14.3586 , 15.3858 , 0.303372 , 0.276664 , -0.000637656 , -0.00494804 , -0.15006 , -0.120763 , 1.0618 , 0.968323 , -0.0022318 , -0.0173182 , -0.525211 , -0.422671 , 
-0.015299 , -0.013284 , -0.181423 , -0.108369 , -0.00757139 , -0.00543394 , -15.47 , -13.2541 , -154.776 , -97.8064 , -7.71237 , -5.45558 , -0.125376 , -0.192868 , -0.00236336 , -0.00813633 , -0.0674613 , 0.00683905 , -0.438816 , -0.675039 , -0.00827178 , -0.0284771 , -0.236114 , 0.0239367 , 
-0.0294766 , -0.0313333 , -0.0281603 , -0.0389138 , -0.0210168 , -0.0217854 , -28.6141 , -30.4162 , -27.39 , -37.5343 , -20.5693 , -21.3562 , -0.481577 , -0.482632 , -0.00178946 , -0.00601158 , 0.127793 , 0.110562 , -1.68552 , -1.68921 , -0.00626311 , -0.0210405 , 0.447274 , 0.386968 , 
-0.020673 , -0.0248061 , 0.0963108 , 0.00919184 , -0.0133617 , -0.0167703 , -20.4704 , -24.2165 , 106.326 , 9.24813 , -13.3212 , -16.504 , -0.388606 , -0.282965 , -0.00116624 , -0.00135799 , 0.0743964 , -0.0934861 , -1.36012 , -0.990378 , -0.00408183 , -0.00475296 , 0.260387 , -0.327201 , 
-0.00418423 , -0.00396412 , 0.0689475 , 0.0360214 , 0.000616371 , 4.40082e-05 , -3.84806 , -3.86736 , 74.0202 , 37.3921 , 0.918907 , 0.122064 , -0.253021 , -0.24369 , -0.00862268 , -0.00640239 , -0.125605 , -0.127685 , -0.885572 , -0.852914 , -0.0301794 , -0.0224084 , -0.439617 , -0.446899 , 
0.0004571 , 0.00399685 , -0.114181 , -0.0260807 , -0.00155414 , 0.00250046 , 0.632214 , 4.16476 , -102.746 , -25.4622 , -1.32615 , 2.72591 , 0.278515 , 0.0707709 , -0.0275478 , -0.0215737 , -0.634297 , -0.36117 , 0.974803 , 0.247698 , -0.0964172 , -0.0755079 , -2.22004 , -1.2641 , 
0.00781992 , 0.00917492 , -0.0671565 , -0.0430473 , 0.000969081 , 0.00300975 , 8.39111 , 9.35021 , -62.9862 , -41.2847 , 1.37429 , 3.07569 , 0.413812 , 0.410524 , -0.0499258 , -0.0413722 , -0.419391 , -0.454444 , 1.44834 , 1.43683 , -0.17474 , -0.144803 , -1.46787 , -1.59055 , 
0.0178727 , 0.0153522 , 0.0992394 , 0.0579233 , 0.010089 , 0.00633364 , 18.4993 , 15.842 , 109.98 , 61.5122 , 10.4143 , 6.62461 , -0.29673 , 0.0147661 , -0.0532935 , -0.048332 , 0.366015 , 0.0411435 , -1.03855 , 0.0516814 , -0.186527 , -0.169162 , 1.28105 , 0.144002 , 
-0.00567988 , -0.000779239 , 0.0752586 , 0.0457113 , -0.0144873 , -0.0114578 , -5.53875 , -0.779922 , 81.3107 , 48.067 , -14.254 , -11.3606 , -0.260584 , -0.365816 , -0.0327454 , -0.035406 , 0.307355 , 0.456788 , -0.912043 , -1.28035 , -0.114609 , -0.123921 , 1.07574 , 1.59876 , 
-0.0261435 , -0.0246964 , -0.0698759 , -0.109178 , -0.0339666 , -0.0330251 , -25.7092 , -24.3529 , -65.4741 , -98.7985 , -33.1411 , -32.3142 , 0.0364609 , -0.244197 , 0.0106848 , 0.00745633 , 0.0736843 , 0.38097 , 0.127613 , -0.854689 , 0.0373969 , 0.0260971 , 0.257895 , 1.33339 , 
0.00257947 , -0.00998889 , -0.154649 , -0.0784443 , -0.00181324 , -0.0140858 , 2.70002 , -9.95117 , -134.649 , -72.6987 , -1.75818 , -13.9678 , -0.191649 , 0.0642831 , 0.0335184 , 0.0406828 , 0.302087 , -0.0210302 , -0.670773 , 0.224991 , 0.117314 , 0.14239 , 1.05731 , -0.0736057 , 
0.0210863 , 0.0245742 , -0.0311697 , 0.0120567 , 0.0186757 , 0.0226957 , 21.6668 , 25.2168 , -30.2574 , 12.4082 , 19.1491 , 23.2389 , 0.0489253 , 0.0796949 , 0.0167224 , 0.0222534 , 0.0928361 , 0.0881259 , 0.171238 , 0.278932 , 0.0585285 , 0.0778871 , 0.324926 , 0.308441 , 
0.00605463 , 0.017271 , 0.0677297 , -0.0283362 , 0.00939949 , 0.0225245 , 6.1773 , 17.7401 , 72.7252 , -27.5576 , 9.57274 , 23.2046 , 0.186802 , 0.0129948 , -0.0343616 , -0.0401647 , -0.0848617 , 0.178958 , 0.653807 , 0.0454818 , -0.120265 , -0.140576 , -0.297016 , 0.626354 , 
-0.0188753 , -0.0276837 , 0.0165419 , -0.0102972 , -0.00734285 , -0.0162031 , -18.525 , -26.9174 , 16.8922 , -9.98478 , -7.2903 , -15.9553 , 0.146997 , 0.237416 , -0.0843673 , -0.0919044 , -0.236318 , -0.427709 , 0.514488 , 0.830956 , -0.295286 , -0.321666 , -0.827114 , -1.49698 , 
-0.0239483 , -0.0287583 , -0.0516413 , 0.0581484 , -0.00933112 , -0.0174337 , -23.2743 , -28.1199 , -49.1191 , 61.7633 , -9.10974 , -17.2031 , 0.0590542 , 0.150253 , -0.061354 , -0.0634441 , -0.277379 , -0.439413 , 0.20669 , 0.525885 , -0.214739 , -0.222054 , -0.970828 , -1.53795 , 
-0.00527662 , 0.00454877 , -0.00405747 , 0.0362986 , 0.00500361 , 0.0147654 , -5.24497 , 4.59413 , -3.96 , 37.7697 , 5.03783 , 15.0369 , -0.30752 , -0.349404 , 0.00907153 , 0.00510169 , -0.132421 , -0.00408415 , -1.07632 , -1.22291 , 0.0317504 , 0.0178559 , -0.463475 , -0.0142945 , 
-0.00133304 , 0.00144016 , 0.0469365 , -0.0338277 , 0.00397479 , 0.00855715 , -1.26363 , 1.52338 , 49.2503 , -32.6736 , 4.11444 , 8.7648 , -0.149056 , -0.25731 , 0.0457763 , 0.04119 , -0.472341 , -0.370873 , -0.521695 , -0.900584 , 0.160217 , 0.144165 , -1.65319 , -1.29805 , 
0.00215673 , -0.00526349 , 0.0192052 , -0.0522981 , 0.00152743 , -0.00610199 , 2.23454 , -5.21983 , 19.6762 , -49.6134 , 1.58306 , -6.05779 , 0.0706449 , 0.0968954 , 0.0384387 , 0.0390559 , -0.392331 , -0.436841 , 0.247257 , 0.339134 , 0.134535 , 0.136696 , -1.37316 , -1.52894 , 
0.0231125 , 0.0220799 , -0.0555739 , -0.0143784 , 0.0154419 , 0.0131845 , 23.8765 , 22.8105 , -52.5355 , -14.007 , 15.9241 , 13.629 , -0.27988 , -0.188603 , 0.0011674 , 0.00303512 , 0.262744 , 0.186461 , -0.979578 , -0.660111 , 0.00408592 , 0.0106229 , 0.919605 , 0.652613 , 
0.0221857 , 0.024367 , -0.118116 , -0.0504555 , 0.0133529 , 0.0145813 , 22.8874 , 25.0408 , -105.954 , -47.9467 , 13.6907 , 14.8594 , -0.768794 , -0.773179 , -0.0523521 , -0.0495649 , 0.767071 , 0.770341 , -2.69078 , -2.70613 , -0.183232 , -0.173477 , 2.68475 , 2.69619 , 
-0.0263138 , -0.0280912 , -0.0747503 , -0.0839121 , -0.0376701 , -0.0399036 , -25.0009 , -26.6148 , -69.302 , -77.2641 , -35.4464 , -37.4262 , 0.199718 , 0.0341201 , -0.0977147 , -0.0959801 , -0.0257673 , 0.142084 , 0.699013 , 0.11942 , -0.342001 , -0.33593 , -0.0901855 , 0.497293 , 
-0.0635837 , -0.061366 , -0.0388645 , -0.0549357 , -0.0772846 , -0.0743418 , -60.2169 , -58.2442 , -37.6991 , -52.4511 , -72.1832 , -69.653 , 1.20935 , 1.28715 , -0.0477367 , -0.0466363 , -0.993784 , -1.07864 , 4.23272 , 4.50503 , -0.167078 , -0.163227 , -3.47824 , -3.77523 , 
-0.00379931 , -0.000340175 , -0.0277571 , -0.000618052 , -0.0106623 , -0.00846749 , -2.84855 , 0.842762 , -26.4826 , 0.23529 , -9.37668 , -6.90622 , -0.0484224 , 0.0823671 , 0.0315248 , 0.0368491 , 0.173027 , 0.0320474 , -0.169478 , 0.288285 , 0.110337 , 0.128972 , 0.605595 , 0.112166 , 
0.0578842 , 0.0554459 , 0.114294 , 0.112068 , 0.0554165 , 0.0520353 , 62.1978 , 59.4111 , 129.124 , 126.186 , 59.4036 , 55.5694 , -0.625968 , -0.743501 , 0.0138777 , 0.0202585 , 0.790062 , 0.921724 , -2.19089 , -2.60225 , 0.048572 , 0.0709048 , 2.76522 , 3.22603 , 
0.0421834 , 0.0379731 , 0.204811 , 0.160435 , 0.0425002 , 0.0405014 , 46.0143 , 40.7842 , 252.104 , 189.566 , 46.3877 , 43.6281 , -0.165347 , -0.190688 , -0.0358891 , -0.0338219 , 0.349297 , 0.439249 , -0.578715 , -0.667408 , -0.125612 , -0.118377 , 1.22254 , 1.53737 , 
-0.00298037 , -0.00435973 , 0.0772638 , 0.0519113 , 0.00740897 , 0.00921494 , -2.93933 , -4.26989 , 83.7159 , 54.8667 , 7.55488 , 9.38387 , -0.0223962 , 0.0816208 , -0.0433652 , -0.0438021 , 0.0926703 , 0.00186444 , -0.0783866 , 0.285673 , -0.151778 , -0.153307 , 0.324346 , 0.00652553 , 
-0.0324788 , -0.029444 , -0.287432 , -0.20726 , -0.0136891 , -0.0109919 , -32.7564 , -29.3104 , -229.767 , -173.736 , -14.0453 , -11.1438 , 0.065664 , 0.00320783 , 0.0119012 , 0.00928932 , -0.579065 , -0.560499 , 0.229824 , 0.0112274 , 0.0416541 , 0.0325126 , -2.02673 , -1.96175 , 
-0.0233493 , -0.0232453 , -0.192558 , -0.206037 , -0.0063531 , -0.00760155 , -23.3743 , -23.3924 , -162.904 , -172.883 , -6.36833 , -7.72191 , -0.000683188 , -0.0102506 , 0.0538338 , 0.0476863 , -0.541063 , -0.576861 , -0.00239116 , -0.035877 , 0.188418 , 0.166902 , -1.89372 , -2.01901 , 
-0.00869341 , -0.0101403 , 0.0494353 , -0.0206936 , 0.0064568 , 0.00420453 , -8.5429 , -9.94022 , 52.0469 , -20.1668 , 6.60962 , 4.3188 , -0.516236 , -0.467897 , 0.00755113 , 0.00198737 , 0.232187 , 0.172088 , -1.80682 , -1.63764 , 0.0264289 , 0.0069558 , 0.812654 , 0.602308 , 
-0.0279631 , -0.0286717 , 0.00664185 , 0.0437247 , -0.02406 , -0.0243799 , -26.7621 , -27.5008 , 6.88158 , 45.8097 , -22.8818 , -23.2384 , 0.201122 , 0.134104 , -0.0770385 , -0.078158 , -0.731719 , -0.649777 , 0.703928 , 0.469363 , -0.269635 , -0.273553 , -2.56102 , -2.27422 , 
-0.0116569 , -0.0127995 , -0.0107361 , 0.0896704 , -0.0249042 , -0.0242055 , -11.0626 , -12.3754 , -10.3844 , 98.4078 , -23.9821 , -23.5934 , 0.35746 , 0.345482 , -0.104152 , -0.105412 , -0.648284 , -0.662427 , 1.25111 , 1.20919 , -0.36453 , -0.368943 , -2.26899 , -2.31849 , 
0.029841 , 0.0313776 , 0.10499 , 0.104215 , 0.011644 , 0.0118666 , 31.1252 , 32.8732 , 117.061 , 116.185 , 12.0469 , 12.3785 , -0.134565 , -0.0344257 , -0.061834 , -0.0571878 , 0.328067 , 0.173 , -0.470976 , -0.12049 , -0.216419 , -0.200157 , 1.14824 , 0.605499 , 
0.0387008 , 0.0430223 , 0.129579 , 0.0403279 , 0.0209498 , 0.0242948 , 40.9706 , 45.1093 , 148.23 , 42.1286 , 21.8573 , 25.0568 , -0.158677 , -0.2047 , -0.0111709 , -0.0075493 , 0.378001 , 0.499697 , -0.555368 , -0.716451 , -0.0390983 , -0.0264225 , 1.323 , 1.74894 , 
0.025135 , 0.0234464 , -0.0644682 , -0.128333 , 0.0100303 , 0.00924247 , 25.8361 , 24.2622 , -60.6175 , -114.248 , 10.1604 , 9.43729 , -0.374777 , -0.492645 , 0.0108839 , 0.0104958 , 0.484817 , 0.666373 , -1.31172 , -1.72426 , 0.0380938 , 0.0367353 , 1.69686 , 2.33231 , 
-0.00984381 , -0.0161875 , -0.254943 , -0.204526 , -0.0159723 , -0.0225911 , -9.80571 , -15.8518 , -207.369 , -171.868 , -16.0173 , -22.2686 , -0.0122766 , 0.152803 , 0.0171843 , 0.0194872 , 0.329072 , 0.112474 , -0.0429679 , 0.53481 , 0.0601451 , 0.0682051 , 1.15175 , 0.393659 , 
-0.028005 , -0.0251531 , -0.062202 , -0.00716843 , -0.0253907 , -0.0232426 , -27.3116 , -24.5461 , -58.6635 , -7.03411 , -24.8664 , -22.6951 , 0.348497 , 0.349579 , 0.00219436 , 0.00574008 , -0.111608 , -0.11648 , 1.21974 , 1.22353 , 0.00768027 , 0.0200903 , -0.390628 , -0.407682 , 
-0.0102784 , -0.00140147 , 0.0796087 , 0.0763941 , -0.00514111 , 0.0027195 , -10.1423 , -1.33554 , 86.3874 , 82.5979 , -5.04562 , 2.7861 , 0.0872293 , -0.10839 , -0.0358333 , -0.0299314 , 0.0322089 , 0.261551 , 0.305303 , -0.379365 , -0.125416 , -0.10476 , 0.112731 , 0.91543 , 
-0.00794581 , -0.0087307 , 0.07358 , 0.0266758 , 0.00102155 , 0.000542232 , -7.89639 , -8.6429 , 79.3616 , 27.5657 , 1.0332 , 0.565475 , -0.0810853 , 0.0115254 , -0.0230551 , -0.0184782 , 0.184172 , 0.0850775 , -0.283799 , 0.0403391 , -0.0806929 , -0.0646738 , 0.6446 , 0.297771 , 
-0.00938882 , -0.0165603 , 0.0116005 , 0.0175357 , 0.00702031 , 0.00175072 , -9.30117 , -16.2829 , 12.0315 , 17.9986 , 7.06953 , 1.77666 , -0.0984051 , 0.130417 , 0.0313626 , 0.0249909 , -0.099239 , -0.316278 , -0.344418 , 0.45646 , 0.109769 , 0.0874683 , -0.347336 , -1.10697 , 
-0.00319858 , -0.00521048 , -0.00289625 , 0.0464531 , 0.0164995 , 0.0147711 , -3.16541 , -5.19306 , -2.87294 , 48.7255 , 16.7954 , 15.0088 , 0.00871445 , -0.0481647 , 0.0310253 , 0.025591 , -0.54123 , -0.434015 , 0.0305006 , -0.168576 , 0.108589 , 0.0895685 , -1.89431 , -1.51905 , 
-0.00918308 , -0.00711901 , -0.00768112 , -0.00889193 , 0.00689613 , 0.0097781 , -9.10278 , -7.06638 , -7.58925 , -8.8035 , 6.9498 , 9.88748 , 0.112171 , -0.064793 , -0.0179973 , -0.0198317 , -0.640534 , -0.52937 , 0.392597 , -0.226776 , -0.0629905 , -0.0694111 , -2.24187 , -1.8528 , 
-0.00171321 , 0.00100899 , -0.0211311 , -0.0531576 , 0.00401178 , 0.00603113 , -1.62946 , 1.03374 , -20.4348 , -50.3807 , 4.08482 , 6.09185 , -0.172406 , -0.21447 , -0.0526341 , -0.0634013 , -0.267282 , -0.308333 , -0.603422 , -0.750645 , -0.184219 , -0.221904 , -0.935487 , -1.07917 , 
0.0179373 , 0.018189 , -0.0316552 , -0.0670203 , 0.010815 , 0.00887159 , 18.3009 , 18.6087 , -30.6228 , -62.7504 , 10.9681 , 9.01002 , -0.624613 , -0.526304 , -0.0338379 , -0.0353144 , 0.246799 , 0.1318 , -2.18615 , -1.84206 , -0.118433 , -0.1236 , 0.863798 , 0.4613 , 
0.0111554 , 0.00899163 , -0.0295117 , -0.028299 , -0.00288164 , -0.00343289 , 11.3479 , 9.09536 , -28.5025 , -27.4532 , -2.80936 , -3.40225 , -0.301643 , -0.33531 , -0.0056737 , -0.00643901 , 0.138607 , 0.250355 , -1.05575 , -1.17358 , -0.0198579 , -0.0225365 , 0.485124 , 0.876244 , 
-0.00405314 , -0.00513939 , 0.0333665 , 0.0826527 , -0.020598 , -0.0204626 , -4.059 , -5.1398 , 34.6529 , 90.303 , -20.2757 , -20.1686 , 0.140779 , 0.0905631 , -0.0431489 , -0.0447557 , -0.122773 , -0.0472856 , 0.492725 , 0.316971 , -0.151021 , -0.156645 , -0.429705 , -0.165499 , 
-0.0065472 , -0.00412323 , 0.0236309 , 0.0371947 , -0.0256016 , -0.0234227 , -6.5051 , -4.10796 , 24.2792 , 38.7517 , -24.9699 , -22.9214 , 0.287003 , 0.3975 , -0.0895663 , -0.0830191 , -0.174135 , -0.299897 , 1.00451 , 1.39125 , -0.313482 , -0.290567 , -0.609471 , -1.04964 , 
0.00537576 , 0.0051528 , -0.0718546 , -0.135596 , -0.00980735 , -0.0106927 , 5.44734 , 5.22803 , -66.9118 , -119.637 , -9.79103 , -10.7103 , 0.492702 , 0.455053 , -0.0648818 , -0.0622038 , 0.0960652 , 0.180565 , 1.72446 , 1.59268 , -0.227086 , -0.217713 , 0.336228 , 0.631976 , 
0.0127184 , 0.0120607 , -0.0420348 , -0.0336766 , 0.0049191 , -0.000487526 , 12.9347 , 12.2356 , -40.2052 , -32.5022 , 4.99696 , -0.472154 , 0.149436 , 0.104924 , 0.00308728 , 0.0127491 , 0.652548 , 0.57159 , 0.523026 , 0.367232 , 0.0108055 , 0.0446217 , 2.28392 , 2.00057 , 
0.0152837 , 0.0174689 , 0.0599973 , 0.0915683 , 0.00837338 , 0.0096996 , 15.6221 , 17.969 , 64.1178 , 100.732 , 8.49033 , 9.90387 , -0.354325 , -0.272882 , 0.0372106 , 0.0443654 , 0.526571 , 0.448889 , -1.24014 , -0.955088 , 0.130237 , 0.155279 , 1.843 , 1.57111 , 
0.00421407 , 0.00305094 , 0.079837 , 0.0630584 , 0.0116363 , 0.0140248 , 4.44383 , 3.18144 , 86.7166 , 67.2864 , 11.992 , 14.3642 , -0.291509 , -0.320945 , 0.0112966 , 0.0143974 , 0.12519 , 0.291014 , -1.02028 , -1.12331 , 0.039538 , 0.0503908 , 0.438165 , 1.01855 , 
-0.0311833 , -0.0338819 , -0.0658022 , -0.0571655 , -0.000604239 , -0.00236696 , -30.1121 , -32.6011 , -61.7692 , -53.9258 , -0.408234 , -2.12785 , 0.315479 , 0.351253 , -5.41205e-05 , 0.00224142 , -0.452961 , -0.451603 , 1.10418 , 1.22938 , -0.000189422 , 0.00784498 , -1.58536 , -1.58061 , 
-0.040073 , -0.0385175 , -0.140389 , -0.122537 , -0.00582762 , -0.00606618 , -39.0328 , -37.2948 , -123.767 , -109.539 , -5.8008 , -5.86786 , 0.319949 , 0.362887 , 0.0226132 , 0.0177706 , -0.747749 , -0.80267 , 1.11982 , 1.27011 , 0.0791464 , 0.0621971 , -2.61712 , -2.80935 , 
-0.00382424 , -0.00626568 , 0.0843836 , 0.0296393 , 0.0153619 , 0.0148936 , -3.71496 , -6.07583 , 92.0868 , 30.5701 , 15.8404 , 15.3223 , -0.345049 , -0.47723 , 0.0340585 , 0.0305187 , -0.199128 , -0.207931 , -1.20767 , -1.67031 , 0.119205 , 0.106815 , -0.696947 , -0.727757 , 
0.00438768 , 0.0010622 , 0.162362 , 0.129521 , 0.0128859 , 0.0120533 , 4.73335 , 1.20201 , 191.758 , 147.988 , 13.6323 , 12.5857 , -0.476384 , -0.477616 , 0.0117099 , 0.00515515 , -0.145241 , -0.185831 , -1.66735 , -1.67166 , 0.0409846 , 0.018043 , -0.508342 , -0.650408 , 
-0.00205151 , -0.000861951 , -0.0637253 , -0.0128788 , -0.00481315 , -0.00383569 , -2.06405 , -0.876958 , -59.7054 , -12.4215 , -4.76206 , -3.80236 , -0.562063 , -0.417967 , -0.0342403 , -0.04167 , -0.213154 , -0.238526 , -1.96722 , -1.46289 , -0.119841 , -0.145845 , -0.74604 , -0.834839 , 
0.016681 , 0.0197007 , -0.296028 , -0.247308 , -0.000777073 , 0.00154658 , 17.732 , 20.7341 , -235.452 , -201.992 , -0.741538 , 1.60061 , -0.270949 , -0.414327 , -0.0642324 , -0.0732479 , 0.0389734 , 0.122529 , -0.948321 , -1.45014 , -0.224813 , -0.256368 , 0.136407 , 0.428853 , 
0.0184361 , 0.0204446 , 0.0427831 , 0.0188062 , -0.00212662 , -0.000738055 , 18.8225 , 20.9195 , 44.6993 , 19.2347 , -2.10678 , -0.673323 , 0.45532 , 0.416976 , -0.0754898 , -0.079252 , -0.129958 , -0.0925633 , 1.59362 , 1.45942 , -0.264214 , -0.277382 , -0.454854 , -0.323972 , 
0.00657584 , 0.00767716 , 0.215469 , 0.199521 , -0.0132806 , -0.0142205 , 6.96221 , 8.06696 , 267.314 , 244.075 , -13.8834 , -14.684 , 0.278814 , 0.381835 , -0.0587169 , -0.0538426 , -0.0668417 , -0.149853 , 0.975849 , 1.33642 , -0.205509 , -0.188449 , -0.233946 , -0.524485 , 
0.0219244 , 0.0199964 , 0.0869861 , 0.0653896 , -0.00213622 , -0.00509961 , 22.6046 , 20.5014 , 95.2214 , 70.0217 , -2.13475 , -5.03241 , 0.098655 , 0.0671869 , -0.0164728 , -0.0203573 , 0.0687547 , 0.105003 , 0.345292 , 0.235154 , -0.0576548 , -0.0712504 , 0.240641 , 0.367511 , 
0.0215231 , 0.0191234 , -0.0967947 , -0.110311 , 0.0013786 , 0.000333193 , 22.1682 , 19.6431 , -88.1889 , -99.4377 , 1.42669 , 0.347564 , 0.276639 , 0.266026 , 0.012444 , 0.0130698 , 0.445304 , 0.482783 , 0.968237 , 0.931091 , 0.0435541 , 0.0457441 , 1.55857 , 1.68974 , 
-0.0172141 , -0.0146432 , -0.107414 , -0.0630154 , -0.0238105 , -0.0249013 , -17.1191 , -14.4844 , -97.1289 , -59.1449 , -23.5475 , -24.4082 , 0.0906719 , 0.106954 , -0.00195577 , 0.0104046 , 0.845971 , 0.783246 , 0.317351 , 0.374339 , -0.0068452 , 0.0364161 , 2.9609 , 2.74136 , 
-0.0364375 , -0.0366717 , -0.131823 , -0.122902 , -0.0245121 , -0.0264368 , -35.3919 , -35.716 , -116.861 , -109.794 , -24.1348 , -26.0622 , -0.291358 , -0.232797 , -0.0441287 , -0.0341532 , 0.436311 , 0.479624 , -1.01975 , -0.81479 , -0.154451 , -0.119536 , 1.52709 , 1.67869 , 
-0.0207034 , -0.0213822 , 0.00170743 , -0.0511964 , 0.00659819 , 0.00938545 , -20.3151 , -20.9598 , 2.35404 , -48.1478 , 6.65244 , 9.48618 , 0.0694221 , 0.0774528 , -0.0357048 , -0.0233233 , -0.48359 , -0.51924 , 0.242978 , 0.271085 , -0.124967 , -0.0816316 , -1.69256 , -1.81734 , 
-4.34041e-05 , 0.000853728 , 0.14126 , 0.134911 , 0.0316842 , 0.0337866 , 0.0304358 , 0.926092 , 163.404 , 155.091 , 33.2716 , 35.6129 , 0.130282 , 0.0659211 , 0.0320449 , 0.0369947 , -0.628745 , -0.612243 , 0.455988 , 0.230724 , 0.112157 , 0.129481 , -2.20061 , -2.14285 , 
0.00612577 , 0.00134494 , 0.0450637 , 0.0956121 , 0.0364156 , 0.0332673 , 6.18798 , 1.36247 , 47.5849 , 105.794 , 37.8442 , 34.6178 , -0.359315 , -0.315195 , 0.0701129 , 0.0699918 , -0.365913 , -0.290335 , -1.2576 , -1.10318 , 0.245395 , 0.244971 , -1.2807 , -1.01617 , 
-0.00853008 , -0.00843794 , -0.127992 , -0.084844 , 0.0104923 , 0.0117836 , -8.46923 , -8.32475 , -113.855 , -78.3216 , 10.7816 , 12.0667 , -0.345613 , -0.311228 , 0.0355209 , 0.0317384 , -0.351117 , -0.423032 , -1.20965 , -1.0893 , 0.124323 , 0.111084 , -1.22891 , -1.48061 , 
-0.0142378 , -0.0110767 , 0.0144316 , -0.0197457 , -0.0119494 , -0.0104724 , -14.0254 , -10.919 , 14.6418 , -19.3558 , -11.8045 , -10.3539 , 0.0725597 , -0.0567875 , -0.0122482 , -0.0277493 , -0.379669 , -0.4618 , 0.253959 , -0.198756 , -0.0428688 , -0.0971225 , -1.32884 , -1.6163 , 
0.00566523 , 0.00272371 , 0.0723573 , 0.0371634 , 0.000724242 , -0.00394194 , 5.72154 , 2.73687 , 78.1378 , 38.6553 , 0.735073 , -3.91232 , -0.169911 , -0.23238 , -0.0417881 , -0.0516777 , -0.176196 , -0.126129 , -0.594687 , -0.81333 , -0.146258 , -0.180872 , -0.616686 , -0.441452 , 
0.0173834 , 0.0197178 , -0.0629911 , -0.0663359 , 0.000776652 , 0.00213518 , 17.7257 , 20.1711 , -59.2697 , -62.2031 , 0.795308 , 2.16334 , -0.370123 , -0.254736 , -0.0486503 , -0.0561963 , -0.101507 , -0.0575151 , -1.29543 , -0.891578 , -0.170276 , -0.196687 , -0.355274 , -0.201303 , 
0.0172653 , 0.0191433 , -0.0482766 , -0.0101788 , -0.0172814 , -0.0146615 , 17.6515 , 19.5505 , -45.766 , -9.8846 , -17.0669 , -14.456 , -0.00902512 , 0.0641009 , -0.0328424 , -0.0354444 , 0.118336 , 0.113436 , -0.0315879 , 0.224353 , -0.114948 , -0.124055 , 0.414175 , 0.397026 , 
