0 , 1.41932e+122 , -3.76338e+115
3.33898e-06 , 1.41932e+122 , -3.76338e+115
6.67796e-06 , 1.41932e+122 , -3.76338e+115
1.00169e-05 , 1.41932e+122 , -3.76338e+115
1.33559e-05 , 1.41932e+122 , -3.76338e+115
1.66949e-05 , 1.41932e+122 , -3.76338e+115
2.00339e-05 , 1.41932e+122 , -3.76338e+115
2.33729e-05 , 1.41932e+122 , -3.76338e+115
2.67118e-05 , 1.41932e+122 , -3.76338e+115
3.00508e-05 , 1.41932e+122 , -3.76338e+115
3.33898e-05 , 1.41932e+122 , -3.76338e+115
3.67288e-05 , 1.41932e+122 , -3.76338e+115
4.00678e-05 , 1.41932e+122 , -3.76338e+115
4.34067e-05 , 1.41932e+122 , -3.76338e+115
4.67457e-05 , 1.41932e+122 , -3.76338e+115
5.00847e-05 , 1.41932e+122 , -3.76338e+115
5.34237e-05 , 1.41932e+122 , -3.76338e+115
5.67627e-05 , 1.41932e+122 , -3.76338e+115
6.01016e-05 , 1.41932e+122 , -3.76337e+115
6.34406e-05 , 1.41932e+122 , -3.76337e+115
6.67796e-05 , 1.41932e+122 , -3.76337e+115
7.01186e-05 , 1.41932e+122 , -3.76337e+115
7.34576e-05 , 1.41932e+122 , -3.76337e+115
7.67965e-05 , 1.41932e+122 , -3.76337e+115
8.01355e-05 , 1.41932e+122 , -3.76337e+115
8.34745e-05 , 1.41932e+122 , -3.76337e+115
8.68135e-05 , 1.41932e+122 , -3.76337e+115
9.01525e-05 , 1.41932e+122 , -3.76337e+115
9.34914e-05 , 1.41932e+122 , -3.76337e+115
9.68304e-05 , 1.41932e+122 , -3.76337e+115
0.000100169 , 1.41932e+122 , -3.76337e+115
0.000103508 , 1.41932e+122 , -3.76337e+115
0.000106847 , 1.41932e+122 , -3.76337e+115
0.000110186 , 1.41932e+122 , -3.76337e+115
0.000113525 , 1.41932e+122 , -3.76337e+115
0.000116864 , 1.41932e+122 , -3.76337e+115
0.000120203 , 1.41932e+122 , -3.76337e+115
0.000123542 , 1.41932e+122 , -3.76337e+115
0.000126881 , 1.41932e+122 , -3.76337e+115
0.00013022 , 1.41932e+122 , -3.76337e+115
0.000133559 , 1.41932e+122 , -3.76337e+115
0.000136898 , 1.41932e+122 , -3.76337e+115
0.000140237 , 1.41932e+122 , -3.76336e+115
0.000143576 , 1.41932e+122 , -3.76336e+115
0.000146915 , 1.41932e+122 , -3.76336e+115
0.000150254 , 1.41932e+122 , -3.76336e+115
0.000153593 , 1.41932e+122 , -3.76336e+115
0.000156932 , 1.41932e+122 , -3.76336e+115
0.000160271 , 1.41932e+122 , -3.76336e+115
0.00016361 , 1.41932e+122 , -3.76336e+115
0.000166949 , 1.41932e+122 , -3.76336e+115
0.000170288 , 1.41932e+122 , -3.76336e+115
0.000173627 , 1.41932e+122 , -3.76336e+115
0.000176966 , 1.41932e+122 , -3.76336e+115
0.000180305 , 1.41932e+122 , -3.76336e+115
0.000183644 , 1.41932e+122 , -3.76336e+115
0.000186983 , 1.41932e+122 , -3.76336e+115
0.000190322 , 1.41932e+122 , -3.76335e+115
0.000193661 , 1.41932e+122 , -3.76335e+115
0.000197 , 1.41931e+122 , -3.76335e+115
0.000200339 , 1.41931e+122 , -3.76335e+115
0.000203678 , 1.41931e+122 , -3.76335e+115
0.000207017 , 1.41931e+122 , -3.76335e+115
0.000210356 , 1.41931e+122 , -3.76335e+115
0.000213695 , 1.41931e+122 , -3.76335e+115
0.000217034 , 1.41931e+122 , -3.76335e+115
0.000220373 , 1.41931e+122 , -3.76335e+115
0.000223712 , 1.41931e+122 , -3.76335e+115
0.000227051 , 1.41931e+122 , -3.76335e+115
0.00023039 , 1.41931e+122 , -3.76335e+115
0.000233729 , 1.41931e+122 , -3.76334e+115
0.000237068 , 1.41931e+122 , -3.76334e+115
0.000240407 , 1.41931e+122 , -3.76334e+115
0.000243746 , 1.41931e+122 , -3.76334e+115
0.000247085 , 1.41931e+122 , -3.76334e+115
0.000250423 , 1.41931e+122 , -3.76334e+115
0.000253762 , 1.41931e+122 , -3.76334e+115
0.000257101 , 1.41931e+122 , -3.76334e+115
0.00026044 , 1.41931e+122 , -3.76334e+115
0.000263779 , 1.41931e+122 , -3.76334e+115
0.000267118 , 1.41931e+122 , -3.76334e+115
0.000270457 , 1.41931e+122 , -3.76333e+115
0.000273796 , 1.41931e+122 , -3.76333e+115
0.000277135 , 1.41931e+122 , -3.76333e+115
0.000280474 , 1.41931e+122 , -3.76333e+115
0.000283813 , 1.41931e+122 , -3.76333e+115
0.000287152 , 1.41931e+122 , -3.76333e+115
0.000290491 , 1.41931e+122 , -3.76333e+115
0.00029383 , 1.41931e+122 , -3.76333e+115
0.000297169 , 1.41931e+122 , -3.76333e+115
0.000300508 , 1.4193e+122 , -3.76333e+115
0.000303847 , 1.4193e+122 , -3.76332e+115
0.000307186 , 1.4193e+122 , -3.76332e+115
0.000310525 , 1.4193e+122 , -3.76332e+115
0.000313864 , 1.4193e+122 , -3.76332e+115
0.000317203 , 1.4193e+122 , -3.76332e+115
0.000320542 , 1.4193e+122 , -3.76332e+115
0.000323881 , 1.4193e+122 , -3.76332e+115
0.00032722 , 1.4193e+122 , -3.76332e+115
0.000330559 , 1.4193e+122 , -3.76332e+115
0.000333898 , 1.4193e+122 , -3.76331e+115
0.000337237 , 1.4193e+122 , -3.76331e+115
0.000340576 , 1.4193e+122 , -3.76331e+115
0.000343915 , 1.4193e+122 , -3.76331e+115
0.000347254 , 1.4193e+122 , -3.76331e+115
0.000350593 , 1.4193e+122 , -3.76331e+115
0.000353932 , 1.4193e+122 , -3.76331e+115
0.000357271 , 1.4193e+122 , -3.76331e+115
0.00036061 , 1.4193e+122 , -3.7633e+115
0.000363949 , 1.4193e+122 , -3.7633e+115
0.000367288 , 1.4193e+122 , -3.7633e+115
0.000370627 , 1.4193e+122 , -3.7633e+115
0.000373966 , 1.4193e+122 , -3.7633e+115
0.000377305 , 1.41929e+122 , -3.7633e+115
0.000380644 , 1.41929e+122 , -3.7633e+115
0.000383983 , 1.41929e+122 , -3.7633e+115
0.000387322 , 1.41929e+122 , -3.76329e+115
0.000390661 , 1.41929e+122 , -3.76329e+115
0.000394 , 1.41929e+122 , -3.76329e+115
0.000397339 , 1.41929e+122 , -3.76329e+115
0.000400678 , 1.41929e+122 , -3.76329e+115
0.000404017 , 1.41929e+122 , -3.76329e+115
0.000407356 , 1.41929e+122 , -3.76329e+115
0.000410695 , 1.41929e+122 , -3.76328e+115
0.000414034 , 1.41929e+122 , -3.76328e+115
0.000417372 , 1.41929e+122 , -3.76328e+115
0.000420711 , 1.41929e+122 , -3.76328e+115
0.00042405 , 1.41929e+122 , -3.76328e+115
0.000427389 , 1.41929e+122 , -3.76328e+115
0.000430728 , 1.41929e+122 , -3.76328e+115
0.000434067 , 1.41929e+122 , -3.76327e+115
0.000437406 , 1.41929e+122 , -3.76327e+115
0.000440745 , 1.41928e+122 , -3.76327e+115
0.000444084 , 1.41928e+122 , -3.76327e+115
0.000447423 , 1.41928e+122 , -3.76327e+115
0.000450762 , 1.41928e+122 , -3.76327e+115
0.000454101 , 1.41928e+122 , -3.76326e+115
0.00045744 , 1.41928e+122 , -3.76326e+115
0.000460779 , 1.41928e+122 , -3.76326e+115
0.000464118 , 1.41928e+122 , -3.76326e+115
0.000467457 , 1.41928e+122 , -3.76326e+115
0.000470796 , 1.41928e+122 , -3.76326e+115
0.000474135 , 1.41928e+122 , -3.76326e+115
0.000477474 , 1.41928e+122 , -3.76325e+115
0.000480813 , 1.41928e+122 , -3.76325e+115
0.000484152 , 1.41928e+122 , -3.76325e+115
0.000487491 , 1.41928e+122 , -3.76325e+115
0.00049083 , 1.41928e+122 , -3.76325e+115
0.000494169 , 1.41928e+122 , -3.76325e+115
0.000497508 , 1.41927e+122 , -3.76324e+115
0.000500847 , 1.41927e+122 , -3.76324e+115
0.000504186 , 1.41927e+122 , -3.76324e+115
0.000507525 , 1.41927e+122 , -3.76324e+115
0.000510864 , 1.41927e+122 , -3.76324e+115
0.000514203 , 1.41927e+122 , -3.76324e+115
0.000517542 , 1.41927e+122 , -3.76323e+115
0.000520881 , 1.41927e+122 , -3.76323e+115
0.00052422 , 1.41927e+122 , -3.76323e+115
0.000527559 , 1.41927e+122 , -3.76323e+115
0.000530898 , 1.41927e+122 , -3.76323e+115
0.000534237 , 1.41927e+122 , -3.76322e+115
0.000537576 , 1.41927e+122 , -3.76322e+115
0.000540915 , 1.41927e+122 , -3.76322e+115
0.000544254 , 1.41927e+122 , -3.76322e+115
0.000547593 , 1.41926e+122 , -3.76322e+115
0.000550932 , 1.41926e+122 , -3.76322e+115
0.000554271 , 1.41926e+122 , -3.76321e+115
0.00055761 , 1.41926e+122 , -3.76321e+115
0.000560949 , 1.41926e+122 , -3.76321e+115
0.000564288 , 1.41926e+122 , -3.76321e+115
0.000567627 , 1.41926e+122 , -3.76321e+115
0.000570966 , 1.41926e+122 , -3.7632e+115
0.000574305 , 1.41926e+122 , -3.7632e+115
0.000577644 , 1.41926e+122 , -3.7632e+115
0.000580983 , 1.41926e+122 , -3.7632e+115
0.000584321 , 1.41926e+122 , -3.7632e+115
0.00058766 , 1.41926e+122 , -3.76319e+115
0.000590999 , 1.41926e+122 , -3.76319e+115
0.000594338 , 1.41925e+122 , -3.76319e+115
0.000597677 , 1.41925e+122 , -3.76319e+115
0.000601016 , 1.41925e+122 , -3.76319e+115
0.000604355 , 1.41925e+122 , -3.76318e+115
0.000607694 , 1.41925e+122 , -3.76318e+115
0.000611033 , 1.41925e+122 , -3.76318e+115
0.000614372 , 1.41925e+122 , -3.76318e+115
0.000617711 , 1.41925e+122 , -3.76318e+115
0.00062105 , 1.41925e+122 , -3.76317e+115
0.000624389 , 1.41925e+122 , -3.76317e+115
0.000627728 , 1.41925e+122 , -3.76317e+115
0.000631067 , 1.41925e+122 , -3.76317e+115
0.000634406 , 1.41925e+122 , -3.76317e+115
0.000637745 , 1.41924e+122 , -3.76316e+115
0.000641084 , 1.41924e+122 , -3.76316e+115
0.000644423 , 1.41924e+122 , -3.76316e+115
0.000647762 , 1.41924e+122 , -3.76316e+115
0.000651101 , 1.41924e+122 , -3.76315e+115
0.00065444 , 1.41924e+122 , -3.76315e+115
0.000657779 , 1.41924e+122 , -3.76315e+115
0.000661118 , 1.41924e+122 , -3.76315e+115
0.000664457 , 1.41924e+122 , -3.76315e+115
0.000667796 , 1.41924e+122 , -3.76314e+115
0.000671135 , 1.41924e+122 , -3.76314e+115
0.000674474 , 1.41924e+122 , -3.76314e+115
0.000677813 , 1.41923e+122 , -3.76314e+115
0.000681152 , 1.41923e+122 , -3.76313e+115
0.000684491 , 1.41923e+122 , -3.76313e+115
0.00068783 , 1.41923e+122 , -3.76313e+115
0.000691169 , 1.41923e+122 , -3.76313e+115
0.000694508 , 1.41923e+122 , -3.76312e+115
0.000697847 , 1.41923e+122 , -3.76312e+115
0.000701186 , 1.41923e+122 , -3.76312e+115
0.000704525 , 1.41923e+122 , -3.76312e+115
0.000707864 , 1.41923e+122 , -3.76312e+115
0.000711203 , 1.41923e+122 , -3.76311e+115
0.000714542 , 1.41922e+122 , -3.76311e+115
0.000717881 , 1.41922e+122 , -3.76311e+115
0.00072122 , 1.41922e+122 , -3.76311e+115
0.000724559 , 1.41922e+122 , -3.7631e+115
0.000727898 , 1.41922e+122 , -3.7631e+115
0.000731237 , 1.41922e+122 , -3.7631e+115
0.000734576 , 1.41922e+122 , -3.7631e+115
0.000737915 , 1.41922e+122 , -3.76309e+115
0.000741254 , 1.41922e+122 , -3.76309e+115
0.000744593 , 1.41922e+122 , -3.76309e+115
0.000747932 , 1.41922e+122 , -3.76309e+115
0.00075127 , 1.41921e+122 , -3.76308e+115
0.000754609 , 1.41921e+122 , -3.76308e+115
0.000757948 , 1.41921e+122 , -3.76308e+115
0.000761287 , 1.41921e+122 , -3.76308e+115
0.000764626 , 1.41921e+122 , -3.76307e+115
0.000767965 , 1.41921e+122 , -3.76307e+115
0.000771304 , 1.41921e+122 , -3.76307e+115
0.000774643 , 1.41921e+122 , -3.76307e+115
0.000777982 , 1.41921e+122 , -3.76306e+115
0.000781321 , 1.41921e+122 , -3.76306e+115
0.00078466 , 1.4192e+122 , -3.76306e+115
0.000787999 , 1.4192e+122 , -3.76306e+115
0.000791338 , 1.4192e+122 , -3.76305e+115
0.000794677 , 1.4192e+122 , -3.76305e+115
0.000798016 , 1.4192e+122 , -3.76305e+115
0.000801355 , 1.4192e+122 , -3.76304e+115
0.000804694 , 1.4192e+122 , -3.76304e+115
0.000808033 , 1.4192e+122 , -3.76304e+115
0.000811372 , 1.4192e+122 , -3.76304e+115
0.000814711 , 1.4192e+122 , -3.76303e+115
0.00081805 , 1.41919e+122 , -3.76303e+115
0.000821389 , 1.41919e+122 , -3.76303e+115
0.000824728 , 1.41919e+122 , -3.76303e+115
0.000828067 , 1.41919e+122 , -3.76302e+115
0.000831406 , 1.41919e+122 , -3.76302e+115
0.000834745 , 1.41919e+122 , -3.76302e+115
0.000838084 , 1.41919e+122 , -3.76302e+115
0.000841423 , 1.41919e+122 , -3.76301e+115
0.000844762 , 1.41919e+122 , -3.76301e+115
0.000848101 , 1.41919e+122 , -3.76301e+115
0.00085144 , 1.41918e+122 , -3.763e+115
0.000854779 , 1.41918e+122 , -3.763e+115
0.000858118 , 1.41918e+122 , -3.763e+115
0.000861457 , 1.41918e+122 , -3.763e+115
0.000864796 , 1.41918e+122 , -3.76299e+115
0.000868135 , 1.41918e+122 , -3.76299e+115
0.000871474 , 1.41918e+122 , -3.76299e+115
0.000874813 , 1.41918e+122 , -3.76298e+115
0.000878152 , 1.41918e+122 , -3.76298e+115
0.000881491 , 1.41917e+122 , -3.76298e+115
0.00088483 , 1.41917e+122 , -3.76298e+115
0.000888169 , 1.41917e+122 , -3.76297e+115
0.000891508 , 1.41917e+122 , -3.76297e+115
0.000894847 , 1.41917e+122 , -3.76297e+115
0.000898186 , 1.41917e+122 , -3.76296e+115
0.000901525 , 1.41917e+122 , -3.76296e+115
0.000904864 , 1.41917e+122 , -3.76296e+115
0.000908203 , 1.41917e+122 , -3.76295e+115
0.000911542 , 1.41916e+122 , -3.76295e+115
0.000914881 , 1.41916e+122 , -3.76295e+115
0.000918219 , 1.41916e+122 , -3.76295e+115
0.000921558 , 1.41916e+122 , -3.76294e+115
0.000924897 , 1.41916e+122 , -3.76294e+115
0.000928236 , 1.41916e+122 , -3.76294e+115
0.000931575 , 1.41916e+122 , -3.76293e+115
0.000934914 , 1.41916e+122 , -3.76293e+115
0.000938253 , 1.41915e+122 , -3.76293e+115
0.000941592 , 1.41915e+122 , -3.76292e+115
0.000944931 , 1.41915e+122 , -3.76292e+115
0.00094827 , 1.41915e+122 , -3.76292e+115
0.000951609 , 1.41915e+122 , -3.76291e+115
0.000954948 , 1.41915e+122 , -3.76291e+115
0.000958287 , 1.41915e+122 , -3.76291e+115
0.000961626 , 1.41915e+122 , -3.7629e+115
0.000964965 , 1.41915e+122 , -3.7629e+115
0.000968304 , 1.41914e+122 , -3.7629e+115
0.000971643 , 1.41914e+122 , -3.7629e+115
0.000974982 , 1.41914e+122 , -3.76289e+115
0.000978321 , 1.41914e+122 , -3.76289e+115
0.00098166 , 1.41914e+122 , -3.76289e+115
0.000984999 , 1.41914e+122 , -3.76288e+115
0.000988338 , 1.41914e+122 , -3.76288e+115
0.000991677 , 1.41914e+122 , -3.76288e+115
0.000995016 , 1.41913e+122 , -3.76287e+115
0.000998355 , 1.41913e+122 , -3.76287e+115
0.00100169 , 1.41913e+122 , -3.76287e+115
0.00100503 , 1.41913e+122 , -3.76286e+115
0.00100837 , 1.41913e+122 , -3.76286e+115
0.00101171 , 1.41913e+122 , -3.76286e+115
0.00101505 , 1.41913e+122 , -3.76285e+115
0.00101839 , 1.41913e+122 , -3.76285e+115
0.00102173 , 1.41912e+122 , -3.76285e+115
0.00102507 , 1.41912e+122 , -3.76284e+115
0.00102841 , 1.41912e+122 , -3.76284e+115
0.00103174 , 1.41912e+122 , -3.76284e+115
0.00103508 , 1.41912e+122 , -3.76283e+115
0.00103842 , 1.41912e+122 , -3.76283e+115
0.00104176 , 1.41912e+122 , -3.76283e+115
0.0010451 , 1.41911e+122 , -3.76282e+115
0.00104844 , 1.41911e+122 , -3.76282e+115
0.00105178 , 1.41911e+122 , -3.76282e+115
0.00105512 , 1.41911e+122 , -3.76281e+115
0.00105846 , 1.41911e+122 , -3.76281e+115
0.0010618 , 1.41911e+122 , -3.7628e+115
0.00106513 , 1.41911e+122 , -3.7628e+115
0.00106847 , 1.41911e+122 , -3.7628e+115
0.00107181 , 1.4191e+122 , -3.76279e+115
0.00107515 , 1.4191e+122 , -3.76279e+115
0.00107849 , 1.4191e+122 , -3.76279e+115
0.00108183 , 1.4191e+122 , -3.76278e+115
0.00108517 , 1.4191e+122 , -3.76278e+115
0.00108851 , 1.4191e+122 , -3.76278e+115
0.00109185 , 1.4191e+122 , -3.76277e+115
0.00109519 , 1.41909e+122 , -3.76277e+115
0.00109852 , 1.41909e+122 , -3.76277e+115
0.00110186 , 1.41909e+122 , -3.76276e+115
0.0011052 , 1.41909e+122 , -3.76276e+115
0.00110854 , 1.41909e+122 , -3.76275e+115
0.00111188 , 1.41909e+122 , -3.76275e+115
0.00111522 , 1.41909e+122 , -3.76275e+115
0.00111856 , 1.41908e+122 , -3.76274e+115
0.0011219 , 1.41908e+122 , -3.76274e+115
0.00112524 , 1.41908e+122 , -3.76274e+115
0.00112858 , 1.41908e+122 , -3.76273e+115
0.00113191 , 1.41908e+122 , -3.76273e+115
0.00113525 , 1.41908e+122 , -3.76273e+115
0.00113859 , 1.41908e+122 , -3.76272e+115
0.00114193 , 1.41907e+122 , -3.76272e+115
0.00114527 , 1.41907e+122 , -3.76271e+115
0.00114861 , 1.41907e+122 , -3.76271e+115
0.00115195 , 1.41907e+122 , -3.76271e+115
0.00115529 , 1.41907e+122 , -3.7627e+115
0.00115863 , 1.41907e+122 , -3.7627e+115
0.00116197 , 1.41907e+122 , -3.76269e+115
0.0011653 , 1.41906e+122 , -3.76269e+115
0.00116864 , 1.41906e+122 , -3.76269e+115
0.00117198 , 1.41906e+122 , -3.76268e+115
0.00117532 , 1.41906e+122 , -3.76268e+115
0.00117866 , 1.41906e+122 , -3.76268e+115
0.001182 , 1.41906e+122 , -3.76267e+115
0.00118534 , 1.41906e+122 , -3.76267e+115
0.00118868 , 1.41905e+122 , -3.76266e+115
0.00119202 , 1.41905e+122 , -3.76266e+115
0.00119535 , 1.41905e+122 , -3.76266e+115
0.00119869 , 1.41905e+122 , -3.76265e+115
0.00120203 , 1.41905e+122 , -3.76265e+115
0.00120537 , 1.41905e+122 , -3.76264e+115
0.00120871 , 1.41905e+122 , -3.76264e+115
0.00121205 , 1.41904e+122 , -3.76264e+115
0.00121539 , 1.41904e+122 , -3.76263e+115
0.00121873 , 1.41904e+122 , -3.76263e+115
0.00122207 , 1.41904e+122 , -3.76262e+115
0.00122541 , 1.41904e+122 , -3.76262e+115
0.00122874 , 1.41904e+122 , -3.76262e+115
0.00123208 , 1.41903e+122 , -3.76261e+115
0.00123542 , 1.41903e+122 , -3.76261e+115
0.00123876 , 1.41903e+122 , -3.7626e+115
0.0012421 , 1.41903e+122 , -3.7626e+115
0.00124544 , 1.41903e+122 , -3.7626e+115
0.00124878 , 1.41903e+122 , -3.76259e+115
0.00125212 , 1.41903e+122 , -3.76259e+115
0.00125546 , 1.41902e+122 , -3.76258e+115
0.0012588 , 1.41902e+122 , -3.76258e+115
0.00126213 , 1.41902e+122 , -3.76258e+115
0.00126547 , 1.41902e+122 , -3.76257e+115
0.00126881 , 1.41902e+122 , -3.76257e+115
0.00127215 , 1.41902e+122 , -3.76256e+115
0.00127549 , 1.41901e+122 , -3.76256e+115
0.00127883 , 1.41901e+122 , -3.76255e+115
0.00128217 , 1.41901e+122 , -3.76255e+115
0.00128551 , 1.41901e+122 , -3.76255e+115
0.00128885 , 1.41901e+122 , -3.76254e+115
0.00129219 , 1.41901e+122 , -3.76254e+115
0.00129552 , 1.419e+122 , -3.76253e+115
0.00129886 , 1.419e+122 , -3.76253e+115
0.0013022 , 1.419e+122 , -3.76253e+115
0.00130554 , 1.419e+122 , -3.76252e+115
0.00130888 , 1.419e+122 , -3.76252e+115
0.00131222 , 1.419e+122 , -3.76251e+115
0.00131556 , 1.41899e+122 , -3.76251e+115
0.0013189 , 1.41899e+122 , -3.7625e+115
0.00132224 , 1.41899e+122 , -3.7625e+115
0.00132558 , 1.41899e+122 , -3.7625e+115
0.00132891 , 1.41899e+122 , -3.76249e+115
0.00133225 , 1.41899e+122 , -3.76249e+115
0.00133559 , 1.41898e+122 , -3.76248e+115
0.00133893 , 1.41898e+122 , -3.76248e+115
0.00134227 , 1.41898e+122 , -3.76247e+115
0.00134561 , 1.41898e+122 , -3.76247e+115
0.00134895 , 1.41898e+122 , -3.76246e+115
0.00135229 , 1.41898e+122 , -3.76246e+115
0.00135563 , 1.41897e+122 , -3.76246e+115
0.00135896 , 1.41897e+122 , -3.76245e+115
0.0013623 , 1.41897e+122 , -3.76245e+115
0.00136564 , 1.41897e+122 , -3.76244e+115
0.00136898 , 1.41897e+122 , -3.76244e+115
0.00137232 , 1.41897e+122 , -3.76243e+115
0.00137566 , 1.41896e+122 , -3.76243e+115
0.001379 , 1.41896e+122 , -3.76242e+115
0.00138234 , 1.41896e+122 , -3.76242e+115
0.00138568 , 1.41896e+122 , -3.76242e+115
0.00138902 , 1.41896e+122 , -3.76241e+115
0.00139235 , 1.41896e+122 , -3.76241e+115
0.00139569 , 1.41895e+122 , -3.7624e+115
0.00139903 , 1.41895e+122 , -3.7624e+115
0.00140237 , 1.41895e+122 , -3.76239e+115
0.00140571 , 1.41895e+122 , -3.76239e+115
0.00140905 , 1.41895e+122 , -3.76238e+115
0.00141239 , 1.41894e+122 , -3.76238e+115
0.00141573 , 1.41894e+122 , -3.76237e+115
0.00141907 , 1.41894e+122 , -3.76237e+115
0.00142241 , 1.41894e+122 , -3.76237e+115
0.00142574 , 1.41894e+122 , -3.76236e+115
0.00142908 , 1.41894e+122 , -3.76236e+115
0.00143242 , 1.41893e+122 , -3.76235e+115
0.00143576 , 1.41893e+122 , -3.76235e+115
0.0014391 , 1.41893e+122 , -3.76234e+115
0.00144244 , 1.41893e+122 , -3.76234e+115
0.00144578 , 1.41893e+122 , -3.76233e+115
0.00144912 , 1.41893e+122 , -3.76233e+115
0.00145246 , 1.41892e+122 , -3.76232e+115
0.0014558 , 1.41892e+122 , -3.76232e+115
0.00145913 , 1.41892e+122 , -3.76231e+115
0.00146247 , 1.41892e+122 , -3.76231e+115
0.00146581 , 1.41892e+122 , -3.7623e+115
0.00146915 , 1.41891e+122 , -3.7623e+115
0.00147249 , 1.41891e+122 , -3.76229e+115
0.00147583 , 1.41891e+122 , -3.76229e+115
0.00147917 , 1.41891e+122 , -3.76228e+115
0.00148251 , 1.41891e+122 , -3.76228e+115
0.00148585 , 1.4189e+122 , -3.76227e+115
0.00148919 , 1.4189e+122 , -3.76227e+115
0.00149252 , 1.4189e+122 , -3.76227e+115
0.00149586 , 1.4189e+122 , -3.76226e+115
0.0014992 , 1.4189e+122 , -3.76226e+115
0.00150254 , 1.4189e+122 , -3.76225e+115
0.00150588 , 1.41889e+122 , -3.76225e+115
0.00150922 , 1.41889e+122 , -3.76224e+115
0.00151256 , 1.41889e+122 , -3.76224e+115
0.0015159 , 1.41889e+122 , -3.76223e+115
0.00151924 , 1.41889e+122 , -3.76223e+115
0.00152257 , 1.41888e+122 , -3.76222e+115
0.00152591 , 1.41888e+122 , -3.76222e+115
0.00152925 , 1.41888e+122 , -3.76221e+115
0.00153259 , 1.41888e+122 , -3.76221e+115
0.00153593 , 1.41888e+122 , -3.7622e+115
0.00153927 , 1.41887e+122 , -3.7622e+115
0.00154261 , 1.41887e+122 , -3.76219e+115
0.00154595 , 1.41887e+122 , -3.76219e+115
0.00154929 , 1.41887e+122 , -3.76218e+115
0.00155263 , 1.41887e+122 , -3.76218e+115
0.00155596 , 1.41886e+122 , -3.76217e+115
0.0015593 , 1.41886e+122 , -3.76217e+115
0.00156264 , 1.41886e+122 , -3.76216e+115
0.00156598 , 1.41886e+122 , -3.76216e+115
0.00156932 , 1.41886e+122 , -3.76215e+115
0.00157266 , 1.41885e+122 , -3.76215e+115
0.001576 , 1.41885e+122 , -3.76214e+115
0.00157934 , 1.41885e+122 , -3.76214e+115
0.00158268 , 1.41885e+122 , -3.76213e+115
0.00158602 , 1.41885e+122 , -3.76212e+115
0.00158935 , 1.41884e+122 , -3.76212e+115
0.00159269 , 1.41884e+122 , -3.76211e+115
0.00159603 , 1.41884e+122 , -3.76211e+115
0.00159937 , 1.41884e+122 , -3.7621e+115
0.00160271 , 1.41884e+122 , -3.7621e+115
0.00160605 , 1.41883e+122 , -3.76209e+115
0.00160939 , 1.41883e+122 , -3.76209e+115
0.00161273 , 1.41883e+122 , -3.76208e+115
0.00161607 , 1.41883e+122 , -3.76208e+115
0.00161941 , 1.41883e+122 , -3.76207e+115
0.00162274 , 1.41882e+122 , -3.76207e+115
0.00162608 , 1.41882e+122 , -3.76206e+115
0.00162942 , 1.41882e+122 , -3.76206e+115
0.00163276 , 1.41882e+122 , -3.76205e+115
0.0016361 , 1.41882e+122 , -3.76205e+115
0.00163944 , 1.41881e+122 , -3.76204e+115
0.00164278 , 1.41881e+122 , -3.76204e+115
0.00164612 , 1.41881e+122 , -3.76203e+115
0.00164946 , 1.41881e+122 , -3.76202e+115
0.0016528 , 1.41881e+122 , -3.76202e+115
0.00165613 , 1.4188e+122 , -3.76201e+115
0.00165947 , 1.4188e+122 , -3.76201e+115
0.00166281 , 1.4188e+122 , -3.762e+115
0.00166615 , 1.4188e+122 , -3.762e+115
0.00166949 , 1.4188e+122 , -3.76199e+115
0.00167283 , 1.41879e+122 , -3.76199e+115
0.00167617 , 1.41879e+122 , -3.76198e+115
0.00167951 , 1.41879e+122 , -3.76198e+115
0.00168285 , 1.41879e+122 , -3.76197e+115
0.00168618 , 1.41879e+122 , -3.76197e+115
0.00168952 , 1.41878e+122 , -3.76196e+115
0.00169286 , 1.41878e+122 , -3.76195e+115
0.0016962 , 1.41878e+122 , -3.76195e+115
0.00169954 , 1.41878e+122 , -3.76194e+115
0.00170288 , 1.41877e+122 , -3.76194e+115
0.00170622 , 1.41877e+122 , -3.76193e+115
0.00170956 , 1.41877e+122 , -3.76193e+115
0.0017129 , 1.41877e+122 , -3.76192e+115
0.00171624 , 1.41877e+122 , -3.76192e+115
0.00171957 , 1.41876e+122 , -3.76191e+115
0.00172291 , 1.41876e+122 , -3.7619e+115
0.00172625 , 1.41876e+122 , -3.7619e+115
0.00172959 , 1.41876e+122 , -3.76189e+115
0.00173293 , 1.41876e+122 , -3.76189e+115
0.00173627 , 1.41875e+122 , -3.76188e+115
0.00173961 , 1.41875e+122 , -3.76188e+115
0.00174295 , 1.41875e+122 , -3.76187e+115
0.00174629 , 1.41875e+122 , -3.76186e+115
0.00174963 , 1.41874e+122 , -3.76186e+115
0.00175296 , 1.41874e+122 , -3.76185e+115
0.0017563 , 1.41874e+122 , -3.76185e+115
0.00175964 , 1.41874e+122 , -3.76184e+115
0.00176298 , 1.41874e+122 , -3.76184e+115
0.00176632 , 1.41873e+122 , -3.76183e+115
0.00176966 , 1.41873e+122 , -3.76182e+115
0.001773 , 1.41873e+122 , -3.76182e+115
0.00177634 , 1.41873e+122 , -3.76181e+115
0.00177968 , 1.41872e+122 , -3.76181e+115
0.00178302 , 1.41872e+122 , -3.7618e+115
0.00178635 , 1.41872e+122 , -3.7618e+115
0.00178969 , 1.41872e+122 , -3.76179e+115
0.00179303 , 1.41872e+122 , -3.76178e+115
0.00179637 , 1.41871e+122 , -3.76178e+115
0.00179971 , 1.41871e+122 , -3.76177e+115
0.00180305 , 1.41871e+122 , -3.76177e+115
0.00180639 , 1.41871e+122 , -3.76176e+115
0.00180973 , 1.4187e+122 , -3.76175e+115
0.00181307 , 1.4187e+122 , -3.76175e+115
0.00181641 , 1.4187e+122 , -3.76174e+115
0.00181974 , 1.4187e+122 , -3.76174e+115
0.00182308 , 1.4187e+122 , -3.76173e+115
0.00182642 , 1.41869e+122 , -3.76173e+115
0.00182976 , 1.41869e+122 , -3.76172e+115
0.0018331 , 1.41869e+122 , -3.76171e+115
0.00183644 , 1.41869e+122 , -3.76171e+115
0.00183978 , 1.41868e+122 , -3.7617e+115
0.00184312 , 1.41868e+122 , -3.7617e+115
0.00184646 , 1.41868e+122 , -3.76169e+115
0.00184979 , 1.41868e+122 , -3.76168e+115
0.00185313 , 1.41867e+122 , -3.76168e+115
0.00185647 , 1.41867e+122 , -3.76167e+115
0.00185981 , 1.41867e+122 , -3.76167e+115
0.00186315 , 1.41867e+122 , -3.76166e+115
0.00186649 , 1.41866e+122 , -3.76165e+115
0.00186983 , 1.41866e+122 , -3.76165e+115
0.00187317 , 1.41866e+122 , -3.76164e+115
0.00187651 , 1.41866e+122 , -3.76164e+115
0.00187985 , 1.41866e+122 , -3.76163e+115
0.00188318 , 1.41865e+122 , -3.76162e+115
0.00188652 , 1.41865e+122 , -3.76162e+115
0.00188986 , 1.41865e+122 , -3.76161e+115
0.0018932 , 1.41865e+122 , -3.7616e+115
0.00189654 , 1.41864e+122 , -3.7616e+115
0.00189988 , 1.41864e+122 , -3.76159e+115
0.00190322 , 1.41864e+122 , -3.76159e+115
0.00190656 , 1.41864e+122 , -3.76158e+115
0.0019099 , 1.41863e+122 , -3.76157e+115
0.00191324 , 1.41863e+122 , -3.76157e+115
0.00191657 , 1.41863e+122 , -3.76156e+115
0.00191991 , 1.41863e+122 , -3.76156e+115
0.00192325 , 1.41862e+122 , -3.76155e+115
0.00192659 , 1.41862e+122 , -3.76154e+115
0.00192993 , 1.41862e+122 , -3.76154e+115
0.00193327 , 1.41862e+122 , -3.76153e+115
0.00193661 , 1.41861e+122 , -3.76152e+115
0.00193995 , 1.41861e+122 , -3.76152e+115
0.00194329 , 1.41861e+122 , -3.76151e+115
0.00194663 , 1.41861e+122 , -3.76151e+115
0.00194996 , 1.41861e+122 , -3.7615e+115
0.0019533 , 1.4186e+122 , -3.76149e+115
0.00195664 , 1.4186e+122 , -3.76149e+115
0.00195998 , 1.4186e+122 , -3.76148e+115
0.00196332 , 1.4186e+122 , -3.76147e+115
0.00196666 , 1.41859e+122 , -3.76147e+115
0.00197 , 1.41859e+122 , -3.76146e+115
0.00197334 , 1.41859e+122 , -3.76145e+115
0.00197668 , 1.41859e+122 , -3.76145e+115
0.00198002 , 1.41858e+122 , -3.76144e+115
0.00198335 , 1.41858e+122 , -3.76144e+115
0.00198669 , 1.41858e+122 , -3.76143e+115
0.00199003 , 1.41858e+122 , -3.76142e+115
0.00199337 , 1.41857e+122 , -3.76142e+115
0.00199671 , 1.41857e+122 , -3.76141e+115
0.00200005 , 1.41857e+122 , -3.7614e+115
0.00200339 , 1.41857e+122 , -3.7614e+115
0.00200673 , 1.41856e+122 , -3.76139e+115
0.00201007 , 1.41856e+122 , -3.76138e+115
0.0020134 , 1.41856e+122 , -3.76138e+115
0.00201674 , 1.41856e+122 , -3.76137e+115
0.00202008 , 1.41855e+122 , -3.76136e+115
0.00202342 , 1.41855e+122 , -3.76136e+115
0.00202676 , 1.41855e+122 , -3.76135e+115
0.0020301 , 1.41855e+122 , -3.76134e+115
0.00203344 , 1.41854e+122 , -3.76134e+115
0.00203678 , 1.41854e+122 , -3.76133e+115
0.00204012 , 1.41854e+122 , -3.76132e+115
0.00204346 , 1.41854e+122 , -3.76132e+115
0.00204679 , 1.41853e+122 , -3.76131e+115
0.00205013 , 1.41853e+122 , -3.7613e+115
0.00205347 , 1.41853e+122 , -3.7613e+115
0.00205681 , 1.41852e+122 , -3.76129e+115
0.00206015 , 1.41852e+122 , -3.76128e+115
0.00206349 , 1.41852e+122 , -3.76128e+115
0.00206683 , 1.41852e+122 , -3.76127e+115
0.00207017 , 1.41851e+122 , -3.76126e+115
0.00207351 , 1.41851e+122 , -3.76126e+115
0.00207685 , 1.41851e+122 , -3.76125e+115
0.00208018 , 1.41851e+122 , -3.76124e+115
0.00208352 , 1.4185e+122 , -3.76124e+115
0.00208686 , 1.4185e+122 , -3.76123e+115
0.0020902 , 1.4185e+122 , -3.76122e+115
0.00209354 , 1.4185e+122 , -3.76122e+115
0.00209688 , 1.41849e+122 , -3.76121e+115
0.00210022 , 1.41849e+122 , -3.7612e+115
0.00210356 , 1.41849e+122 , -3.7612e+115
0.0021069 , 1.41849e+122 , -3.76119e+115
0.00211024 , 1.41848e+122 , -3.76118e+115
0.00211357 , 1.41848e+122 , -3.76118e+115
0.00211691 , 1.41848e+122 , -3.76117e+115
0.00212025 , 1.41848e+122 , -3.76116e+115
0.00212359 , 1.41847e+122 , -3.76116e+115
0.00212693 , 1.41847e+122 , -3.76115e+115
0.00213027 , 1.41847e+122 , -3.76114e+115
0.00213361 , 1.41846e+122 , -3.76114e+115
0.00213695 , 1.41846e+122 , -3.76113e+115
0.00214029 , 1.41846e+122 , -3.76112e+115
0.00214363 , 1.41846e+122 , -3.76111e+115
0.00214696 , 1.41845e+122 , -3.76111e+115
0.0021503 , 1.41845e+122 , -3.7611e+115
0.00215364 , 1.41845e+122 , -3.76109e+115
0.00215698 , 1.41845e+122 , -3.76109e+115
0.00216032 , 1.41844e+122 , -3.76108e+115
0.00216366 , 1.41844e+122 , -3.76107e+115
0.002167 , 1.41844e+122 , -3.76107e+115
0.00217034 , 1.41843e+122 , -3.76106e+115
0.00217368 , 1.41843e+122 , -3.76105e+115
0.00217701 , 1.41843e+122 , -3.76104e+115
0.00218035 , 1.41843e+122 , -3.76104e+115
0.00218369 , 1.41842e+122 , -3.76103e+115
0.00218703 , 1.41842e+122 , -3.76102e+115
0.00219037 , 1.41842e+122 , -3.76102e+115
0.00219371 , 1.41842e+122 , -3.76101e+115
0.00219705 , 1.41841e+122 , -3.761e+115
0.00220039 , 1.41841e+122 , -3.76099e+115
0.00220373 , 1.41841e+122 , -3.76099e+115
0.00220707 , 1.4184e+122 , -3.76098e+115
0.0022104 , 1.4184e+122 , -3.76097e+115
0.00221374 , 1.4184e+122 , -3.76097e+115
0.00221708 , 1.4184e+122 , -3.76096e+115
0.00222042 , 1.41839e+122 , -3.76095e+115
0.00222376 , 1.41839e+122 , -3.76094e+115
0.0022271 , 1.41839e+122 , -3.76094e+115
0.00223044 , 1.41839e+122 , -3.76093e+115
0.00223378 , 1.41838e+122 , -3.76092e+115
0.00223712 , 1.41838e+122 , -3.76092e+115
0.00224046 , 1.41838e+122 , -3.76091e+115
0.00224379 , 1.41837e+122 , -3.7609e+115
0.00224713 , 1.41837e+122 , -3.76089e+115
0.00225047 , 1.41837e+122 , -3.76089e+115
0.00225381 , 1.41837e+122 , -3.76088e+115
0.00225715 , 1.41836e+122 , -3.76087e+115
0.00226049 , 1.41836e+122 , -3.76087e+115
0.00226383 , 1.41836e+122 , -3.76086e+115
0.00226717 , 1.41835e+122 , -3.76085e+115
0.00227051 , 1.41835e+122 , -3.76084e+115
0.00227385 , 1.41835e+122 , -3.76084e+115
0.00227718 , 1.41835e+122 , -3.76083e+115
0.00228052 , 1.41834e+122 , -3.76082e+115
0.00228386 , 1.41834e+122 , -3.76081e+115
0.0022872 , 1.41834e+122 , -3.76081e+115
0.00229054 , 1.41833e+122 , -3.7608e+115
0.00229388 , 1.41833e+122 , -3.76079e+115
0.00229722 , 1.41833e+122 , -3.76078e+115
0.00230056 , 1.41833e+122 , -3.76078e+115
0.0023039 , 1.41832e+122 , -3.76077e+115
0.00230724 , 1.41832e+122 , -3.76076e+115
0.00231057 , 1.41832e+122 , -3.76075e+115
0.00231391 , 1.41831e+122 , -3.76075e+115
0.00231725 , 1.41831e+122 , -3.76074e+115
0.00232059 , 1.41831e+122 , -3.76073e+115
0.00232393 , 1.41831e+122 , -3.76072e+115
0.00232727 , 1.4183e+122 , -3.76072e+115
0.00233061 , 1.4183e+122 , -3.76071e+115
0.00233395 , 1.4183e+122 , -3.7607e+115
0.00233729 , 1.41829e+122 , -3.76069e+115
0.00234062 , 1.41829e+122 , -3.76069e+115
0.00234396 , 1.41829e+122 , -3.76068e+115
0.0023473 , 1.41828e+122 , -3.76067e+115
0.00235064 , 1.41828e+122 , -3.76066e+115
0.00235398 , 1.41828e+122 , -3.76066e+115
0.00235732 , 1.41828e+122 , -3.76065e+115
0.00236066 , 1.41827e+122 , -3.76064e+115
0.002364 , 1.41827e+122 , -3.76063e+115
0.00236734 , 1.41827e+122 , -3.76063e+115
0.00237068 , 1.41826e+122 , -3.76062e+115
0.00237401 , 1.41826e+122 , -3.76061e+115
0.00237735 , 1.41826e+122 , -3.7606e+115
0.00238069 , 1.41826e+122 , -3.7606e+115
0.00238403 , 1.41825e+122 , -3.76059e+115
0.00238737 , 1.41825e+122 , -3.76058e+115
0.00239071 , 1.41825e+122 , -3.76057e+115
0.00239405 , 1.41824e+122 , -3.76056e+115
0.00239739 , 1.41824e+122 , -3.76056e+115
0.00240073 , 1.41824e+122 , -3.76055e+115
0.00240407 , 1.41823e+122 , -3.76054e+115
0.0024074 , 1.41823e+122 , -3.76053e+115
0.00241074 , 1.41823e+122 , -3.76053e+115
0.00241408 , 1.41823e+122 , -3.76052e+115
0.00241742 , 1.41822e+122 , -3.76051e+115
0.00242076 , 1.41822e+122 , -3.7605e+115
0.0024241 , 1.41822e+122 , -3.76049e+115
0.00242744 , 1.41821e+122 , -3.76049e+115
0.00243078 , 1.41821e+122 , -3.76048e+115
0.00243412 , 1.41821e+122 , -3.76047e+115
0.00243746 , 1.4182e+122 , -3.76046e+115
0.00244079 , 1.4182e+122 , -3.76046e+115
0.00244413 , 1.4182e+122 , -3.76045e+115
0.00244747 , 1.41819e+122 , -3.76044e+115
0.00245081 , 1.41819e+122 , -3.76043e+115
0.00245415 , 1.41819e+122 , -3.76042e+115
0.00245749 , 1.41819e+122 , -3.76042e+115
0.00246083 , 1.41818e+122 , -3.76041e+115
0.00246417 , 1.41818e+122 , -3.7604e+115
0.00246751 , 1.41818e+122 , -3.76039e+115
0.00247085 , 1.41817e+122 , -3.76038e+115
0.00247418 , 1.41817e+122 , -3.76038e+115
0.00247752 , 1.41817e+122 , -3.76037e+115
0.00248086 , 1.41816e+122 , -3.76036e+115
0.0024842 , 1.41816e+122 , -3.76035e+115
0.00248754 , 1.41816e+122 , -3.76034e+115
0.00249088 , 1.41815e+122 , -3.76034e+115
0.00249422 , 1.41815e+122 , -3.76033e+115
0.00249756 , 1.41815e+122 , -3.76032e+115
0.0025009 , 1.41815e+122 , -3.76031e+115
0.00250423 , 1.41814e+122 , -3.7603e+115
0.00250757 , 1.41814e+122 , -3.7603e+115
0.00251091 , 1.41814e+122 , -3.76029e+115
0.00251425 , 1.41813e+122 , -3.76028e+115
0.00251759 , 1.41813e+122 , -3.76027e+115
0.00252093 , 1.41813e+122 , -3.76026e+115
0.00252427 , 1.41812e+122 , -3.76025e+115
0.00252761 , 1.41812e+122 , -3.76025e+115
0.00253095 , 1.41812e+122 , -3.76024e+115
0.00253429 , 1.41811e+122 , -3.76023e+115
0.00253762 , 1.41811e+122 , -3.76022e+115
0.00254096 , 1.41811e+122 , -3.76021e+115
0.0025443 , 1.4181e+122 , -3.76021e+115
0.00254764 , 1.4181e+122 , -3.7602e+115
0.00255098 , 1.4181e+122 , -3.76019e+115
0.00255432 , 1.41809e+122 , -3.76018e+115
0.00255766 , 1.41809e+122 , -3.76017e+115
0.002561 , 1.41809e+122 , -3.76016e+115
0.00256434 , 1.41809e+122 , -3.76016e+115
0.00256768 , 1.41808e+122 , -3.76015e+115
0.00257101 , 1.41808e+122 , -3.76014e+115
0.00257435 , 1.41808e+122 , -3.76013e+115
0.00257769 , 1.41807e+122 , -3.76012e+115
0.00258103 , 1.41807e+122 , -3.76011e+115
0.00258437 , 1.41807e+122 , -3.76011e+115
0.00258771 , 1.41806e+122 , -3.7601e+115
0.00259105 , 1.41806e+122 , -3.76009e+115
0.00259439 , 1.41806e+122 , -3.76008e+115
0.00259773 , 1.41805e+122 , -3.76007e+115
0.00260107 , 1.41805e+122 , -3.76006e+115
0.0026044 , 1.41805e+122 , -3.76006e+115
0.00260774 , 1.41804e+122 , -3.76005e+115
0.00261108 , 1.41804e+122 , -3.76004e+115
0.00261442 , 1.41804e+122 , -3.76003e+115
0.00261776 , 1.41803e+122 , -3.76002e+115
0.0026211 , 1.41803e+122 , -3.76001e+115
0.00262444 , 1.41803e+122 , -3.76001e+115
0.00262778 , 1.41802e+122 , -3.76e+115
0.00263112 , 1.41802e+122 , -3.75999e+115
0.00263446 , 1.41802e+122 , -3.75998e+115
0.00263779 , 1.41801e+122 , -3.75997e+115
0.00264113 , 1.41801e+122 , -3.75996e+115
0.00264447 , 1.41801e+122 , -3.75995e+115
0.00264781 , 1.418e+122 , -3.75995e+115
0.00265115 , 1.418e+122 , -3.75994e+115
0.00265449 , 1.418e+122 , -3.75993e+115
0.00265783 , 1.41799e+122 , -3.75992e+115
0.00266117 , 1.41799e+122 , -3.75991e+115
0.00266451 , 1.41799e+122 , -3.7599e+115
0.00266784 , 1.41798e+122 , -3.75989e+115
0.00267118 , 1.41798e+122 , -3.75989e+115
0.00267452 , 1.41798e+122 , -3.75988e+115
0.00267786 , 1.41797e+122 , -3.75987e+115
0.0026812 , 1.41797e+122 , -3.75986e+115
0.00268454 , 1.41797e+122 , -3.75985e+115
0.00268788 , 1.41796e+122 , -3.75984e+115
0.00269122 , 1.41796e+122 , -3.75983e+115
0.00269456 , 1.41796e+122 , -3.75983e+115
0.0026979 , 1.41795e+122 , -3.75982e+115
0.00270123 , 1.41795e+122 , -3.75981e+115
0.00270457 , 1.41795e+122 , -3.7598e+115
0.00270791 , 1.41794e+122 , -3.75979e+115
0.00271125 , 1.41794e+122 , -3.75978e+115
0.00271459 , 1.41794e+122 , -3.75977e+115
0.00271793 , 1.41793e+122 , -3.75976e+115
0.00272127 , 1.41793e+122 , -3.75976e+115
0.00272461 , 1.41793e+122 , -3.75975e+115
0.00272795 , 1.41792e+122 , -3.75974e+115
0.00273129 , 1.41792e+122 , -3.75973e+115
0.00273462 , 1.41792e+122 , -3.75972e+115
0.00273796 , 1.41791e+122 , -3.75971e+115
0.0027413 , 1.41791e+122 , -3.7597e+115
0.00274464 , 1.41791e+122 , -3.75969e+115
0.00274798 , 1.4179e+122 , -3.75969e+115
0.00275132 , 1.4179e+122 , -3.75968e+115
0.00275466 , 1.4179e+122 , -3.75967e+115
0.002758 , 1.41789e+122 , -3.75966e+115
0.00276134 , 1.41789e+122 , -3.75965e+115
0.00276468 , 1.41789e+122 , -3.75964e+115
0.00276801 , 1.41788e+122 , -3.75963e+115
0.00277135 , 1.41788e+122 , -3.75962e+115
0.00277469 , 1.41787e+122 , -3.75961e+115
0.00277803 , 1.41787e+122 , -3.75961e+115
0.00278137 , 1.41787e+122 , -3.7596e+115
0.00278471 , 1.41786e+122 , -3.75959e+115
0.00278805 , 1.41786e+122 , -3.75958e+115
0.00279139 , 1.41786e+122 , -3.75957e+115
0.00279473 , 1.41785e+122 , -3.75956e+115
0.00279807 , 1.41785e+122 , -3.75955e+115
0.0028014 , 1.41785e+122 , -3.75954e+115
0.00280474 , 1.41784e+122 , -3.75953e+115
0.00280808 , 1.41784e+122 , -3.75952e+115
0.00281142 , 1.41784e+122 , -3.75952e+115
0.00281476 , 1.41783e+122 , -3.75951e+115
0.0028181 , 1.41783e+122 , -3.7595e+115
0.00282144 , 1.41783e+122 , -3.75949e+115
0.00282478 , 1.41782e+122 , -3.75948e+115
0.00282812 , 1.41782e+122 , -3.75947e+115
0.00283145 , 1.41782e+122 , -3.75946e+115
0.00283479 , 1.41781e+122 , -3.75945e+115
0.00283813 , 1.41781e+122 , -3.75944e+115
0.00284147 , 1.4178e+122 , -3.75943e+115
0.00284481 , 1.4178e+122 , -3.75942e+115
0.00284815 , 1.4178e+122 , -3.75942e+115
0.00285149 , 1.41779e+122 , -3.75941e+115
0.00285483 , 1.41779e+122 , -3.7594e+115
0.00285817 , 1.41779e+122 , -3.75939e+115
0.00286151 , 1.41778e+122 , -3.75938e+115
0.00286484 , 1.41778e+122 , -3.75937e+115
0.00286818 , 1.41778e+122 , -3.75936e+115
0.00287152 , 1.41777e+122 , -3.75935e+115
0.00287486 , 1.41777e+122 , -3.75934e+115
0.0028782 , 1.41777e+122 , -3.75933e+115
0.00288154 , 1.41776e+122 , -3.75932e+115
0.00288488 , 1.41776e+122 , -3.75931e+115
0.00288822 , 1.41775e+122 , -3.7593e+115
0.00289156 , 1.41775e+122 , -3.75929e+115
0.0028949 , 1.41775e+122 , -3.75929e+115
0.00289823 , 1.41774e+122 , -3.75928e+115
0.00290157 , 1.41774e+122 , -3.75927e+115
0.00290491 , 1.41774e+122 , -3.75926e+115
0.00290825 , 1.41773e+122 , -3.75925e+115
0.00291159 , 1.41773e+122 , -3.75924e+115
0.00291493 , 1.41773e+122 , -3.75923e+115
0.00291827 , 1.41772e+122 , -3.75922e+115
0.00292161 , 1.41772e+122 , -3.75921e+115
0.00292495 , 1.41771e+122 , -3.7592e+115
0.00292829 , 1.41771e+122 , -3.75919e+115
0.00293162 , 1.41771e+122 , -3.75918e+115
0.00293496 , 1.4177e+122 , -3.75917e+115
0.0029383 , 1.4177e+122 , -3.75916e+115
0.00294164 , 1.4177e+122 , -3.75915e+115
0.00294498 , 1.41769e+122 , -3.75914e+115
0.00294832 , 1.41769e+122 , -3.75914e+115
0.00295166 , 1.41769e+122 , -3.75913e+115
0.002955 , 1.41768e+122 , -3.75912e+115
0.00295834 , 1.41768e+122 , -3.75911e+115
0.00296168 , 1.41767e+122 , -3.7591e+115
0.00296501 , 1.41767e+122 , -3.75909e+115
0.00296835 , 1.41767e+122 , -3.75908e+115
0.00297169 , 1.41766e+122 , -3.75907e+115
0.00297503 , 1.41766e+122 , -3.75906e+115
0.00297837 , 1.41766e+122 , -3.75905e+115
0.00298171 , 1.41765e+122 , -3.75904e+115
0.00298505 , 1.41765e+122 , -3.75903e+115
0.00298839 , 1.41764e+122 , -3.75902e+115
0.00299173 , 1.41764e+122 , -3.75901e+115
0.00299506 , 1.41764e+122 , -3.759e+115
0.0029984 , 1.41763e+122 , -3.75899e+115
0.00300174 , 1.41763e+122 , -3.75898e+115
0.00300508 , 1.41763e+122 , -3.75897e+115
0.00300842 , 1.41762e+122 , -3.75896e+115
0.00301176 , 1.41762e+122 , -3.75895e+115
0.0030151 , 1.41761e+122 , -3.75894e+115
0.00301844 , 1.41761e+122 , -3.75893e+115
0.00302178 , 1.41761e+122 , -3.75892e+115
0.00302512 , 1.4176e+122 , -3.75891e+115
0.00302845 , 1.4176e+122 , -3.7589e+115
0.00303179 , 1.4176e+122 , -3.75889e+115
0.00303513 , 1.41759e+122 , -3.75888e+115
0.00303847 , 1.41759e+122 , -3.75888e+115
0.00304181 , 1.41758e+122 , -3.75887e+115
0.00304515 , 1.41758e+122 , -3.75886e+115
0.00304849 , 1.41758e+122 , -3.75885e+115
0.00305183 , 1.41757e+122 , -3.75884e+115
0.00305517 , 1.41757e+122 , -3.75883e+115
0.00305851 , 1.41757e+122 , -3.75882e+115
0.00306184 , 1.41756e+122 , -3.75881e+115
0.00306518 , 1.41756e+122 , -3.7588e+115
0.00306852 , 1.41755e+122 , -3.75879e+115
0.00307186 , 1.41755e+122 , -3.75878e+115
0.0030752 , 1.41755e+122 , -3.75877e+115
0.00307854 , 1.41754e+122 , -3.75876e+115
0.00308188 , 1.41754e+122 , -3.75875e+115
0.00308522 , 1.41753e+122 , -3.75874e+115
0.00308856 , 1.41753e+122 , -3.75873e+115
0.0030919 , 1.41753e+122 , -3.75872e+115
0.00309523 , 1.41752e+122 , -3.75871e+115
0.00309857 , 1.41752e+122 , -3.7587e+115
0.00310191 , 1.41751e+122 , -3.75869e+115
0.00310525 , 1.41751e+122 , -3.75868e+115
0.00310859 , 1.41751e+122 , -3.75867e+115
0.00311193 , 1.4175e+122 , -3.75866e+115
0.00311527 , 1.4175e+122 , -3.75865e+115
0.00311861 , 1.4175e+122 , -3.75864e+115
0.00312195 , 1.41749e+122 , -3.75863e+115
0.00312529 , 1.41749e+122 , -3.75862e+115
0.00312862 , 1.41748e+122 , -3.75861e+115
0.00313196 , 1.41748e+122 , -3.7586e+115
0.0031353 , 1.41748e+122 , -3.75859e+115
0.00313864 , 1.41747e+122 , -3.75858e+115
0.00314198 , 1.41747e+122 , -3.75857e+115
0.00314532 , 1.41746e+122 , -3.75856e+115
0.00314866 , 1.41746e+122 , -3.75855e+115
0.003152 , 1.41746e+122 , -3.75854e+115
0.00315534 , 1.41745e+122 , -3.75853e+115
0.00315868 , 1.41745e+122 , -3.75852e+115
0.00316201 , 1.41744e+122 , -3.75851e+115
0.00316535 , 1.41744e+122 , -3.7585e+115
0.00316869 , 1.41744e+122 , -3.75849e+115
0.00317203 , 1.41743e+122 , -3.75848e+115
0.00317537 , 1.41743e+122 , -3.75847e+115
0.00317871 , 1.41742e+122 , -3.75846e+115
0.00318205 , 1.41742e+122 , -3.75845e+115
0.00318539 , 1.41742e+122 , -3.75843e+115
0.00318873 , 1.41741e+122 , -3.75842e+115
0.00319206 , 1.41741e+122 , -3.75841e+115
0.0031954 , 1.4174e+122 , -3.7584e+115
0.00319874 , 1.4174e+122 , -3.75839e+115
0.00320208 , 1.4174e+122 , -3.75838e+115
0.00320542 , 1.41739e+122 , -3.75837e+115
0.00320876 , 1.41739e+122 , -3.75836e+115
0.0032121 , 1.41738e+122 , -3.75835e+115
0.00321544 , 1.41738e+122 , -3.75834e+115
0.00321878 , 1.41738e+122 , -3.75833e+115
0.00322212 , 1.41737e+122 , -3.75832e+115
0.00322545 , 1.41737e+122 , -3.75831e+115
0.00322879 , 1.41736e+122 , -3.7583e+115
0.00323213 , 1.41736e+122 , -3.75829e+115
0.00323547 , 1.41736e+122 , -3.75828e+115
0.00323881 , 1.41735e+122 , -3.75827e+115
0.00324215 , 1.41735e+122 , -3.75826e+115
0.00324549 , 1.41734e+122 , -3.75825e+115
0.00324883 , 1.41734e+122 , -3.75824e+115
0.00325217 , 1.41734e+122 , -3.75823e+115
0.00325551 , 1.41733e+122 , -3.75822e+115
0.00325884 , 1.41733e+122 , -3.75821e+115
0.00326218 , 1.41732e+122 , -3.7582e+115
0.00326552 , 1.41732e+122 , -3.75819e+115
0.00326886 , 1.41732e+122 , -3.75818e+115
0.0032722 , 1.41731e+122 , -3.75817e+115
0.00327554 , 1.41731e+122 , -3.75815e+115
0.00327888 , 1.4173e+122 , -3.75814e+115
0.00328222 , 1.4173e+122 , -3.75813e+115
0.00328556 , 1.4173e+122 , -3.75812e+115
0.0032889 , 1.41729e+122 , -3.75811e+115
0.00329223 , 1.41729e+122 , -3.7581e+115
0.00329557 , 1.41728e+122 , -3.75809e+115
0.00329891 , 1.41728e+122 , -3.75808e+115
0.00330225 , 1.41728e+122 , -3.75807e+115
0.00330559 , 1.41727e+122 , -3.75806e+115
0.00330893 , 1.41727e+122 , -3.75805e+115
0.00331227 , 1.41726e+122 , -3.75804e+115
0.00331561 , 1.41726e+122 , -3.75803e+115
0.00331895 , 1.41725e+122 , -3.75802e+115
0.00332229 , 1.41725e+122 , -3.75801e+115
0.00332562 , 1.41725e+122 , -3.758e+115
0.00332896 , 1.41724e+122 , -3.75798e+115
0.0033323 , 1.41724e+122 , -3.75797e+115
0.00333564 , 1.41723e+122 , -3.75796e+115
