0 1
1e+07 274934
2e+07 61864.8
3e+07 26604.5
4e+07 14724.6
5e+07 9332.87
6e+07 6439.29
7e+07 4708.89
8e+07 3592.52
9e+07 2830.65
1e+08 2287.66
1.1e+08 1887.09
1.2e+08 1583.17
1.3e+08 1347.13
1.4e+08 1160.18
1.5e+08 1009.59
1.6e+08 886.515
1.7e+08 784.635
1.8e+08 699.352
1.9e+08 627.248
2e+08 565.741
2.1e+08 512.854
2.2e+08 467.049
2.3e+08 427.115
2.4e+08 392.091
2.5e+08 361.204
2.6e+08 333.827
2.7e+08 309.449
2.8e+08 287.647
2.9e+08 268.071
3e+08 250.428
3.1e+08 234.471
3.2e+08 219.993
3.3e+08 206.816
3.4e+08 194.79
3.5e+08 183.783
3.6e+08 173.685
3.7e+08 164.397
3.8e+08 155.836
3.9e+08 147.928
4e+08 140.607
4.1e+08 133.818
4.2e+08 127.509
4.3e+08 121.638
4.4e+08 116.163
4.5e+08 111.051
4.6e+08 106.27
4.7e+08 101.792
4.8e+08 97.5921
4.9e+08 93.6477
5e+08 89.9385
5.1e+08 86.4461
5.2e+08 83.1541
5.3e+08 80.0475
5.4e+08 77.1124
5.5e+08 74.3367
5.6e+08 71.7089
5.7e+08 69.2187
5.8e+08 66.8568
5.9e+08 64.6144
6e+08 62.4836
6.1e+08 60.4572
6.2e+08 58.5284
6.3e+08 56.6912
6.4e+08 54.9397
6.5e+08 53.2688
6.6e+08 51.6736
6.7e+08 50.1496
6.8e+08 48.6926
6.9e+08 47.2988
7e+08 45.9645
7.1e+08 44.6864
7.2e+08 43.4615
7.3e+08 42.2868
7.4e+08 41.1596
7.5e+08 40.0773
7.6e+08 39.0377
7.7e+08 38.0386
7.8e+08 37.0777
7.9e+08 36.1533
8e+08 35.2635
8.1e+08 34.4067
8.2e+08 33.5811
8.3e+08 32.7853
8.4e+08 32.0179
8.5e+08 31.2775
8.6e+08 30.563
8.7e+08 29.8731
8.8e+08 29.2066
8.9e+08 28.5627
9e+08 27.9401
9.1e+08 27.3381
9.2e+08 26.7557
9.3e+08 26.1921
9.4e+08 25.6465
9.5e+08 25.1181
9.6e+08 24.6062
9.7e+08 24.1101
9.8e+08 23.6292
9.9e+08 23.1629
1e+09 22.7106
1.01e+09 22.2718
1.02e+09 21.8458
1.03e+09 21.4323
1.04e+09 21.0307
1.05e+09 20.6405
1.06e+09 20.2615
1.07e+09 19.893
1.08e+09 19.5348
1.09e+09 19.1865
1.1e+09 18.8477
1.11e+09 18.5181
1.12e+09 18.1973
1.13e+09 17.885
1.14e+09 17.5809
1.15e+09 17.2848
1.16e+09 16.9964
1.17e+09 16.7154
1.18e+09 16.4415
1.19e+09 16.1746
1.2e+09 15.9143
1.21e+09 15.6605
1.22e+09 15.413
1.23e+09 15.1715
1.24e+09 14.9358
1.25e+09 14.7059
1.26e+09 14.4814
1.27e+09 14.2622
1.28e+09 14.0482
1.29e+09 13.8392
1.3e+09 13.635
1.31e+09 13.4355
1.32e+09 13.2405
1.33e+09 13.05
1.34e+09 12.8637
1.35e+09 12.6816
1.36e+09 12.5035
1.37e+09 12.3294
1.38e+09 12.159
1.39e+09 11.9923
1.4e+09 11.8292
1.41e+09 11.6696
1.42e+09 11.5133
1.43e+09 11.3604
1.44e+09 11.2107
1.45e+09 11.064
1.46e+09 10.9204
1.47e+09 10.7797
1.48e+09 10.6419
1.49e+09 10.5069
1.5e+09 10.3746
1.51e+09 10.2449
1.52e+09 10.1178
1.53e+09 9.99322
1.54e+09 9.87106
1.55e+09 9.75127
1.56e+09 9.6338
1.57e+09 9.51858
1.58e+09 9.40556
1.59e+09 9.29468
1.6e+09 9.18589
1.61e+09 9.07914
1.62e+09 8.97437
1.63e+09 8.87154
1.64e+09 8.7706
1.65e+09 8.67151
1.66e+09 8.57422
1.67e+09 8.47868
1.68e+09 8.38486
1.69e+09 8.29271
1.7e+09 8.2022
1.71e+09 8.11328
1.72e+09 8.02592
1.73e+09 7.94009
1.74e+09 7.85575
1.75e+09 7.77285
1.76e+09 7.69138
1.77e+09 7.6113
1.78e+09 7.53258
1.79e+09 7.45518
1.8e+09 7.37908
1.81e+09 7.30425
1.82e+09 7.23066
1.83e+09 7.15829
1.84e+09 7.0871
1.85e+09 7.01707
1.86e+09 6.94818
1.87e+09 6.88041
1.88e+09 6.81372
1.89e+09 6.74809
1.9e+09 6.68351
1.91e+09 6.61995
1.92e+09 6.55739
1.93e+09 6.49581
1.94e+09 6.43519
1.95e+09 6.37551
1.96e+09 6.31675
1.97e+09 6.25889
1.98e+09 6.20191
1.99e+09 6.14579
2e+09 6.09053
2.01e+09 6.03609
2.02e+09 5.98247
2.03e+09 5.92965
2.04e+09 5.87761
2.05e+09 5.82634
2.06e+09 5.77582
2.07e+09 5.72604
2.08e+09 5.67698
2.09e+09 5.62863
2.1e+09 5.58098
2.11e+09 5.53401
2.12e+09 5.48771
2.13e+09 5.44207
2.14e+09 5.39707
2.15e+09 5.35271
2.16e+09 5.30896
2.17e+09 5.26583
2.18e+09 5.2233
2.19e+09 5.18135
2.2e+09 5.13998
2.21e+09 5.09917
2.22e+09 5.05893
2.23e+09 5.01922
2.24e+09 4.98006
2.25e+09 4.94142
2.26e+09 4.9033
2.27e+09 4.86569
2.28e+09 4.82857
2.29e+09 4.79195
2.3e+09 4.75581
2.31e+09 4.72014
2.32e+09 4.68494
2.33e+09 4.6502
2.34e+09 4.6159
2.35e+09 4.58205
2.36e+09 4.54863
2.37e+09 4.51564
2.38e+09 4.48307
2.39e+09 4.45091
2.4e+09 4.41916
2.41e+09 4.3878
2.42e+09 4.35684
2.43e+09 4.32627
2.44e+09 4.29607
2.45e+09 4.26625
2.46e+09 4.23679
2.47e+09 4.2077
2.48e+09 4.17896
2.49e+09 4.15057
2.5e+09 4.12253
2.51e+09 4.09483
2.52e+09 4.06745
2.53e+09 4.04041
2.54e+09 4.01369
2.55e+09 3.98729
2.56e+09 3.9612
2.57e+09 3.93541
2.58e+09 3.90993
2.59e+09 3.88475
2.6e+09 3.85986
2.61e+09 3.83526
2.62e+09 3.81095
2.63e+09 3.78692
2.64e+09 3.76316
2.65e+09 3.73968
2.66e+09 3.71646
2.67e+09 3.69351
2.68e+09 3.67081
2.69e+09 3.64837
2.7e+09 3.62619
2.71e+09 3.60425
2.72e+09 3.58256
2.73e+09 3.56111
2.74e+09 3.5399
2.75e+09 3.51892
2.76e+09 3.49817
2.77e+09 3.47765
2.78e+09 3.45735
2.79e+09 3.43727
2.8e+09 3.41742
2.81e+09 3.39777
2.82e+09 3.37834
2.83e+09 3.35912
2.84e+09 3.3401
2.85e+09 3.32128
2.86e+09 3.30267
2.87e+09 3.28425
2.88e+09 3.26603
2.89e+09 3.24799
2.9e+09 3.23015
2.91e+09 3.21249
2.92e+09 3.19502
2.93e+09 3.17773
2.94e+09 3.16061
2.95e+09 3.14368
2.96e+09 3.12691
2.97e+09 3.11032
2.98e+09 3.0939
2.99e+09 3.07765
3e+09 3.06155
3.01e+09 3.04563
3.02e+09 3.02986
3.03e+09 3.01425
3.04e+09 2.9988
3.05e+09 2.9835
3.06e+09 2.96835
3.07e+09 2.95335
3.08e+09 2.9385
3.09e+09 2.9238
3.1e+09 2.90924
3.11e+09 2.89483
3.12e+09 2.88055
3.13e+09 2.86642
3.14e+09 2.85242
3.15e+09 2.83855
3.16e+09 2.82482
3.17e+09 2.81122
3.18e+09 2.79775
3.19e+09 2.78441
3.2e+09 2.7712
3.21e+09 2.75811
3.22e+09 2.74515
3.23e+09 2.73231
3.24e+09 2.71958
3.25e+09 2.70698
3.26e+09 2.6945
3.27e+09 2.68213
3.28e+09 2.66988
3.29e+09 2.65774
3.3e+09 2.64571
3.31e+09 2.63379
3.32e+09 2.62199
3.33e+09 2.61029
3.34e+09 2.59869
3.35e+09 2.58721
3.36e+09 2.57582
3.37e+09 2.56454
3.38e+09 2.55336
3.39e+09 2.54229
3.4e+09 2.53131
3.41e+09 2.52043
3.42e+09 2.50964
3.43e+09 2.49895
3.44e+09 2.48836
3.45e+09 2.47786
3.46e+09 2.46746
3.47e+09 2.45714
3.48e+09 2.44692
3.49e+09 2.43678
3.5e+09 2.42673
3.51e+09 2.41677
3.52e+09 2.4069
3.53e+09 2.39711
3.54e+09 2.38741
3.55e+09 2.37779
3.56e+09 2.36825
3.57e+09 2.35879
3.58e+09 2.34942
3.59e+09 2.34012
3.6e+09 2.3309
3.61e+09 2.32176
3.62e+09 2.3127
3.63e+09 2.30372
3.64e+09 2.29481
3.65e+09 2.28597
3.66e+09 2.27721
3.67e+09 2.26852
3.68e+09 2.2599
3.69e+09 2.25135
3.7e+09 2.24288
3.71e+09 2.23447
3.72e+09 2.22614
3.73e+09 2.21787
3.74e+09 2.20967
3.75e+09 2.20153
3.76e+09 2.19347
3.77e+09 2.18546
3.78e+09 2.17752
3.79e+09 2.16965
3.8e+09 2.16184
3.81e+09 2.15409
3.82e+09 2.14641
3.83e+09 2.13878
3.84e+09 2.13122
3.85e+09 2.12372
3.86e+09 2.11627
3.87e+09 2.10889
3.88e+09 2.10156
3.89e+09 2.09429
3.9e+09 2.08708
3.91e+09 2.07992
3.92e+09 2.07282
3.93e+09 2.06578
3.94e+09 2.05879
3.95e+09 2.05185
3.96e+09 2.04497
3.97e+09 2.03814
3.98e+09 2.03136
3.99e+09 2.02464
4e+09 2.01796
4.01e+09 2.01134
4.02e+09 2.00477
4.03e+09 1.99825
4.04e+09 1.99177
4.05e+09 1.98535
4.06e+09 1.97897
4.07e+09 1.97265
4.08e+09 1.96637
4.09e+09 1.96013
4.1e+09 1.95395
4.11e+09 1.94781
4.12e+09 1.94171
4.13e+09 1.93566
4.14e+09 1.92966
4.15e+09 1.9237
4.16e+09 1.91778
4.17e+09 1.91191
4.18e+09 1.90608
4.19e+09 1.90029
4.2e+09 1.89455
4.21e+09 1.88885
4.22e+09 1.88318
4.23e+09 1.87756
4.24e+09 1.87198
4.25e+09 1.86644
4.26e+09 1.86095
4.27e+09 1.85549
4.28e+09 1.85006
4.29e+09 1.84468
4.3e+09 1.83934
4.31e+09 1.83403
4.32e+09 1.82876
4.33e+09 1.82353
4.34e+09 1.81834
4.35e+09 1.81318
4.36e+09 1.80806
4.37e+09 1.80298
4.38e+09 1.79793
4.39e+09 1.79291
4.4e+09 1.78793
4.41e+09 1.78299
4.42e+09 1.77808
4.43e+09 1.7732
4.44e+09 1.76836
4.45e+09 1.76355
4.46e+09 1.75878
4.47e+09 1.75403
4.48e+09 1.74932
4.49e+09 1.74465
4.5e+09 1.74
4.51e+09 1.73539
4.52e+09 1.7308
4.53e+09 1.72625
4.54e+09 1.72173
4.55e+09 1.71724
4.56e+09 1.71278
4.57e+09 1.70835
4.58e+09 1.70395
4.59e+09 1.69958
4.6e+09 1.69523
4.61e+09 1.69092
4.62e+09 1.68664
4.63e+09 1.68238
4.64e+09 1.67815
4.65e+09 1.67395
4.66e+09 1.66978
4.67e+09 1.66564
4.68e+09 1.66152
4.69e+09 1.65743
4.7e+09 1.65337
4.71e+09 1.64933
4.72e+09 1.64532
4.73e+09 1.64134
4.74e+09 1.63738
4.75e+09 1.63344
4.76e+09 1.62954
4.77e+09 1.62566
4.78e+09 1.6218
4.79e+09 1.61797
4.8e+09 1.61416
4.81e+09 1.61037
4.82e+09 1.60662
4.83e+09 1.60288
4.84e+09 1.59917
4.85e+09 1.59548
4.86e+09 1.59182
4.87e+09 1.58818
4.88e+09 1.58456
4.89e+09 1.58096
4.9e+09 1.57739
4.91e+09 1.57384
4.92e+09 1.57031
4.93e+09 1.5668
4.94e+09 1.56332
4.95e+09 1.55986
4.96e+09 1.55642
4.97e+09 1.553
4.98e+09 1.5496
4.99e+09 1.54622
5e+09 1.54286
5.01e+09 1.53953
5.02e+09 1.53621
5.03e+09 1.53292
5.04e+09 1.52964
5.05e+09 1.52639
5.06e+09 1.52315
5.07e+09 1.51994
5.08e+09 1.51674
5.09e+09 1.51357
5.1e+09 1.51041
5.11e+09 1.50727
5.12e+09 1.50415
5.13e+09 1.50105
5.14e+09 1.49797
5.15e+09 1.49491
5.16e+09 1.49186
5.17e+09 1.48883
5.18e+09 1.48583
5.19e+09 1.48283
5.2e+09 1.47986
5.21e+09 1.47691
5.22e+09 1.47397
5.23e+09 1.47105
5.24e+09 1.46814
5.25e+09 1.46526
5.26e+09 1.46239
5.27e+09 1.45954
5.28e+09 1.4567
5.29e+09 1.45388
5.3e+09 1.45108
5.31e+09 1.44829
5.32e+09 1.44552
5.33e+09 1.44277
5.34e+09 1.44003
5.35e+09 1.43731
5.36e+09 1.4346
5.37e+09 1.43191
5.38e+09 1.42924
5.39e+09 1.42658
5.4e+09 1.42393
5.41e+09 1.4213
5.42e+09 1.41869
5.43e+09 1.41609
5.44e+09 1.4135
5.45e+09 1.41093
5.46e+09 1.40838
5.47e+09 1.40584
5.48e+09 1.40331
5.49e+09 1.4008
5.5e+09 1.3983
5.51e+09 1.39581
5.52e+09 1.39334
5.53e+09 1.39089
5.54e+09 1.38844
5.55e+09 1.38602
5.56e+09 1.3836
5.57e+09 1.3812
5.58e+09 1.37881
5.59e+09 1.37643
5.6e+09 1.37407
5.61e+09 1.37172
5.62e+09 1.36939
5.63e+09 1.36706
5.64e+09 1.36475
5.65e+09 1.36245
5.66e+09 1.36017
5.67e+09 1.3579
5.68e+09 1.35564
5.69e+09 1.35339
5.7e+09 1.35115
5.71e+09 1.34893
5.72e+09 1.34672
5.73e+09 1.34452
5.74e+09 1.34233
5.75e+09 1.34015
5.76e+09 1.33799
5.77e+09 1.33584
5.78e+09 1.33369
5.79e+09 1.33157
5.8e+09 1.32945
5.81e+09 1.32734
5.82e+09 1.32525
5.83e+09 1.32316
5.84e+09 1.32109
5.85e+09 1.31903
5.86e+09 1.31697
5.87e+09 1.31493
5.88e+09 1.3129
5.89e+09 1.31089
5.9e+09 1.30888
5.91e+09 1.30688
5.92e+09 1.30489
5.93e+09 1.30292
5.94e+09 1.30095
5.95e+09 1.29899
5.96e+09 1.29705
5.97e+09 1.29511
5.98e+09 1.29319
5.99e+09 1.29127
6e+09 1.28937
6.01e+09 1.28747
6.02e+09 1.28558
6.03e+09 1.28371
6.04e+09 1.28184
6.05e+09 1.27998
6.06e+09 1.27814
6.07e+09 1.2763
6.08e+09 1.27447
6.09e+09 1.27265
6.1e+09 1.27084
6.11e+09 1.26904
6.12e+09 1.26725
6.13e+09 1.26547
6.14e+09 1.26369
6.15e+09 1.26193
6.16e+09 1.26017
6.17e+09 1.25843
6.18e+09 1.25669
6.19e+09 1.25496
6.2e+09 1.25324
6.21e+09 1.25153
6.22e+09 1.24983
6.23e+09 1.24813
6.24e+09 1.24645
6.25e+09 1.24477
6.26e+09 1.2431
6.27e+09 1.24144
6.28e+09 1.23979
6.29e+09 1.23814
6.3e+09 1.23651
6.31e+09 1.23488
6.32e+09 1.23326
6.33e+09 1.23165
6.34e+09 1.23004
6.35e+09 1.22844
6.36e+09 1.22686
6.37e+09 1.22528
6.38e+09 1.2237
6.39e+09 1.22214
6.4e+09 1.22058
6.41e+09 1.21903
6.42e+09 1.21749
6.43e+09 1.21595
6.44e+09 1.21443
6.45e+09 1.21291
6.46e+09 1.21139
6.47e+09 1.20989
6.48e+09 1.20839
6.49e+09 1.2069
6.5e+09 1.20542
6.51e+09 1.20394
6.52e+09 1.20247
6.53e+09 1.20101
6.54e+09 1.19955
6.55e+09 1.1981
6.56e+09 1.19666
6.57e+09 1.19523
6.58e+09 1.1938
6.59e+09 1.19238
6.6e+09 1.19096
6.61e+09 1.18956
6.62e+09 1.18816
6.63e+09 1.18676
6.64e+09 1.18537
6.65e+09 1.18399
6.66e+09 1.18262
6.67e+09 1.18125
6.68e+09 1.17989
6.69e+09 1.17853
6.7e+09 1.17719
6.71e+09 1.17584
6.72e+09 1.17451
6.73e+09 1.17318
6.74e+09 1.17185
6.75e+09 1.17053
6.76e+09 1.16922
6.77e+09 1.16792
6.78e+09 1.16662
6.79e+09 1.16532
6.8e+09 1.16404
6.81e+09 1.16275
6.82e+09 1.16148
6.83e+09 1.16021
6.84e+09 1.15895
6.85e+09 1.15769
6.86e+09 1.15643
6.87e+09 1.15519
6.88e+09 1.15395
6.89e+09 1.15271
6.9e+09 1.15148
6.91e+09 1.15026
6.92e+09 1.14904
6.93e+09 1.14783
6.94e+09 1.14662
6.95e+09 1.14542
6.96e+09 1.14422
6.97e+09 1.14303
6.98e+09 1.14184
6.99e+09 1.14066
7e+09 1.13949
7.01e+09 1.13832
7.02e+09 1.13715
7.03e+09 1.13599
7.04e+09 1.13484
7.05e+09 1.13369
7.06e+09 1.13255
7.07e+09 1.13141
7.08e+09 1.13027
7.09e+09 1.12914
7.1e+09 1.12802
7.11e+09 1.1269
7.12e+09 1.12579
7.13e+09 1.12468
7.14e+09 1.12358
7.15e+09 1.12248
7.16e+09 1.12138
7.17e+09 1.12029
7.18e+09 1.11921
7.19e+09 1.11813
7.2e+09 1.11705
7.21e+09 1.11598
7.22e+09 1.11492
7.23e+09 1.11386
7.24e+09 1.1128
7.25e+09 1.11175
7.26e+09 1.1107
7.27e+09 1.10966
7.28e+09 1.10862
7.29e+09 1.10759
7.3e+09 1.10656
7.31e+09 1.10553
7.32e+09 1.10451
7.33e+09 1.1035
7.34e+09 1.10248
7.35e+09 1.10148
7.36e+09 1.10047
7.37e+09 1.09948
7.38e+09 1.09848
7.39e+09 1.09749
7.4e+09 1.09651
7.41e+09 1.09552
7.42e+09 1.09455
7.43e+09 1.09357
7.44e+09 1.0926
7.45e+09 1.09164
7.46e+09 1.09068
7.47e+09 1.08972
7.48e+09 1.08877
7.49e+09 1.08782
7.5e+09 1.08688
7.51e+09 1.08593
7.52e+09 1.085
7.53e+09 1.08406
7.54e+09 1.08314
7.55e+09 1.08221
7.56e+09 1.08129
7.57e+09 1.08037
7.58e+09 1.07946
7.59e+09 1.07855
7.6e+09 1.07764
7.61e+09 1.07674
7.62e+09 1.07584
7.63e+09 1.07495
7.64e+09 1.07406
7.65e+09 1.07317
7.66e+09 1.07229
7.67e+09 1.07141
7.68e+09 1.07053
7.69e+09 1.06966
7.7e+09 1.06879
7.71e+09 1.06793
7.72e+09 1.06706
7.73e+09 1.06621
7.74e+09 1.06535
7.75e+09 1.0645
7.76e+09 1.06365
7.77e+09 1.06281
7.78e+09 1.06197
7.79e+09 1.06113
7.8e+09 1.0603
7.81e+09 1.05946
7.82e+09 1.05864
7.83e+09 1.05781
7.84e+09 1.05699
7.85e+09 1.05618
7.86e+09 1.05536
7.87e+09 1.05455
7.88e+09 1.05375
7.89e+09 1.05294
7.9e+09 1.05214
7.91e+09 1.05134
7.92e+09 1.05055
7.93e+09 1.04976
7.94e+09 1.04897
7.95e+09 1.04818
7.96e+09 1.0474
7.97e+09 1.04662
7.98e+09 1.04585
7.99e+09 1.04508
8e+09 1.04431
8.01e+09 1.04354
8.02e+09 1.04278
8.03e+09 1.04202
8.04e+09 1.04126
8.05e+09 1.04051
8.06e+09 1.03976
8.07e+09 1.03901
8.08e+09 1.03826
8.09e+09 1.03752
8.1e+09 1.03678
8.11e+09 1.03605
8.12e+09 1.03531
8.13e+09 1.03458
8.14e+09 1.03385
8.15e+09 1.03313
8.16e+09 1.03241
8.17e+09 1.03169
8.18e+09 1.03097
8.19e+09 1.03026
8.2e+09 1.02955
8.21e+09 1.02884
8.22e+09 1.02813
8.23e+09 1.02743
8.24e+09 1.02673
8.25e+09 1.02604
8.26e+09 1.02534
8.27e+09 1.02465
8.28e+09 1.02396
8.29e+09 1.02327
8.3e+09 1.02259
8.31e+09 1.02191
8.32e+09 1.02123
8.33e+09 1.02056
8.34e+09 1.01988
8.35e+09 1.01921
8.36e+09 1.01854
8.37e+09 1.01788
8.38e+09 1.01722
8.39e+09 1.01656
8.4e+09 1.0159
8.41e+09 1.01524
8.42e+09 1.01459
8.43e+09 1.01394
8.44e+09 1.01329
8.45e+09 1.01265
8.46e+09 1.012
8.47e+09 1.01136
8.48e+09 1.01072
8.49e+09 1.01009
8.5e+09 1.00946
8.51e+09 1.00883
8.52e+09 1.0082
8.53e+09 1.00757
8.54e+09 1.00695
8.55e+09 1.00633
8.56e+09 1.00571
8.57e+09 1.00509
8.58e+09 1.00448
8.59e+09 1.00386
8.6e+09 1.00325
8.61e+09 1.00265
8.62e+09 1.00204
8.63e+09 1.00144
8.64e+09 1.00084
8.65e+09 1.00024
8.66e+09 0.999642
8.67e+09 0.999048
8.68e+09 0.998456
8.69e+09 0.997867
8.7e+09 0.997279
8.71e+09 0.996694
8.72e+09 0.996111
8.73e+09 0.99553
8.74e+09 0.994951
8.75e+09 0.994374
8.76e+09 0.9938
8.77e+09 0.993227
8.78e+09 0.992657
8.79e+09 0.992089
8.8e+09 0.991523
8.81e+09 0.990958
8.82e+09 0.990396
8.83e+09 0.989837
8.84e+09 0.989279
8.85e+09 0.988723
8.86e+09 0.988169
8.87e+09 0.987617
8.88e+09 0.987067
8.89e+09 0.98652
8.9e+09 0.985974
8.91e+09 0.98543
8.92e+09 0.984888
8.93e+09 0.984348
8.94e+09 0.98381
8.95e+09 0.983274
8.96e+09 0.98274
8.97e+09 0.982208
8.98e+09 0.981678
8.99e+09 0.98115
9e+09 0.980623
9.01e+09 0.980099
9.02e+09 0.979576
9.03e+09 0.979056
9.04e+09 0.978537
9.05e+09 0.97802
9.06e+09 0.977505
9.07e+09 0.976992
9.08e+09 0.97648
9.09e+09 0.97597
9.1e+09 0.975463
9.11e+09 0.974957
9.12e+09 0.974453
9.13e+09 0.97395
9.14e+09 0.97345
9.15e+09 0.972951
9.16e+09 0.972454
9.17e+09 0.971958
9.18e+09 0.971465
9.19e+09 0.970973
9.2e+09 0.970483
9.21e+09 0.969995
9.22e+09 0.969508
9.23e+09 0.969023
9.24e+09 0.96854
9.25e+09 0.968059
9.26e+09 0.967579
9.27e+09 0.967101
9.28e+09 0.966624
9.29e+09 0.96615
9.3e+09 0.965677
9.31e+09 0.965205
9.32e+09 0.964736
9.33e+09 0.964267
9.34e+09 0.963801
9.35e+09 0.963336
9.36e+09 0.962873
9.37e+09 0.962411
9.38e+09 0.961951
9.39e+09 0.961493
9.4e+09 0.961036
9.41e+09 0.960581
9.42e+09 0.960127
9.43e+09 0.959675
9.44e+09 0.959225
9.45e+09 0.958776
9.46e+09 0.958328
9.47e+09 0.957882
9.48e+09 0.957438
9.49e+09 0.956995
9.5e+09 0.956554
9.51e+09 0.956114
9.52e+09 0.955676
9.53e+09 0.95524
9.54e+09 0.954804
9.55e+09 0.954371
9.56e+09 0.953938
9.57e+09 0.953508
9.58e+09 0.953078
9.59e+09 0.95265
9.6e+09 0.952224
9.61e+09 0.951799
9.62e+09 0.951376
9.63e+09 0.950954
9.64e+09 0.950533
9.65e+09 0.950114
9.66e+09 0.949696
9.67e+09 0.94928
9.68e+09 0.948865
9.69e+09 0.948452
9.7e+09 0.94804
9.71e+09 0.947629
9.72e+09 0.94722
9.73e+09 0.946812
9.74e+09 0.946405
9.75e+09 0.946
9.76e+09 0.945596
9.77e+09 0.945194
9.78e+09 0.944793
9.79e+09 0.944393
9.8e+09 0.943995
9.81e+09 0.943598
9.82e+09 0.943202
9.83e+09 0.942808
9.84e+09 0.942415
9.85e+09 0.942023
9.86e+09 0.941632
9.87e+09 0.941243
9.88e+09 0.940855
9.89e+09 0.940469
9.9e+09 0.940084
9.91e+09 0.9397
9.92e+09 0.939317
9.93e+09 0.938935
9.94e+09 0.938555
9.95e+09 0.938176
9.96e+09 0.937799
9.97e+09 0.937422
9.98e+09 0.937047
9.99e+09 0.936673
