-0.00938179 , -0.0712839 , 0.0459738 , 5.69835 , 0.00932778 , 0.816189 , -8.2822 , -85.81 , 55.5189 , 8582.56 , 9.46878 , 1224.59 , 0.0241199 , -2.59508 , -0.170873 , -14.1113 , -0.382671 , 0.619163 , 0.0844197 , -9.08279 , -0.598056 , -49.3894 , -1.33935 , 2.16707
-0.056173 , 1.01597 , 1.41223 , 99.6297 , -0.127154 , -22.194 , -53.8121 , 1556.82 , 2142.03 , 149492 , -183.46 , -33268.1 , -0.761215 , -78.436 , -4.91987 , -237.584 , 0.614745 , 145.781 , -2.66425 , -274.526 , -17.2195 , -831.542 , 2.15161 , 510.234
0.661068 , 63.2885 , 8.31052 , 268.534 , -5.20042 , -344.342 , 1028.01 , 94967.5 , 12503.2 , 402833 , -7735.55 , -516410 , -3.96488 , 33.0235 , 13.9605 , 2502.01 , 7.86439 , -12.5724 , -13.8771 , 115.582 , 48.8618 , 8757.05 , 27.5254 , -44.0034
8.5756 , 472.307 , 14.7745 , -41.14 , -33.5745 , -1361.11 , 12889 , 708480 , 22180.3 , -61697.4 , -50250.7 , -2.04157e+06 , 25.4494 , 2031.75 , 408.047 , 24391.3 , -54.7509 , -4905.13 , 89.0729 , 7111.12 , 1428.16 , 85369.7 , -191.628 , -17167.9
43.7357 , 1624.51 , -3.33612 , -996.246 , -112.127 , -3131.48 , 65626.9 , 2.4368e+06 , -4993.06 , -1.49435e+06 , -168107 , -4.69715e+06 , 129.185 , 2386.96 , 2231.57 , 83889.2 , -472.869 , -20211.4 , 452.147 , 8354.36 , 7810.51 , 293612 , -1655.04 , -70739.9
134.268 , 3508.8 , -47.9756 , -1227.01 , -263.577 , -5349.91 , 201441 , 5.26326e+06 , -71949.6 , -1.8405e+06 , -395282 , -8.02477e+06 , -41.5912 , -16756.9 , 6759.27 , 170013 , -1595.11 , -42689.6 , -145.569 , -58649.2 , 23657.5 , 595045 , -5582.89 , -149414
295.9 , 5438.3 , -70.6495 , 118.816 , -486.716 , -6903.08 , 443902 , 8.15753e+06 , -105960 , 178242 , -729975 , -1.03545e+07 , -1454.17 , -65533.1 , 14111.3 , 232020 , -3528.23 , -65569.8 , -5089.61 , -229366 , 49389.6 , 812069 , -12348.8 , -229494
505.53 , 5965.52 , -43.6679 , 1073.43 , -724.052 , -5927.45 , 758361 , 8.94839e+06 , -65485.5 , 1.61016e+06 , -1.08597e+06 , -8.89107e+06 , -4778.41 , -116873 , 22335.6 , 215716 , -6349.15 , -94039.4 , -16724.4 , -409055 , 78174.5 , 755007 , -22222 , -329138
686.933 , 3860.7 , -18.0634 , 130.378 , -865.454 , -1794.12 , 1.03048e+06 , 5.7912e+06 , -27080.2 , 195591 , -1.29807e+06 , -2.69113e+06 , -9458.88 , -140493 , 28617.2 , 139407 , -10243.7 , -122414 , -33106.1 , -491726 , 100160 , 487924 , -35853 , -428449
749.025 , -375.148 , -28.3672 , -368.857 , -830.248 , 3323.97 , 1.12363e+06 , -562665 , -42540.7 , -553231 , -1.24527e+06 , 4.98608e+06 , -14619.8 , -149854 , 32613.4 , 108878 , -14638.2 , -118293 , -51169.2 , -524489 , 114147 , 381071 , -51233.7 , -414026
645.797 , -4925.8 , -14.6642 , 1334.07 , -629.304 , 7222.4 , 968799 , -7.38863e+06 , -21990 , 2.00113e+06 , -943868 , 1.08337e+07 , -20096.2 , -157723 , 36903.7 , 144930 , -18128.9 , -79417.1 , -70336.6 , -552031 , 129163 , 507254 , -63451.1 , -277960
409.452 , -7333.78 , 59.6084 , 2325.48 , -312.968 , 9729.13 , 614294 , -1.10006e+07 , 89419.1 , 3.48823e+06 , -469388 , 1.45938e+07 , -25248 , -125960 , 41534.4 , 110143 , -20301.9 , -55199 , -88368.1 , -440861 , 145370 , 385501 , -71056.7 , -193197
150.906 , -6242.21 , 113.427 , 297.679 , 59.7249 , 10127.3 , 226458 , -9.36326e+06 , 170183 , 446532 , 89600.6 , 1.51911e+07 , -27989.1 , -28131.2 , 43025.5 , -3010.01 , -22172.4 , -59608.7 , -97962 , -98459.1 , 150589 , -10535 , -77603.3 , -208631
-43.1519 , -4474.3 , 79.674 , -1814.26 , 391.194 , 7463.57 , -64716.6 , -6.7114e+06 , 119537 , -2.72137e+06 , 586944 , 1.11955e+07 , -26581.6 , 90564.3 , 41458.4 , -38434.3 , -23913.2 , -41789.6 , -93035.5 , 316975 , 145105 , -134520 , -83696.3 , -146263
-214.5 , -5014.77 , 18.2731 , -1215.98 , 582.146 , 2611.2 , -321716 , -7.52201e+06 , 27430.4 , -1.82396e+06 , 873362 , 3.91684e+06 , -21554.8 , 162567 , 39788.8 , -30374.5 , -24229.6 , 11755.4 , -75441.7 , 568984 , 139261 , -106311 , -84803.6 , 41143.9
-413.152 , -5298.89 , -0.77105 , -65.1998 , 586.423 , -2521.98 , -619653 , -7.94821e+06 , -1146.26 , -97759.5 , 879751 , -3.78293e+06 , -15295.9 , 156511 , 37208.4 , -83747.3 , -22665.7 , 53285.5 , -53535.6 , 547790 , 130229 , -293116 , -79329.9 , 186499
-566.466 , -2513.99 , -11.3675 , -790.656 , 435.754 , -5651.22 , -849577 , -3.77094e+06 , -17049.1 , -1.18594e+06 , 653700 , -8.47671e+06 , -10471.8 , 87682.1 , 33164 , -79371.1 , -20003.9 , 75732.1 , -36651.1 , 306887 , 116074 , -277799 , -70013.8 , 265062
-584.767 , 1713.13 , -60.1172 , -1678.03 , 220.936 , -6270.09 , -877004 , 2.56977e+06 , -90170.7 , -2.51702e+06 , 331428 , -9.40499e+06 , -8468.96 , 7576.32 , 31628 , 43985.5 , -16359.6 , 107402 , -29641.4 , 26517.1 , 110698 , 153949 , -57258.6 , 375906
-453.59 , 5632.85 , -104.888 , -487.257 , -2.73019 , -6460.07 , -680231 , 8.44938e+06 , -157313 , -730881 , -4095.27 , -9.69001e+06 , -8838.11 , -42888.3 , 34074.2 , 114647 , -11749 , 118382 , -30933.4 , -150109 , 119260 , 401264 , -41121.6 , 414336
-197.07 , 8442.49 , -84.7025 , 1456.56 , -237.026 , -6605.22 , -295503 , 1.26638e+07 , -127025 , 2.18484e+06 , -355449 , -9.90776e+06 , -10496 , -68672.1 , 36572.5 , 62346.3 , -7871.12 , 64047.2 , -36736 , -240352 , 128004 , 218212 , -27548.9 , 224165
114.899 , 8474.64 , -23.2048 , 1561.6 , -443.398 , -4626.9 , 172371 , 1.27121e+07 , -34793.9 , 2.34241e+06 , -664939 , -6.9403e+06 , -12874.5 , -84787.7 , 36947.2 , 25367.7 , -6816.02 , -30278.5 , -45060.9 , -296757 , 129315 , 88786.9 , -23856.1 , -105975
372.709 , 5731.39 , 7.39244 , 63.3712 , -533.473 , -495.256 , 559138 , 8.59723e+06 , 11093.6 , 95059.4 , -800088 , -742848 , -15615.9 , -89531.1 , 37669.9 , 80912.9 , -9079.6 , -115978 , -54655.7 , -313359 , 131845 , 283195 , -31778.6 , -405924
520.632 , 2843.03 , -8.70342 , -712.416 , -483.541 , 2525.68 , 781044 , 4.2647e+06 , -13052 , -1.0686e+06 , -725232 , 3.78857e+06 , -18372.8 , -89367.8 , 41019.2 , 159232 , -13908.9 , -172280 , -64304.8 , -312787 , 143567 , 557313 , -48681.2 , -602978
590.357 , 1384.37 , -25.5058 , -124.89 , -388.161 , 1967.29 , 885644 , 2.07665e+06 , -38255.1 , -187308 , -582188 , 2.95105e+06 , -21258.2 , -99463.1 , 46527 , 201390 , -20032.7 , -188017 , -74403.6 , -348121 , 162845 , 704866 , -70114.4 , -658059
612.577 , -149.619 , -18.1381 , 387.53 , -351.128 , -30.0949 , 918980 , -224422 , -27203.4 , 581344 , -526643 , -45024.5 , -24611 , -113233 , 52592.9 , 190713 , -25971.2 , -166185 , -86138.6 , -396315 , 184075 , 667496 , -90899 , -581647
550.741 , -3248.81 , -5.01627 , 284.014 , -342.809 , 844.648 , 826230 , -4.87313e+06 , -7520.76 , 426035 , -514155 , 1.26703e+06 , -27977.1 , -95621.3 , 56818.6 , 100275 , -30656.2 , -121745 , -97919.8 , -334675 , 198865 , 350962 , -107297 , -426107
368.634 , -6380.55 , 6.58487 , 436.432 , -240.386 , 4651.79 , 553076 , -9.57074e+06 , 9878.86 , 654669 , -360514 , 6.97775e+06 , -29663.1 , -22425.1 , 56700 , -31809.6 , -33254.1 , -50459.9 , -103821 , -78487.9 , 198450 , -111334 , -116389 , -176610
107.109 , -7565.78 , 31.3823 , 905.277 , -17.6565 , 6784.77 , 160810 , -1.13486e+07 , 47098.2 , 1.35793e+06 , -26411.6 , 1.01772e+07 , -28217.6 , 63998.5 , 52765.2 , -92016.4 , -32784.8 , 41758.3 , -98761.7 , 223995 , 184678 , -322057 , -114747 , 146154
-168.171 , -7422.52 , 65.9955 , 891.093 , 212.852 , 5399.08 , -252200 , -1.11337e+07 , 99032.6 , 1.33665e+06 , 319377 , 8.09869e+06 , -24634.5 , 86167.8 , 48655.1 , -47819 , -29338.9 , 104214 , -86220.7 , 301587 , 170293 , -167366 , -102686 , 364750
-429.115 , -6708.84 , 88.9938 , 332.779 , 381.627 , 4091.13 , -643580 , -1.00631e+07 , 133499 , 499175 , 572529 , 6.13676e+06 , -21558.2 , 44341.4 , 46459.6 , -5369.51 , -24678.9 , 110294 , -75453.6 , 155195 , 162609 , -18793.3 , -86376.2 , 386030
-632.908 , -4050.31 , 87.4249 , -451.242 , 536.425 , 4368.25 , -949256 , -6.07536e+06 , 131143 , -676840 , 804721 , 6.55246e+06 , -19933.8 , 16481.5 , 44239.4 , -46852.4 , -20232.8 , 98948.9 , -69768.4 , 57685.2 , 154838 , -163984 , -70814.7 , 346321
-699.457 , 456.64 , 52.4127 , -1523.65 , 675.038 , 2652.51 , -1.04908e+06 , 684974 , 78624.2 , -2.28542e+06 , 1.01265e+06 , 3.97887e+06 , -18465.2 , 31234.9 , 40025 , -92709.3 , -16136.9 , 87109.2 , -64628.3 , 109322 , 140088 , -324483 , -56479.2 , 304882
-621.669 , 3323.23 , -19.9768 , -2341.47 , 693.238 , -1772.58 , -932410 , 4.98494e+06 , -29958.4 , -3.51215e+06 , 1.03995e+06 , -2.65883e+06 , -16303.3 , 47759.6 , 35692.3 , -52058.7 , -12913.9 , 47590 , -57061.7 , 167159 , 124923 , -182206 , -45198.7 , 166565
-496.889 , 3299.37 , -97.6412 , -1680.74 , 563.811 , -4863.91 , -745246 , 4.94913e+06 , -146449 , -2.52106e+06 , 845810 , -7.29575e+06 , -13800.2 , 52875.1 , 33412 , -272.364 , -11448.7 , -2779.19 , -48300.7 , 185063 , 116942 , -953.275 , -40070.6 , -9727.15
-377.841 , 3486.82 , -124.602 , 220.128 , 368.788 , -5707.55 , -566673 , 5.23029e+06 , -186884 , 330206 , 553256 , -8.56119e+06 , -11044.4 , 63167.4 , 31738.8 , -17738.7 , -11358.6 , -26601.8 , -38655.5 , 221086 , 111086 , -62085.4 , -39755.1 , -93106.3
-223.491 , 4945.04 , -91.1267 , 1348.82 , 143.112 , -6810.55 , -335142 , 7.41764e+06 , -136666 , 2.02325e+06 , 214706 , -1.02157e+07 , -8096.66 , 57981 , 29239.1 , -27167.4 , -11840.4 , -39235 , -28338.3 , 202934 , 102337 , -95085.9 , -41441.4 , -137322
-32.8957 , 5041.84 , -47.8652 , 866.783 , -124.252 , -7540.23 , -49250.4 , 7.56283e+06 , -71773.3 , 1.30019e+06 , -186308 , -1.13102e+07 , -6179.81 , 5128.98 , 27898.3 , 43467.1 , -12841.4 , -52185.7 , -21629.3 , 17951.4 , 97643.9 , 152135 , -44945.1 , -182650
121.709 , 3207.25 , -30.1954 , 234.015 , -369.184 , -5374.76 , 182625 , 4.81093e+06 , -45271.2 , 351038 , -553629 , -8.06205e+06 , -6856.85 , -77696.2 , 29551 , 117388 , -13934.7 , -40039.4 , -23999 , -271937 , 103428 , 410857 , -48771.3 , -140138
216.003 , 2122.26 , -17.5826 , 598.501 , -495.339 , -1476.98 , 324056 , 3.18345e+06 , -26357.6 , 897775 , -742876 , -2.21542e+06 , -10295.7 , -139606 , 32569.3 , 118245 , -14161 , -8248.04 , -36034.9 , -488622 , 113992 , 413856 , -49563.6 , -28868.1
302.569 , 2543.5 , 18.1755 , 1332.15 , -493.417 , 1568.69 , 453914 , 3.81534e+06 , 27274.2 , 1.99828e+06 , -740014 , 2.35308e+06 , -15085.8 , -150646 , 35121.1 , 103680 , -13496.4 , 5276.76 , -52800.4 , -527261 , 122924 , 362880 , -47237.4 , 18468.7
393.494 , 1986.62 , 71.9095 , 1517.6 , -387.635 , 4609.5 , 590329 , 2.98001e+06 , 107874 , 2.27643e+06 , -581376 , 6.91438e+06 , -19378.7 , -113241 , 37295.7 , 82007.6 , -13000.6 , -16025.5 , -67825.4 , -396343 , 130535 , 287027 , -45502.1 , -56089.3
430.802 , -186.758 , 117.815 , 914.371 , -160.653 , 7990.76 , 646326 , -280063 , 176742 , 1.37158e+06 , -240957 , 1.19863e+07 , -21604.1 , -36632.4 , 37203 , -28468.2 , -13693.9 , -54271.1 , -75614.2 , -128213 , 130211 , -99638.7 , -47928.6 , -189949
384.807 , -2496.9 , 129.321 , -327.961 , 147.715 , 8677.05 , 577341 , -3.74533e+06 , 194013 , -491915 , 221598 , 1.30157e+07 , -20648.5 , 58655.8 , 32824.5 , -126485 , -15474.9 , -69030.6 , -72269.7 , 205295 , 114886 , -442697 , -54162.1 , -241607
248.127 , -5378.1 , 93.1317 , -1593.7 , 412.464 , 5844.55 , 372250 , -8.06707e+06 , 139731 , -2.39052e+06 , 618816 , 8.76692e+06 , -16666.8 , 124503 , 27358.2 , -97040.6 , -17027.8 , -42769.7 , -58333.9 , 435759 , 95753.7 , -339642 , -59597.4 , -149694
1.69218 , -8174.87 , 24.0458 , -2064.84 , 540.166 , 1356.56 , 2563.62 , -1.22622e+07 , 36097.8 , -3.09724e+06 , 810409 , 2.03486e+06 , -11420.1 , 130153 , 23355 , -76395 , -17389.3 , -8810.48 , -39970.5 , 455537 , 81742.6 , -267383 , -60862.4 , -30836.7
-299.747 , -8209.05 , -44.9045 , -1658.55 , 495.456 , -3472.5 , -449556 , -1.23134e+07 , -67336.7 , -2.48781e+06 , 743307 , -5.20871e+06 , -6878.46 , 91284.8 , 19068.5 , -96319.9 , -16821.5 , 11412.6 , -24074.6 , 319497 , 66739.6 , -337119 , -58875.2 , 39944
-558.084 , -6237.57 , -92.5427 , -975.976 , 307.026 , -6082.09 , -836991 , -9.35627e+06 , -138804 , -1.46393e+06 , 460585 , -9.12305e+06 , -4261.52 , 27162.3 , 15502.3 , -32898.4 , -15470.7 , 40261.7 , -14915.3 , 95067.9 , 54258.1 , -115145 , -54147.4 , 140916
-735.516 , -3706.07 , -115.19 , -257.524 , 101.876 , -4398.73 , -1.10312e+06 , -5.55902e+06 , -172777 , -386252 , 152831 , -6.598e+06 , -4100.15 , -36324 , 14817.5 , 31164.7 , -12788.4 , 84214.9 , -14350.5 , -127134 , 51861.2 , 109077 , -44759.3 , 294752
-793.448 , 471.085 , -108.752 , 631.087 , 5.59872 , -633.154 , -1.19001e+06 , 706670 , -163122 , 946681 , 8419.35 , -949614 , -5469.84 , -49507.1 , 14800.8 , 5535.83 , -8608.17 , 121948 , -19144.4 , -173275 , 51802.8 , 19375.4 , -30128.6 , 426819
-682.769 , 5151.1 , -71.079 , 1395.77 , 30.508 , 2082.72 , -1.024e+06 , 7.72677e+06 , -106611 , 2.09369e+06 , 45789.7 , 3.12411e+06 , -6321.59 , -13575.8 , 13741.8 , -13578 , -3484.74 , 136469 , -22125.6 , -47515.2 , 48096.4 , -47522.8 , -12196.6 , 477642
-430.908 , 8128.76 , -13.6284 , 1738.77 , 126.207 , 3450.97 , -646247 , 1.21933e+07 , -20434.5 , 2.60818e+06 , 189343 , 5.17649e+06 , -6039.18 , 5754.01 , 12896.1 , 5386.55 , 1307.36 , 100972 , -21137.1 , 20139 , 45136.3 , 18852.9 , 4575.77 , 353400
-105.371 , 9260.56 , 51.6545 , 1864.83 , 253.49 , 3778.93 , -158039 , 1.3891e+07 , 77497.1 , 2.79729e+06 , 380365 , 5.66844e+06 , -5823.87 , -9795.93 , 12860.8 , 25152.3 , 3543.11 , -69.2938 , -20383.6 , -34285.8 , 45012.7 , 88033 , 12400.9 , -242.528
218.562 , 7912.21 , 115.202 , 1536.93 , 357.062 , 1975.65 , 327894 , 1.18685e+07 , 172844 , 2.30542e+06 , 535711 , 2.96353e+06 , -6081.61 , -10292.3 , 13816.1 , 58022.4 , 1709.92 , -107237 , -21285.6 , -36023.1 , 48356.5 , 203078 , 5984.72 , -375329
448.652 , 4368.58 , 147.912 , 120.081 , 355.509 , -1725.24 , 673092 , 6.55298e+06 , 221914 , 180149 , 533330 , -2.58783e+06 , -5733.59 , 22310.3 , 15932.6 , 73411.5 , -2751.95 , -135986 , -20067.6 , 78086.1 , 55763.9 , 256940 , -9631.81 , -475951
547.907 , 972.603 , 115.841 , -1825.61 , 226.541 , -4662.36 , 822007 , 1.45891e+06 , 173792 , -2.73835e+06 , 339856 , -6.99342e+06 , -4191.91 , 51668.1 , 17271.7 , 5126.53 , -6812.99 , -93519.8 , -14671.7 , 180838 , 60450.9 , 17942.9 , -23845.5 , -327319
532.959 , -2205.5 , 29.6584 , -2642.95 , 29.8488 , -5566.98 , 799598 , -3.30821e+06 , 44497.6 , -3.96435e+06 , 44780.7 , -8.35038e+06 , -2096.99 , 55642.3 , 15017.6 , -113199 , -9270.26 , -55192.1 , -7339.48 , 194748 , 52561.6 , -396198 , -32445.9 , -193172
383.165 , -6482.05 , -51.1148 , -1575.72 , -173.988 , -5210.75 , 574857 , -9.72298e+06 , -76649.4 , -2.36354e+06 , -260955 , -7.81605e+06 , -270.662 , 39965.5 , 9592.6 , -157122 , -10866.6 , -38154.2 , -947.316 , 139879 , 33574.1 , -549925 , -38033.1 , -133540
88.1068 , -9535.5 , -73.9426 , 288.938 , -345.597 , -3792.71 , 132176 , -1.43031e+07 , -110893 , 433435 , -518281 , -5.68902e+06 , 546.826 , -119.213 , 4944.53 , -81750.8 , -11474.4 , 9557.43 , 1913.89 , -417.247 , 17305.9 , -286128 , -40160.5 , 33451
-227.587 , -7179.27 , -42.4569 , 1236.36 , -448.304 , -1531.66 , -341334 , -1.07688e+07 , -63668.9 , 1.8546e+06 , -672300 , -2.29748e+06 , -571.9 , -61615 , 4004.49 , 26212.6 , -9571.52 , 95869.3 , -2001.65 , -215653 , 14015.7 , 91744.2 , -33500.3 , 335543
-358.17 , 79.2977 , -3.44626 , 796.133 , -461.261 , 1121.82 , -537189 , 118948 , -5156.1 , 1.19424e+06 , -691755 , 1.6828e+06 , -3669.23 , -99361.7 , 6134.11 , 75934.7 , -4968.56 , 147301 , -12842.3 , -347766 , 21469.4 , 265771 , -17390 , 515552
-224.689 , 6473.73 , 9.84495 , 27.8665 , -372.246 , 4023.55 , -336974 , 9.7107e+06 , 14777.4 , 41823.8 , -558225 , 6.03542e+06 , -7089.09 , -77964.9 , 8526.83 , 39111 , -182.297 , 106163 , -24811.8 , -272877 , 29843.9 , 136889 , -638.039 , 371570
44.5144 , 7346.23 , 5.77897 , -125.59 , -187.173 , 6221.59 , 66807.4 , 1.10194e+07 , 8682.45 , -188358 , -280599 , 9.33249e+06 , -9061.68 , -26148.3 , 8862.71 , -24092.4 , 1747 , 999.904 , -31715.9 , -91519.1 , 31019.5 , -84323.3 , 6114.51 , 3499.66
243.04 , 3074.09 , 3.78147 , 11.1182 , 52.6667 , 7030.77 , 364707 , 4.61117e+06 , 5723.82 , 16722.6 , 79071.8 , 1.05463e+07 , -9313.54 , 15528.6 , 8222.42 , -7600.21 , -215.09 , -98301.8 , -32597.4 , 54350 , 28778.5 , -26600.7 , -752.817 , -344056
255.847 , -2159.2 , 1.10015 , -209.679 , 294.405 , 6231.65 , 383836 , -3.23876e+06 , 1689.63 , -314513 , 441689 , 9.34761e+06 , -8297.77 , 47264.5 , 9620.02 , 68945.4 , -4852.01 , -141479 , -29042.2 , 165426 , 33670.1 , 241309 , -16982.1 , -495177
126.418 , -4546.38 , -13.194 , -526.571 , 463.293 , 2901.6 , 189663 , -6.81946e+06 , -19759.3 , -789820 , 695095 , 4.35247e+06 , -6280.1 , 69960.2 , 13081.5 , 89741.8 , -9699.3 , -109317 , -21980.4 , 244861 , 45785.2 , 314096 , -33947.5 , -382611
-42.2511 , -4818.04 , -30.6166 , -344.521 , 477.912 , -1881.11 , -63350.7 , -7.22695e+06 , -45918.1 , -516738 , 717016 , -2.82154e+06 , -3922.25 , 65085.2 , 15592.9 , 18335 , -12277.1 , -22123.9 , -13727.9 , 227798 , 54575.1 , 64172.5 , -42969.8 , -77433.7
-221.596 , -5262.79 , -34.442 , 130.782 , 345.104 , -4828.57 , -332338 , -7.89409e+06 , -51642.2 , 196210 , 517757 , -7.24275e+06 , -2193.8 , 40575.6 , 14671.2 , -88466.1 , -11606.2 , 62027 , -7678.31 , 142015 , 51349.1 , -309631 , -40621.5 , 217095
-405.709 , -4664.95 , -25.0064 , 339.92 , 163.072 , -4749.92 , -608435 , -6.99735e+06 , -37490.1 , 509926 , 244663 , -7.12478e+06 , -1265.64 , 24189.8 , 10871.1 , -127649 , -8704.46 , 100443 , -4429.74 , 84664.4 , 38049 , -446772 , -30465.6 , 351551
-520.066 , -1421.64 , -12.6206 , 357.59 , 14.0385 , -3413.7 , -779940 , -2.13242e+06 , -18922.1 , 536428 , 21115.4 , -5.12044e+06 , -832.267 , 9529.28 , 7696.09 , -63260.6 , -5162.39 , 103155 , -2912.93 , 33352.5 , 26936.3 , -221412 , -18068.4 , 361043
-487.524 , 3116.11 , 3.76749 , 603.943 , -95.4767 , -2690.08 , -731121 , 4.67423e+06 , 5653.61 , 905956 , -143147 , -4.03505e+06 , -1251.06 , -23087.5 , 7158.69 , -4957.65 , -1750.9 , 96672.4 , -4378.72 , -80806.3 , 25055.4 , -17351.8 , -6128.16 , 338353
-297.919 , 7107.26 , 32.7405 , 988.335 , -182.194 , -1798.91 , -446764 , 1.0661e+07 , 49145.2 , 1.48252e+06 , -273211 , -2.69835e+06 , -2850.48 , -47587.1 , 7216.26 , -29936.6 , 1325.81 , 83939.4 , -9976.67 , -166555 , 25256.9 , -104778 , 4640.35 , 293788
8.03639 , 9442.22 , 68.1625 , 858.456 , -201.266 , 1134.89 , 12057.4 , 1.41635e+07 , 102305 , 1.2877e+06 , -301784 , 1.70238e+06 , -4452.31 , -18780.7 , 5764.58 , -73223.7 , 3678.24 , 56568.5 , -15583.1 , -65732.3 , 20176 , -256283 , 12873.8 , 197990
352.56 , 9201.96 , 83.4139 , -95.5457 , -99.6414 , 4197 , 528977 , 1.38031e+07 , 125139 , -143299 , -149445 , 6.29557e+06 , -4158.56 , 49024 , 3661.22 , -61941.3 , 4778.87 , 15801.3 , -14555 , 171584 , 12814.3 , -216795 , 16726.1 , 55304.5
640.175 , 6477.49 , 59.8416 , -1094.46 , 48.4226 , 3279.89 , 960428 , 9.71638e+06 , 89768.6 , -1.64166e+06 , 72661.3 , 4.91989e+06 , -1826.99 , 82803 , 2974.74 , -1912.23 , 4110.81 , -43458.2 , -6394.45 , 289810 , 10411.6 , -6692.81 , 14387.8 , -152104
801.423 , 2425.27 , 17.4714 , -1025.36 , 87.4087 , -1335.47 , 1.2023e+06 , 3.638e+06 , 26210.9 , -1.53797e+06 , 131149 , -2.00317e+06 , 343.846 , 40996.3 , 4677.87 , 64948.8 , 727.436 , -134487 , 1203.46 , 143487 , 16372.5 , 227321 , 2546.03 , -470705
801.173 , -2463.56 , -2.26106 , 1.73735 , -39.4493 , -5259.29 , 1.20192e+06 , -3.69528e+06 , -3381.47 , 2669.64 , -59135.9 , -7.88881e+06 , 159.122 , -36706.7 , 8616.93 , 122434 , -5992.45 , -215202 , 556.928 , -128473 , 30159.2 , 428519 , -20973.6 , -753206
609.358 , -7962.85 , 11.8963 , 617.939 , -246.396 , -5724.97 , 914184 , -1.19441e+07 , 17859 , 926938 , -369550 , -8.58739e+06 , -2465.01 , -87829.9 , 14154 , 146011 , -13923.6 , -190071 , -8627.52 , -307405 , 49538.9 , 511039 , -48732.8 , -665249
245.161 , -11404.8 , 25.6269 , -18.2798 , -413.015 , -3312.48 , 367808 , -1.7107e+07 , 38460.9 , -27391.6 , -619386 , -4.96866e+06 , -6127.1 , -97324.5 , 18917.7 , 74382.5 , -18687.3 , -53310.8 , -21444.9 , -340636 , 66212 , 260339 , -65405.5 , -186588
-162.453 , -10377 , 2.81217 , -1204.15 , -461.885 , 584.11 , -243637 , -1.55653e+07 , 4234.13 , -1.80621e+06 , -692671 , 876213 , -9676.07 , -85775.3 , 19796.5 , -47014.2 , -18277.6 , 74568.1 , -33866.2 , -300214 , 69287.9 , -164550 , -63971.6 , 260988
-481.123 , -7110.86 , -54.5355 , -1807.54 , -359.241 , 4860.14 , -721564 , -1.06662e+07 , -81790.6 , -2.71129e+06 , -538796 , 7.29028e+06 , -12582.2 , -61940.6 , 17712.3 , -70765.5 , -14769.5 , 117676 , -44037.9 , -216792 , 61993 , -247679 , -51693.1 , 411864
-682.638 , -3897.89 , -115.442 , -1410.24 , -120.092 , 7871.57 , -1.0238e+06 , -5.84678e+06 , -173150 , -2.11533e+06 , -180112 , 1.18075e+07 , -14273 , -18573.7 , 16787.6 , -303.751 , -10694.8 , 115977 , -49955.4 , -65008 , 58756.4 , -1063.13 , -37431.9 , 405918
-750.336 , 560.47 , -144.178 , -67.1517 , 181.233 , 8239.84 , -1.12535e+06 , 840751 , -216254 , -100720 , 271866 , 1.23599e+07 , -14025.4 , 42592.8 , 17716.1 , 11655.6 , -6793.23 , 108345 , -49089.1 , 149075 , 62006.4 , 40794.5 , -23776.3 , 379209
-635.327 , 5762.27 , -113.156 , 1763.68 , 447.39 , 6045.35 , -952866 , 8.64347e+06 , -169722 , 2.64558e+06 , 671151 , 9.06815e+06 , -11455.3 , 106443 , 17019.1 , -78726.8 , -3291.95 , 92184.7 , -40093.6 , 372551 , 59566.9 , -275544 , -11521.8 , 322646
-371.318 , 8343.78 , -25.8933 , 2820.02 , 598.8 , 2028.92 , -556915 , 1.25158e+07 , -38826.9 , 4.23007e+06 , 898318 , 3.0434e+06 , -6811.12 , 153909 , 12858.9 , -156113 , -374.951 , 77987.8 , -23838.9 , 538683 , 45006.1 , -546395 , -1312.33 , 272957
-77.6984 , 7659.58 , 67.1242 , 2049.53 , 589.747 , -2535.56 , -116515 , 1.14895e+07 , 100709 , 3.07431e+06 , 884766 , -3.80331e+06 , -1078.68 , 162699 , 7643.85 , -134440 , 2090.31 , 62227.9 , -3775.37 , 569446 , 26753.5 , -470542 , 7316.1 , 217798
166.897 , 5969.53 , 108.353 , 224.752 , 436.372 , -5690.5 , 250380 , 8.95439e+06 , 162557 , 337153 , 654693 , -8.53568e+06 , 3948.45 , 112608 , 4319.47 , -66247.5 , 3325.62 , 4391.31 , 13819.6 , 394127 , 15118.1 , -231866 , 11639.7 , 15369.6
347.122 , 3974.29 , 93.4512 , -825.725 , 206.378 , -6908.69 , 520805 , 5.96149e+06 , 140206 , -1.23855e+06 , 309626 , -1.03629e+07 , 6146.57 , 10627.2 , 3093.37 , -19477.3 , 1760.39 , -83642.9 , 21513 , 37195.2 , 10826.8 , -68170.5 , 6161.38 , -292750
435.718 , 834.814 , 65.9187 , -557.474 , -50.0385 , -7305.09 , 653732 , 1.25227e+06 , 98897.7 , -836199 , -75047.1 , -1.09575e+07 , 4518.41 , -88173.7 , 3506.6 , 35272.3 , -2278.43 , -121938 , 15814.5 , -308608 , 12273.1 , 123453 , -7974.49 , -426781
404.975 , -2257.52 , 56.193 , -52.6023 , -304.099 , -6554.49 , 607578 , -3.38624e+06 , 84308.9 , -78866.9 , -456083 , -9.83158e+06 , 429.62 , -120627 , 6364.98 , 109937 , -6264.5 , -86562.3 , 1503.67 , -422194 , 22277.4 , 384779 , -21925.8 , -302968
298.002 , -3249.43 , 52.6658 , -271.945 , -487.598 , -3343.69 , 447067 , -4.87405e+06 , 79011.8 , -407870 , -731278 , -5.01546e+06 , -3583.13 , -93117.4 , 10894.7 , 112062 , -8457.42 , -32212.4 , -12540.9 , -325911 , 38131.5 , 392218 , -29601 , -112743
184.107 , -2962.87 , 29.9544 , -997.53 , -525.359 , 1098.19 , 276197 , -4.44419e+06 , 44935.3 , -1.49627e+06 , -787896 , 1.64737e+06 , -6452.37 , -66308.4 , 13317 , 2876.55 , -8922.21 , 8100.85 , -22583.3 , -232079 , 46609.5 , 10067.9 , -31227.7 , 28353
74.3751 , -3084.85 , -15.2665 , -1400.33 , -420.034 , 4348.34 , 111579 , -4.6272e+06 , -22897.3 , -2.10046e+06 , -629899 , 6.52262e+06 , -8733.66 , -57148.7 , 11698.9 , -81096.7 , -8175.11 , 33928.5 , -30567.8 , -200021 , 40946.1 , -283839 , -28612.9 , 118750
-38.0122 , -2846.2 , -61.8958 , -1079.53 , -227.151 , 6030.47 , -57009.8 , -4.26923e+06 , -92810.2 , -1.61927e+06 , -340583 , 9.0458e+06 , -10487.6 , -32726.9 , 9640.99 , -18016.1 , -6879.68 , 36481.4 , -36706.7 , -114544 , 33743.5 , -63056.3 , -24078.9 , 127685
-112.365 , -939.045 , -86.9841 , -261.591 , 0.526878 , 6197.63 , -168465 , -1.40854e+06 , -130424 , -392370 , 880.909 , 9.29659e+06 , -10896.4 , 13468.1 , 11268.1 , 93304.5 , -5906.07 , 18041.4 , -38137.2 , 47138.5 , 39438.4 , 326566 , -20671.2 , 63144.9
-101.87 , 1465.58 , -77.8021 , 790.258 , 197.788 , 4370.76 , -152723 , 2.19841e+06 , -116663 , 1.18542e+06 , 296768 , 6.55629e+06 , -9599.3 , 57437.8 , 15044.6 , 87828.7 , -5721.91 , -5942.13 , -33597.5 , 201032 , 52655.9 , 307400 , -20026.7 , -20797.5
-40.512 , 1520.36 , -31.8534 , 1661.62 , 306.685 , 1613.54 , -60714.6 , 2.28057e+06 , -47771.5 , 2.49249e+06 , 460181 , 2.4204e+06 , -6996.4 , 84191.4 , 16302.8 , -26899.2 , -6339 , -25687.1 , -24487.4 , 294670 , 57059.6 , -94147.3 , -22186.5 , -89905
-30.7291 , -1099.42 , 28.2486 , 1434.82 , 324.084 , -578.236 , -46062.9 , -1.64909e+06 , 42390.9 , 2.15229e+06 , 486269 , -867265 , -3918.16 , 81026.4 , 13553.9 , -110802 , -7310.96 , -23014.6 , -13713.6 , 283592 , 47438.8 , -387806 , -25588.4 , -80551.3
-115.309 , -3185.78 , 55.5925 , -17.0602 , 277.185 , -1937.92 , -172939 , -4.77856e+06 , 83400.9 , -25552.2 , 415878 , -2.90682e+06 , -1693.1 , 36708.9 , 9949.08 , -72591 , -7613.53 , 8407.56 , -5925.86 , 128481 , 34821.8 , -254068 , -26647.4 , 29426.5
-231.114 , -2901.86 , 31.3367 , -1112.91 , 200.449 , -2119.05 , -346611 , -4.3527e+06 , 47028.9 , -1.6693e+06 , 300737 , -3.1785e+06 , -1509.87 , -25287.5 , 8997.38 , 12472.4 , -6760.2 , 34149.2 , -5284.55 , -88506.3 , 31490.8 , 43653.3 , -23660.7 , 119522
-310.02 , -1453.64 , -4.12702 , -634.461 , 139.486 , -1164.16 , -464921 , -2.18037e+06 , -6179.36 , -951651 , 209272 , -1.74615e+06 , -3051.38 , -51283.2 , 9610.27 , 1026.44 , -5444.47 , 36317.3 , -10679.8 , -179491 , 33635.9 , 3592.55 , -19055.6 , 127111
