0 , -6.71894e+10 , -5.32741e+09
0.001001 , -4.12666e+11 , -1.63327e+10
0.002002 , 2.96833e+11 , 4.33704e+08
0.003003 , -2.48107e+11 , -1.04939e+10
0.004004 , 8.05359e+10 , 5.85351e+09
0.00500501 , -4.93939e+10 , -5.21387e+09
0.00600601 , 3.2646e+10 , 1.98464e+09
0.00700701 , -3.18039e+10 , -3.62491e+09
0.00800801 , 2.32675e+10 , 7.32318e+08
0.00900901 , -2.56804e+10 , -4.18125e+09
0.01001 , 2.08991e+10 , -2.27005e+09
0.011011 , 6.83982e+09 , -9.47332e+09
0.012012 , -5.35083e+11 , -6.31522e+09
0.013013 , -5.62057e+10 , 4.15824e+09
0.014014 , -9.57652e+10 , -7.87804e+09
0.015015 , -9.93336e+10 , -1.22165e+10
0.016016 , 3.18569e+10 , -4.35753e+09
0.017017 , -2.29913e+11 , -6.09873e+09
0.018018 , -1.14775e+11 , -9.56968e+09
0.019019 , 1.78268e+09 , -1.25744e+09
0.02002 , -1.33243e+11 , -8.68134e+09
0.021021 , -6.84218e+10 , -5.63747e+09
0.022022 , -5.54085e+09 , -2.34245e+09
0.023023 , -8.90819e+10 , -9.65016e+08
0.024024 , -1.62709e+10 , -4.04394e+09
0.025025 , -4.20971e+10 , -3.08045e+09
0.026026 , 5.35408e+09 , -4.37851e+09
0.027027 , -3.94783e+10 , -4.67684e+09
0.028028 , -2.79929e+10 , -3.55071e+09
0.029029 , -1.72409e+10 , -1.99147e+09
0.03003 , -1.49874e+10 , -1.99159e+09
0.031031 , -1.60902e+10 , -2.8964e+08
0.032032 , -2.37132e+09 , -1.46555e+09
0.033033 , -2.68975e+10 , -4.04842e+09
0.034034 , -3.17242e+10 , -5.95859e+09
0.035035 , -9.93712e+09 , -2.83263e+09
0.036036 , -8.67088e+09 , -1.90095e+09
0.037037 , -5.14167e+09 , -2.76923e+09
0.038038 , -3.9877e+09 , -3.13318e+09
0.039039 , -7.65971e+09 , -2.54764e+09
0.04004 , -7.00911e+09 , -1.761e+09
0.041041 , -1.57134e+10 , -2.28637e+09
0.042042 , -1.40995e+09 , -1.96464e+09
0.043043 , -9.47283e+09 , -1.45456e+09
0.044044 , -5.07456e+09 , -9.75757e+08
0.045045 , -1.18326e+10 , -1.15129e+09
0.046046 , -6.74269e+08 , -1.03052e+09
0.047047 , -8.65257e+09 , -1.01859e+09
0.048048 , -6.13092e+08 , -1.13779e+09
0.049049 , -5.39546e+09 , -8.67055e+08
0.0500501 , 1.57064e+08 , -5.37256e+08
0.0510511 , -5.29925e+09 , -5.33352e+08
0.0520521 , -2.43154e+09 , -4.7024e+08
0.0530531 , -7.11166e+09 , -7.46006e+08
0.0540541 , -4.5826e+08 , -6.12236e+08
0.0550551 , -5.0043e+09 , -3.60786e+08
0.0560561 , -2.21858e+08 , -1.7872e+08
0.0570571 , -2.78742e+09 , -3.89599e+08
0.0580581 , 4.93409e+08 , -2.86925e+08
0.0590591 , -3.35562e+09 , -4.30073e+08
0.0600601 , 3.95981e+08 , -1.54754e+08
0.0610611 , -2.80922e+09 , -3.3637e+08
0.0620621 , 9.34564e+08 , -9.30422e+07
0.0630631 , -3.05024e+09 , -2.11096e+08
0.0640641 , 8.60554e+08 , -4.25902e+07
0.0650651 , -2.47946e+09 , -1.14551e+08
0.0660661 , 1.54398e+09 , -3.11002e+07
0.0670671 , -2.70409e+09 , -1.96043e+08
0.0680681 , 1.70136e+09 , 6.6634e+07
0.0690691 , -2.59622e+09 , -1.81257e+08
0.0700701 , 1.90709e+09 , 8.56662e+07
0.0710711 , -3.18401e+09 , -2.46927e+08
0.0720721 , 2.24719e+09 , 1.28473e+08
0.0730731 , -3.224e+09 , -2.77966e+08
0.0740741 , 2.48116e+09 , 1.80444e+08
0.0750751 , -3.7758e+09 , -3.93568e+08
0.0760761 , 3.04637e+09 , 2.86456e+08
0.0770771 , -4.90917e+09 , -6.88317e+08
0.0780781 , 3.82281e+09 , 4.50936e+08
0.0790791 , -8.07614e+09 , -1.75098e+09
0.0800801 , 5.28952e+09 , 5.42386e+08
0.0810811 , -2.20374e+10 , -9.6604e+09
0.0820821 , -5.48931e+09 , -4.5139e+09
0.0830831 , -1.00565e+09 , -8.3698e+08
0.0840841 , -1.25496e+09 , -2.14646e+09
0.0850851 , -1.22727e+09 , 1.39139e+08
0.0860861 , -2.95952e+08 , -1.56008e+09
0.0870871 , -1.68971e+09 , 2.38611e+08
0.0880881 , -3.12779e+08 , -1.22283e+09
0.0890891 , -1.4558e+09 , 1.87692e+08
0.0900901 , -5.54047e+08 , -8.44999e+08
0.0910911 , -9.28685e+08 , 1.2092e+08
0.0920921 , -6.15111e+08 , -5.38373e+08
0.0930931 , -5.52522e+08 , 7.9338e+07
0.0940941 , -5.29168e+08 , -3.47899e+08
0.0950951 , -3.67305e+08 , 5.8111e+07
0.0960961 , -4.00125e+08 , -2.37806e+08
0.0970971 , -2.93658e+08 , 4.73461e+07
0.0980981 , -2.75241e+08 , -1.72662e+08
0.0990991 , -2.73656e+08 , 4.14283e+07
0.1001 , -1.67659e+08 , -1.32019e+08
0.101101 , -2.77539e+08 , 3.76651e+07
0.102102 , -7.85715e+07 , -1.05182e+08
0.103103 , -2.90912e+08 , 3.49046e+07
0.104104 , -5.80456e+06 , -8.6581e+07
0.105105 , -3.07049e+08 , 3.26457e+07
0.106106 , 5.34878e+07 , -7.31377e+07
0.107107 , -3.23134e+08 , 3.07191e+07
0.108108 , 1.01915e+08 , -6.31413e+07
0.109109 , -3.37826e+08 , 2.90298e+07
0.11011 , 1.4164e+08 , -5.55442e+07
0.111111 , -3.50814e+08 , 2.75538e+07
0.112112 , 1.74374e+08 , -4.96734e+07
0.113113 , -3.62048e+08 , 2.62877e+07
0.114114 , 2.01502e+08 , -4.50849e+07
0.115115 , -3.71628e+08 , 2.52083e+07
0.116116 , 2.24104e+08 , -4.14749e+07
0.117117 , -3.79673e+08 , 2.43224e+07
0.118118 , 2.42937e+08 , -3.86283e+07
0.119119 , -3.86451e+08 , 2.36108e+07
0.12012 , 2.58703e+08 , -3.64188e+07
0.121121 , -3.92141e+08 , 2.30723e+07
0.122122 , 2.71926e+08 , -3.47431e+07
0.123123 , -3.96945e+08 , 2.27185e+07
0.124124 , 2.83045e+08 , -3.35578e+07
0.125125 , -4.01115e+08 , 2.25523e+07
0.126126 , 2.92461e+08 , -3.28349e+07
0.127127 , -4.04926e+08 , 2.2602e+07
0.128128 , 3.00464e+08 , -3.25899e+07
0.129129 , -4.08674e+08 , 2.2898e+07
0.13013 , 3.07227e+08 , -3.28872e+07
0.131131 , -4.12677e+08 , 2.35159e+07
0.132132 , 3.12663e+08 , -3.38995e+07
0.133133 , -4.17309e+08 , 2.46236e+07
0.134134 , 3.16107e+08 , -3.60032e+07
0.135135 , -4.23021e+08 , 2.64622e+07
0.136136 , 3.16086e+08 , -3.97386e+07
0.137137 , -4.30303e+08 , 2.8889e+07
0.138138 , 3.10273e+08 , -4.47258e+07
0.139139 , -4.38322e+08 , 2.93742e+07
0.14014 , 2.98952e+08 , -4.5943e+07
0.141141 , -4.41858e+08 , 2.14343e+07
0.142142 , 2.92333e+08 , -3.53734e+07
0.143143 , -4.36815e+08 , 6.20454e+06
0.144144 , 2.96955e+08 , -1.96094e+07
0.145145 , -4.29439e+08 , -5.45974e+06
0.146146 , 3.04748e+08 , -8.82257e+06
0.147147 , -4.23995e+08 , -1.13498e+07
0.148148 , 3.10755e+08 , -3.17597e+06
0.149149 , -4.20173e+08 , -1.3973e+07
0.15015 , 3.14752e+08 , -438564
0.151151 , -4.17102e+08 , -1.50672e+07
0.152152 , 3.17426e+08 , 807947
0.153153 , -4.14339e+08 , -1.54594e+07
0.154154 , 3.19366e+08 , 1.28042e+06
0.155155 , -4.11722e+08 , -1.55371e+07
0.156156 , 3.20959e+08 , 1.3414e+06
0.157157 , -4.09237e+08 , -1.54954e+07
0.158158 , 3.22439e+08 , 1.18451e+06
0.159159 , -4.06948e+08 , -1.54428e+07
0.16016 , 3.23998e+08 , 918780
0.161161 , -4.04946e+08 , -1.54409e+07
0.162162 , 3.25775e+08 , 607848
0.163163 , -4.03349e+08 , -1.55386e+07
0.164164 , 3.27832e+08 , 272010
0.165165 , -4.0218e+08 , -1.57565e+07
0.166166 , 3.30325e+08 , -58964
0.167167 , -4.01595e+08 , -1.61301e+07
0.168168 , 3.33306e+08 , -378026
0.169169 , -4.01654e+08 , -1.66864e+07
0.17017 , 3.36855e+08 , -683713
0.171171 , -4.02448e+08 , -1.74687e+07
0.172172 , 3.41059e+08 , -971726
0.173173 , -4.04079e+08 , -1.85271e+07
0.174174 , 3.45975e+08 , -1.24427e+06
0.175175 , -4.06658e+08 , -1.99293e+07
0.176176 , 3.51657e+08 , -1.48788e+06
0.177177 , -4.10291e+08 , -2.17716e+07
0.178178 , 3.58064e+08 , -1.68146e+06
0.179179 , -4.15088e+08 , -2.41746e+07
0.18018 , 3.6502e+08 , -1.78254e+06
0.181181 , -4.21107e+08 , -2.72816e+07
0.182182 , 3.72018e+08 , -1.71241e+06
0.183183 , -4.28274e+08 , -3.12185e+07
0.184184 , 3.78036e+08 , -1.35742e+06
0.185185 , -4.36285e+08 , -3.60074e+07
0.186186 , 3.81348e+08 , -609652
0.187187 , -4.44658e+08 , -4.13624e+07
0.188188 , 3.7976e+08 , 478890
0.189189 , -4.53018e+08 , -4.64874e+07
0.19019 , 3.71794e+08 , 1.39638e+06
0.191191 , -4.62168e+08 , -5.01145e+07
0.192192 , 3.58261e+08 , 784277
0.193193 , -4.74996e+08 , -5.10872e+07
0.194194 , 3.42194e+08 , -3.72885e+06
0.195195 , -4.96289e+08 , -4.90319e+07
0.196196 , 3.26201e+08 , -1.58726e+07
0.197197 , -5.31263e+08 , -4.45128e+07
0.198198 , 3.09023e+08 , -4.1954e+07
0.199199 , -5.82952e+08 , -3.93713e+07
0.2002 , 2.82752e+08 , -9.24346e+07
0.201201 , -6.43021e+08 , -3.91123e+07
0.202202 , 2.29649e+08 , -1.75605e+08
0.203203 , -6.66628e+08 , -5.59406e+07
0.204204 , 1.31684e+08 , -2.59862e+08
0.205205 , -5.81721e+08 , -9.21125e+07
0.206206 , 1.74694e+07 , -2.61579e+08
0.207207 , -4.26902e+08 , -1.12967e+08
0.208208 , -5.53925e+07 , -1.88439e+08
0.209209 , -3.06703e+08 , -1.01237e+08
0.21021 , -8.2283e+07 , -1.16254e+08
0.211211 , -2.37109e+08 , -7.56522e+07
0.212212 , -8.21834e+07 , -6.97691e+07
0.213213 , -1.97841e+08 , -5.1629e+07
0.214214 , -6.87559e+07 , -4.33064e+07
0.215215 , -1.74345e+08 , -3.37701e+07
0.216216 , -4.99622e+07 , -2.84699e+07
0.217217 , -1.59082e+08 , -2.16551e+07
0.218218 , -3.00724e+07 , -1.98959e+07
0.219219 , -1.47981e+08 , -1.36733e+07
0.22022 , -1.09005e+07 , -1.46654e+07
0.221221 , -1.38648e+08 , -8.40895e+06
0.222222 , 7.23355e+06 , -1.11457e+07
0.223223 , -1.29328e+08 , -4.97233e+06
0.224224 , 2.49189e+07 , -8.29992e+06
0.225225 , -1.18107e+08 , -2.93069e+06
0.226226 , 4.31581e+07 , -5.50085e+06
0.227227 , -1.02254e+08 , -1.91348e+06
0.228228 , 6.25668e+07 , -2.86323e+06
0.229229 , -8.06957e+07 , -470660
0.23023 , 7.93609e+07 , -3.6712e+06
0.231231 , -7.13173e+07 , 6.4794e+06
0.232232 , 8.0704e+07 , -1.44636e+07
0.233233 , -9.61195e+07 , 1.28349e+07
0.234234 , 5.86505e+07 , -1.88837e+07
0.235235 , -1.64489e+08 , 3.51779e+06
0.236236 , 4.20184e+07 , -1.13648e+07
0.237237 , -2.01738e+08 , -2.08869e+06
0.238238 , 5.02176e+07 , -7.30479e+06
0.239239 , -2.08337e+08 , -2.85869e+06
0.24024 , 6.33046e+07 , -5.8606e+06
0.241241 , -2.08893e+08 , -2.69471e+06
0.242242 , 7.64332e+07 , -5.3846e+06
0.243243 , -2.09843e+08 , -2.41794e+06
0.244244 , 8.95436e+07 , -5.43427e+06
0.245245 , -2.13046e+08 , -2.16404e+06
0.246246 , 1.03299e+08 , -5.95172e+06
0.247247 , -2.19945e+08 , -1.98228e+06
0.248248 , 1.18549e+08 , -7.04957e+06
0.249249 , -2.32897e+08 , -2.03242e+06
0.25025 , 1.36234e+08 , -9.01745e+06
0.251251 , -2.56729e+08 , -2.92346e+06
0.252252 , 1.56835e+08 , -1.23267e+07
0.253253 , -3.01408e+08 , -7.07997e+06
0.254254 , 1.76422e+08 , -1.67943e+07
0.255255 , -3.78642e+08 , -2.40477e+07
0.256256 , 1.74353e+08 , -1.38939e+07
0.257257 , -4.52794e+08 , -7.07461e+07
0.258258 , 1.51573e+08 , 1.92101e+07
0.259259 , -5.83858e+08 , -1.05013e+08
0.26026 , -1.03771e+08 , 2.43455e+07
0.261261 , -2.90702e+08 , -1.87669e+07
0.262262 , -1.26313e+08 , 1.18406e+06
0.263263 , -1.69654e+08 , -9.36014e+06
0.264264 , -9.80967e+07 , 9.58934e+06
0.265265 , -2.30938e+08 , -2.11647e+07
0.266266 , -4.95952e+07 , -3.13249e+06
0.267267 , -2.29537e+08 , -1.38546e+07
0.268268 , 1.66291e+07 , 388201
0.269269 , -2.00931e+08 , -1.45391e+07
0.27027 , 4.77086e+07 , 4.02189e+06
0.271271 , -1.95109e+08 , -1.50364e+07
0.272272 , 6.84647e+07 , 5.75719e+06
0.273273 , -2.0042e+08 , -1.57247e+07
0.274274 , 8.57052e+07 , 7.04779e+06
0.275275 , -2.14887e+08 , -1.68824e+07
0.276276 , 1.01937e+08 , 8.4344e+06
0.277277 , -2.41738e+08 , -1.85996e+07
0.278278 , 1.18959e+08 , 1.01916e+07
0.279279 , -2.91372e+08 , -2.04257e+07
0.28028 , 1.38924e+08 , 1.23587e+07
0.281281 , -3.92658e+08 , -1.88309e+07
0.282282 , 1.63115e+08 , 1.41413e+07
0.283283 , -6.2993e+08 , 6.31647e+06
0.284284 , 1.53645e+08 , 1.20251e+07
0.285285 , -1.10516e+09 , 9.46723e+07
0.286286 , -6.79108e+07 , -6.95965e+06
0.287287 , -1.0634e+09 , 5.24415e+07
0.288288 , -1.7978e+08 , 2.39334e+07
0.289289 , -7.04562e+08 , 6.43628e+07
0.29029 , -2.45192e+08 , -3.36741e+07
0.291291 , -3.55027e+08 , -8.45321e+07
0.292292 , -1.06178e+08 , 1.1118e+06
0.293293 , -2.40623e+08 , -3.49237e+07
0.294294 , -5.54785e+07 , -664803
0.295295 , -2.1386e+08 , -1.78332e+07
0.296296 , -6.46277e+07 , 6.74293e+06
0.297297 , -1.89354e+08 , -3.20251e+07
0.298298 , 7.92608e+06 , 9.80778e+06
0.299299 , -1.98923e+08 , -1.57653e+07
0.3003 , 6.61105e+07 , 4.32229e+06
0.301301 , -2.05196e+08 , -9.27564e+06
0.302302 , 9.0897e+07 , 3.26751e+06
0.303303 , -2.08755e+08 , -7.31097e+06
0.304304 , 1.05793e+08 , 2.93335e+06
0.305305 , -2.12145e+08 , -6.59996e+06
0.306306 , 1.17165e+08 , 2.75742e+06
0.307307 , -2.16213e+08 , -6.47551e+06
0.308308 , 1.27291e+08 , 2.68058e+06
0.309309 , -2.21414e+08 , -6.79967e+06
0.31031 , 1.37365e+08 , 2.70552e+06
0.311311 , -2.28233e+08 , -7.58911e+06
0.312312 , 1.48248e+08 , 2.82508e+06
0.313313 , -2.37431e+08 , -8.94988e+06
0.314314 , 1.60689e+08 , 2.95253e+06
0.315315 , -2.50431e+08 , -1.10865e+07
0.316316 , 1.75259e+08 , 2.6724e+06
0.317317 , -2.7133e+08 , -1.43498e+07
0.318318 , 1.9033e+08 , -525532
0.319319 , -3.2239e+08 , -1.84646e+07
0.32032 , 1.37102e+08 , -4.01032e+07
0.321321 , -7.03966e+08 , -4.78931e+07
0.322322 , -1.35346e+09 , -1.96421e+08
0.323323 , -9.6732e+08 , -1.37331e+08
0.324324 , 4.06109e+08 , -2.69886e+07
0.325325 , -2.33606e+08 , -2.69997e+06
0.326326 , 3.49202e+08 , 5.90182e+06
0.327327 , -1.96636e+08 , -2.67783e+07
0.328328 , 2.43471e+08 , -1.19341e+07
0.329329 , -2.09129e+08 , 8.55224e+06
0.33033 , 1.82819e+08 , -7.37339e+06
0.331331 , -4.9505e+08 , 3.10238e+06
0.332332 , 4.09238e+07 , -5.7713e+06
0.333333 , -6.80665e+08 , -2.03015e+06
0.334334 , -2.66729e+08 , -1.60999e+07
0.335335 , -6.07159e+08 , -3.34609e+06
0.336336 , -1.52283e+08 , -2.65242e+06
0.337337 , -1.46558e+09 , 3.30661e+06
0.338338 , 4.36032e+08 , -1.16738e+07
0.339339 , -1.11393e+09 , -5.31638e+06
0.34034 , 5.06987e+08 , -6.25824e+06
0.341341 , -2.55597e+09 , -2.59423e+07
0.342342 , 1.02347e+09 , -3.68221e+07
0.343343 , -3.03342e+09 , -1.29528e+07
0.344344 , 9.32256e+08 , -2.97959e+07
0.345345 , -2.93336e+09 , -3.21813e+06
0.346346 , 7.88111e+08 , -1.21445e+07
0.347347 , -1.53108e+09 , -1.5167e+07
0.348348 , 1.06034e+09 , -2.96892e+06
0.349349 , -3.31952e+09 , 1.56504e+06
0.35035 , 2.2094e+09 , -9.99148e+06
0.351351 , -9.9825e+09 , -2.49875e+07
0.352352 , -2.36167e+09 , -1.19118e+08
0.353353 , -1.72511e+10 , -1.86028e+08
0.354354 , -1.43366e+09 , -1.04588e+08
0.355355 , 4.64604e+09 , -1.70174e+07
0.356356 , -1.44318e+09 , -7.45522e+06
0.357357 , 2.23969e+09 , 1.43617e+06
0.358358 , -8.90639e+08 , -1.01349e+07
0.359359 , 1.52861e+09 , 4.64123e+06
0.36036 , -6.37787e+08 , -1.13678e+07
0.361361 , 1.17909e+09 , 5.37643e+06
0.362362 , -4.8337e+08 , -1.10915e+07
0.363363 , 9.6867e+08 , 4.82978e+06
0.364364 , -3.74866e+08 , -1.0174e+07
0.365365 , 8.23809e+08 , 4.08823e+06
0.366366 , -2.94214e+08 , -9.44125e+06
0.367367 , 7.13508e+08 , 3.74545e+06
0.368368 , -2.33506e+08 , -9.18653e+06
0.369369 , 6.23765e+08 , 3.7171e+06
0.37037 , -1.87289e+08 , -9.09054e+06
0.371371 , 5.48043e+08 , 3.51111e+06
0.372372 , -1.51144e+08 , -8.68185e+06
0.373373 , 4.83231e+08 , 2.82671e+06
0.374374 , -1.22645e+08 , -7.88129e+06
0.375375 , 4.28386e+08 , 1.86505e+06
0.376376 , -1.01378e+08 , -7.05419e+06
0.377377 , 3.83137e+08 , 1.07911e+06
0.378378 , -8.71697e+07 , -6.54602e+06
0.379379 , 3.45911e+08 , 677038
0.38038 , -7.86555e+07 , -6.29868e+06
0.381381 , 3.13967e+08 , 506066
0.382382 , -7.35046e+07 , -6.0507e+06
0.383383 , 2.84264e+08 , 404828
0.384384 , -6.8718e+07 , -5.78371e+06
0.385385 , 2.53324e+08 , 641486
0.386386 , -5.95662e+07 , -6.22417e+06
0.387387 , 2.17167e+08 , 2.38326e+06
0.388388 , -4.12181e+07 , -8.96456e+06
0.389389 , 1.79536e+08 , 6.36341e+06
0.39039 , -2.35879e+07 , -1.27573e+07
0.391391 , 1.5491e+08 , 8.95321e+06
0.392392 , -1.93429e+07 , -1.35694e+07
0.393393 , 1.38976e+08 , 8.56592e+06
0.394394 , -2.01926e+07 , -1.2353e+07
0.395395 , 1.22121e+08 , 7.15403e+06
0.396396 , -2.02885e+07 , -1.09295e+07
0.397397 , 1.01758e+08 , 5.70606e+06
0.398398 , -1.96903e+07 , -9.92302e+06
0.399399 , 7.68745e+07 , 4.39129e+06
0.4004 , -2.03035e+07 , -9.479e+06
0.401401 , 4.54198e+07 , 3.10365e+06
0.402402 , -2.48531e+07 , -9.58822e+06
0.403403 , 2.96877e+06 , 1.62182e+06
0.404404 , -3.73565e+07 , -1.01495e+07
0.405405 , -5.98636e+07 , -342359
0.406406 , -6.51289e+07 , -1.09484e+07
0.407407 , -1.64407e+08 , -3.00392e+06
0.408408 , -1.25456e+08 , -1.16003e+07
0.409409 , -3.64865e+08 , -5.85238e+06
0.41041 , -2.67802e+08 , -1.10464e+07
0.411411 , -8.16471e+08 , -5.40469e+06
0.412412 , -6.49204e+08 , -7.96677e+06
0.413413 , -2.06283e+09 , -7.66846e+06
0.414414 , -1.68501e+09 , -6.71438e+07
0.415415 , -3.32808e+09 , -1.17304e+08
0.416416 , -1.26125e+09 , -9.86025e+07
0.417417 , -1.55027e+09 , -8.02037e+07
0.418418 , -6.12717e+08 , -3.71514e+07
0.419419 , -7.95116e+08 , -4.65607e+07
0.42042 , -3.59622e+08 , -1.29867e+07
0.421421 , -4.67912e+08 , -3.11382e+07
0.422422 , -2.4781e+08 , -5.94916e+06
0.423423 , -2.96818e+08 , -2.21212e+07
0.424424 , -1.97614e+08 , -4.16541e+06
0.425425 , -1.99002e+08 , -2.03076e+07
0.426426 , -1.74629e+08 , 1.61023e+06
0.427427 , -1.5455e+08 , -2.86747e+07
0.428428 , -1.60651e+08 , 1.33419e+07
0.429429 , -1.56444e+08 , -3.67773e+07
0.43043 , -1.21011e+08 , 5.03535e+06
0.431431 , -1.58029e+08 , -2.50636e+07
0.432432 , -7.62521e+07 , 450888
0.433433 , -2.72245e+08 , -2.9689e+07
0.434434 , 2.67971e+07 , -1.75565e+07
0.435435 , -4.682e+08 , 2.81477e+06
0.436436 , 6.73457e+07 , -3.20155e+07
0.437437 , -4.53161e+08 , -6.49867e+06
0.438438 , -1.30791e+07 , -1.356e+07
0.439439 , -2.77101e+08 , -1.18738e+07
0.44044 , -7.43384e+06 , -2.72386e+07
0.441441 , -2.03778e+08 , 3.34618e+06
0.442442 , 2.35992e+07 , -3.17919e+07
0.443443 , -2.37984e+08 , 1.39965e+07
0.444444 , 5.63866e+07 , -3.23805e+07
0.445445 , -2.70235e+08 , 1.78803e+07
0.446446 , 1.08812e+08 , -2.90454e+07
0.447447 , -2.80694e+08 , 1.65133e+07
0.448448 , 1.50088e+08 , -2.53686e+07
0.449449 , -2.64346e+08 , 1.41793e+07
0.45045 , 1.66285e+08 , -2.34236e+07
0.451451 , -2.36427e+08 , 1.25386e+07
0.452452 , 1.65552e+08 , -2.27846e+07
0.453453 , -2.07449e+08 , 1.16199e+07
0.454454 , 1.56771e+08 , -2.27702e+07
0.455455 , -1.80612e+08 , 1.11139e+07
0.456456 , 1.44596e+08 , -2.29737e+07
0.457457 , -1.55873e+08 , 1.07443e+07
0.458458 , 1.31228e+08 , -2.31754e+07
0.459459 , -1.32518e+08 , 1.03235e+07
0.46046 , 1.18566e+08 , -2.3223e+07
0.461461 , -1.10102e+08 , 9.74927e+06
0.462462 , 1.08328e+08 , -2.29489e+07
0.463463 , -8.83605e+07 , 8.84397e+06
0.464464 , 1.00207e+08 , -2.19656e+07
0.465465 , -6.82047e+07 , 7.02451e+06
0.466466 , 9.17792e+07 , -1.98239e+07
0.467467 , -5.28464e+07 , 4.06995e+06
0.468468 , 8.2027e+07 , -1.71672e+07
0.469469 , -4.15647e+07 , 1.17216e+06
0.47047 , 7.00559e+07 , -1.54252e+07
0.471471 , -3.11431e+07 , -146359
0.472472 , 5.3835e+07 , -1.52393e+07
0.473473 , -2.77798e+07 , -361300
0.474474 , 4.2737e+07 , -1.44874e+07
0.475475 , -2.8368e+07 , -1.5664e+06
0.476476 , 3.79024e+07 , -1.30894e+07
0.477477 , -3.01286e+07 , -3.06815e+06
0.478478 , 3.80957e+07 , -1.18929e+07
0.479479 , -3.66704e+07 , -4.43657e+06
0.48048 , 4.28241e+07 , -1.11309e+07
0.481481 , -4.72067e+07 , -5.29954e+06
0.482482 , 4.62973e+07 , -1.17117e+07
0.483483 , -5.49983e+07 , -4.16869e+06
0.484484 , 4.48138e+07 , -1.50686e+07
0.485485 , -5.41389e+07 , -1.03461e+06
0.486486 , 4.06796e+07 , -1.93821e+07
0.487487 , -4.49314e+07 , 1.75954e+06
0.488488 , 3.05489e+07 , -2.29632e+07
0.489489 , -3.66355e+07 , 3.4259e+06
0.49049 , 3.20374e+07 , -2.45731e+07
0.491491 , -5.61792e+07 , 450582
0.492492 , 5.16592e+07 , -2.08729e+07
0.493493 , -6.67841e+07 , -3.72694e+06
0.494494 , 6.72002e+07 , -1.82111e+07
0.495495 , -8.4204e+07 , -4.82083e+06
0.496496 , 8.82172e+07 , -1.5352e+07
0.497497 , -7.88446e+07 , -6.15672e+06
0.498498 , 9.17906e+07 , -1.15621e+07
0.499499 , -6.09591e+07 , -8.19474e+06
0.500501 , 7.95508e+07 , -7.18003e+06
0.501502 , -3.93458e+07 , -1.04702e+07
0.502503 , 5.6194e+07 , -3.59856e+06
0.503504 , -2.64019e+07 , -1.22469e+07
0.504505 , 4.11129e+07 , -1.7002e+06
0.505506 , -2.01793e+07 , -1.28556e+07
0.506507 , 3.65335e+07 , -400783
0.507508 , 1.39191e+07 , -1.09872e+07
0.508509 , -2.25856e+07 , -398912
0.50951 , 8.39605e+07 , -6.94688e+06
0.510511 , -1.1037e+08 , -4.43378e+06
0.511512 , 9.1549e+07 , -6.57554e+06
0.512513 , -1.33242e+08 , -5.4058e+06
0.513514 , 7.17875e+07 , -7.16575e+06
0.514515 , -1.31931e+08 , -5.65751e+06
0.515516 , 5.03178e+07 , -6.60882e+06
0.516517 , -1.24872e+08 , -8.53367e+06
0.517518 , 4.35367e+07 , -6.66615e+06
0.518519 , -1.26262e+08 , -6.92265e+06
0.51952 , 5.23038e+07 , -9.45565e+06
0.520521 , -1.19482e+08 , -4.58285e+06
0.521522 , 5.24936e+07 , -8.2172e+06
0.522523 , -1.09793e+08 , -2.55587e+06
0.523524 , 3.94165e+07 , -1.66811e+07
0.524525 , -9.33005e+07 , 1.99757e+06
0.525526 , 4.23379e+07 , -1.38838e+07
0.526527 , -8.57553e+07 , 2.06684e+06
0.527528 , 4.42559e+07 , -1.31307e+07
0.528529 , -8.80998e+07 , 3.32857e+06
0.52953 , 4.99234e+07 , -1.2814e+07
0.530531 , -1.03073e+08 , 2.24118e+06
0.531532 , 5.86476e+07 , -1.2032e+07
0.532533 , -1.16369e+08 , 1.47053e+06
0.533534 , 7.46665e+07 , -1.34805e+07
0.534535 , -1.20102e+08 , 1.79565e+06
0.535536 , 8.603e+07 , -1.60348e+07
0.536537 , -1.16047e+08 , 3.67507e+06
0.537538 , 9.02955e+07 , -1.58324e+07
0.538539 , -1.01727e+08 , 157970
0.53954 , 1.2038e+08 , -7.32822e+06
0.540541 , -1.17702e+08 , -4.20272e+06
0.541542 , 1.36464e+08 , -7.93041e+06
0.542543 , -7.92684e+07 , 320335
0.543544 , 1.59529e+08 , -1.2489e+07
0.544545 , -9.40531e+07 , 4.18303e+06
0.545546 , 1.36672e+08 , -1.34621e+07
0.546547 , -1.22975e+08 , 2.82227e+06
0.547548 , 9.9857e+07 , -1.07829e+07
0.548549 , -1.4562e+08 , -624202
0.54955 , 9.13359e+07 , -6.94022e+06
0.550551 , -1.56422e+08 , 12873.3
0.551552 , 4.93547e+07 , -1.2568e+07
0.552553 , -1.58346e+08 , 1.14749e+06
0.553554 , 5.83651e+07 , -8.85181e+06
0.554555 , -1.65881e+08 , -3.85603e+06
0.555556 , 8.25672e+07 , -8.0578e+06
0.556557 , -1.75888e+08 , 4.43181e+06
0.557558 , 7.58581e+07 , -1.5034e+07
0.558559 , -1.69959e+08 , 3.18426e+06
0.55956 , 7.60932e+07 , -1.52869e+07
0.560561 , -1.47415e+08 , 6.84325e+06
0.561562 , 7.67423e+07 , -1.39669e+07
0.562563 , -1.35812e+08 , 1.18565e+07
0.563564 , 2.46687e+07 , -2.34037e+07
0.564565 , -1.54996e+08 , 7.06127e+06
0.565566 , 3.51853e+07 , -5.73112e+06
0.566567 , -1.85928e+08 , -6.44137e+06
0.567568 , -5.31741e+06 , -1.08983e+07
0.568569 , -2.22041e+08 , 4.03984e+06
0.56957 , -1.73798e+07 , -8.97972e+06
0.570571 , -2.0577e+08 , 3.79477e+06
0.571572 , 7.12077e+07 , -8.10942e+06
0.572573 , -1.68661e+08 , 3.09897e+06
0.573574 , 1.12967e+08 , -288036
0.574575 , -1.32756e+08 , 2.84455e+06
0.575576 , 1.30693e+08 , -6.08821e+07
0.576577 , -1.17227e+08 , 2.18811e+07
0.577578 , 1.73548e+08 , -1.69736e+07
0.578579 , -9.26567e+07 , -1.2364e+06
0.57958 , 2.50632e+08 , -2.71962e+07
0.580581 , 3.76087e+07 , -2.36267e+07
0.581582 , 4.91106e+08 , 9.94164e+07
0.582583 , 1.65122e+07 , -8.65912e+07
0.583584 , 6.81357e+08 , -1.51359e+08
0.584585 , 1.62769e+07 , 1.24487e+08
0.585586 , 3.54236e+08 , -2.66091e+07
0.586587 , -5.15754e+07 , -5.793e+07
0.587588 , 1.61013e+08 , -3.67254e+06
0.588589 , -2.15642e+08 , -697569
0.58959 , 1.16764e+08 , -1.45561e+07
0.590591 , -2.93993e+08 , 915493
0.591592 , 5.29402e+07 , -1.08111e+07
0.592593 , -2.34566e+08 , 7.1212e+06
0.593594 , 6.20299e+07 , -3.10348e+07
0.594595 , -1.80738e+08 , -1.4279e+07
0.595596 , 1.2611e+08 , -1.66892e+07
0.596597 , -1.32675e+08 , 9.7355e+06
0.597598 , 1.39245e+08 , -730163
0.598599 , -1.86831e+08 , -1.68675e+07
0.5996 , 3.27181e+08 , -6.47875e+07
0.600601 , -1.35815e+08 , -2.31575e+07
0.601602 , 2.12011e+08 , 4.46431e+06
0.602603 , -2.504e+08 , 5.2478e+06
0.603604 , 2.66003e+08 , -2.9619e+07
0.604605 , -1.85678e+08 , -3.44997e+06
0.605606 , 2.01461e+08 , -3.00823e+07
0.606607 , -2.67396e+08 , 7.84088e+06
0.607608 , 1.00888e+08 , -5.50602e+06
0.608609 , -2.89799e+08 , 9.15866e+06
0.60961 , 1.37541e+08 , -1.13112e+07
0.610611 , -3.62231e+08 , -1.20259e+07
0.611612 , 1.33731e+08 , -5.31462e+06
0.612613 , -4.89088e+08 , 4.86513e+06
0.613614 , -1.14171e+08 , -2.43289e+08
0.614615 , -6.2895e+08 , -4.05877e+08
0.615616 , -4.65533e+08 , -2.10707e+08
0.616617 , -9.29201e+07 , 1.03891e+06
0.617618 , 2.05622e+08 , -4.17258e+07
0.618619 , -2.09302e+08 , -7.79374e+06
0.61962 , 1.40611e+08 , -2.57897e+07
0.620621 , -1.50251e+08 , -6.60821e+07
0.621622 , 2.70971e+08 , -4.44073e+07
0.622623 , -4.12346e+08 , -112484
0.623624 , 7.20814e+07 , -2.60587e+07
0.624625 , -3.35219e+08 , -3.73493e+07
0.625626 , 6.14548e+07 , -4.82752e+07
0.626627 , -4.77268e+08 , -2.41957e+07
0.627628 , -4.75664e+08 , -3.30582e+07
0.628629 , -2.78746e+07 , 4.20306e+06
0.62963 , 3.86965e+08 , -1.89627e+07
0.630631 , -5.82509e+08 , -2.56842e+07
0.631632 , -5.60481e+07 , -4.17572e+07
0.632633 , -3.7019e+08 , -2.08377e+07
0.633634 , -5.07408e+07 , -3.21515e+07
0.634635 , -3.72553e+08 , -1.90962e+07
0.635636 , 2.16877e+08 , -3.93688e+07
0.636637 , -6.37497e+08 , -3.88959e+07
0.637638 , 1.92904e+07 , -3.662e+07
0.638639 , -1.83229e+08 , -2.0646e+07
0.63964 , 1.02633e+08 , -2.63602e+07
0.640641 , -3.70183e+08 , -2.00928e+07
0.641642 , 2.61821e+08 , -2.44247e+07
0.642643 , -4.13728e+08 , -1.08631e+07
0.643644 , 2.74524e+08 , -1.2496e+07
0.644645 , -8.05324e+08 , -1.25362e+07
0.645646 , -8.68961e+08 , -1.73472e+07
0.646647 , -4.03021e+08 , -1.69822e+07
0.647648 , -3.07812e+08 , -3.04066e+07
0.648649 , -3.69946e+08 , -1.71547e+07
0.64965 , -4.36001e+08 , -1.04463e+07
0.650651 , -3.96032e+08 , -1.01845e+07
0.651652 , 3.07565e+08 , -1.09742e+07
0.652653 , -5.65189e+08 , -6.74114e+06
0.653654 , 6.05268e+08 , -1.38532e+07
0.654655 , -8.36249e+08 , -1.19995e+07
0.655656 , -2.1646e+08 , -8.49439e+06
0.656657 , -7.06672e+08 , -7.42855e+06
0.657658 , 6.47355e+08 , -1.53909e+07
0.658659 , -1.03379e+09 , -8.91248e+06
0.65966 , 7.83492e+08 , -9.6796e+06
0.660661 , -1.64543e+09 , -3.73694e+06
0.661662 , 1.84927e+09 , -1.86761e+07
0.662663 , -4.99045e+09 , -4.40999e+07
0.663664 , -4.61529e+09 , -3.94205e+07
0.664665 , 5.83169e+08 , -4.01987e+07
0.665666 , -5.48165e+08 , -8.84045e+06
0.666667 , -6.879e+08 , -3.26409e+07
0.667668 , -5.52355e+07 , -3.30807e+07
0.668669 , -1.81914e+09 , -2.62463e+07
0.66967 , -4.14682e+09 , -9.69873e+06
0.670671 , 1.36863e+09 , -1.62298e+07
0.671672 , -2.93326e+09 , -1.38121e+07
0.672673 , 1.23995e+09 , -1.00275e+07
0.673674 , -1.50961e+09 , -2.51843e+07
0.674675 , 1.04546e+09 , -3.42378e+07
0.675676 , -7.86822e+08 , -6.05741e+06
0.676677 , 6.72923e+08 , -1.62895e+07
0.677678 , -8.36432e+08 , -6.46457e+06
0.678679 , 4.93618e+08 , -1.60988e+07
0.67968 , -5.01765e+08 , -5.66635e+06
0.680681 , 3.72051e+08 , -1.50708e+07
0.681682 , -5.35948e+08 , -5.40634e+06
0.682683 , 3.97962e+08 , -1.45697e+07
0.683684 , -4.02901e+08 , -5.16473e+06
0.684685 , 2.45801e+08 , -1.24814e+07
0.685686 , -4.15496e+08 , -6.2937e+06
0.686687 , 3.28978e+08 , -1.42642e+07
0.687688 , -1.89069e+08 , -4.59989e+06
0.688689 , 3.22714e+08 , -1.3383e+07
0.68969 , -3.41338e+08 , -4.83613e+06
0.690691 , 2.06203e+08 , -1.31618e+07
0.691692 , -2.99484e+08 , -4.69703e+06
0.692693 , 1.7476e+08 , -1.29365e+07
0.693694 , -2.74579e+08 , -4.55982e+06
0.694695 , 1.50559e+08 , -1.27244e+07
0.695696 , -2.54799e+08 , -4.42328e+06
0.696697 , 1.30364e+08 , -1.25276e+07
0.697698 , -2.37893e+08 , -4.28815e+06
0.698699 , 1.12939e+08 , -1.23627e+07
0.6997 , -2.23247e+08 , -4.16054e+06
0.700701 , 9.76355e+07 , -1.2177e+07
0.701702 , -2.10175e+08 , -4.0411e+06
0.702703 , 8.40525e+07 , -1.19967e+07
0.703704 , -1.98424e+08 , -3.93135e+06
0.704705 , 7.18524e+07 , -1.1815e+07
0.705706 , -1.87753e+08 , -3.83109e+06
0.706707 , 6.07819e+07 , -1.16302e+07
0.707708 , -1.77976e+08 , -3.74021e+06
0.708709 , 5.06423e+07 , -1.14427e+07
0.70971 , -1.68931e+08 , -3.65938e+06
0.710711 , 4.12633e+07 , -1.125e+07
0.711712 , -1.60463e+08 , -3.58847e+06
0.712713 , 3.24874e+07 , -1.10525e+07
0.713714 , -1.52407e+08 , -3.52769e+06
0.714715 , 2.41504e+07 , -1.08478e+07
0.715716 , -1.44533e+08 , -3.47905e+06
0.716717 , 1.60613e+07 , -1.06338e+07
0.717718 , -1.36419e+08 , -3.44471e+06
0.718719 , 7.97713e+06 , -1.04056e+07
0.71972 , -1.27064e+08 , -3.43483e+06
0.720721 , 44280.1 , -1.01395e+07
0.721722 , -1.14802e+08 , -3.51668e+06
0.722723 , 86510.1 , -9.78616e+06
0.723724 , -1.17166e+08 , -3.26713e+06
0.724725 , 7.1873e+06 , -1.02192e+07
0.725726 , -1.24398e+08 , -2.93348e+06
0.726727 , -1.21915e+06 , -9.952e+06
0.727728 , -1.20501e+08 , -3.01176e+06
0.728729 , -8.90967e+06 , -9.64108e+06
0.72973 , -1.15622e+08 , -3.05965e+06
0.730731 , -1.53247e+07 , -9.36769e+06
0.731732 , -1.11016e+08 , -3.08785e+06
0.732733 , -2.10072e+07 , -9.10996e+06
0.733734 , -1.06762e+08 , -3.1089e+06
0.734735 , -2.62323e+07 , -8.85855e+06
0.735736 , -1.02823e+08 , -3.12867e+06
0.736737 , -3.1146e+07 , -8.6093e+06
0.737738 , -9.91629e+07 , -3.14925e+06
0.738739 , -3.58281e+07 , -8.35946e+06
0.73974 , -9.57483e+07 , -3.17147e+06
0.740741 , -4.0336e+07 , -8.10891e+06
0.741742 , -9.25577e+07 , -3.19558e+06
0.742743 , -4.47074e+07 , -7.85666e+06
0.743744 , -8.95756e+07 , -3.22171e+06
0.744745 , -4.89735e+07 , -7.60245e+06
0.745746 , -8.6785e+07 , -3.24888e+06
0.746747 , -5.31594e+07 , -7.34747e+06
0.747748 , -8.41785e+07 , -3.2774e+06
0.748749 , -5.72916e+07 , -7.09178e+06
0.74975 , -8.17484e+07 , -3.3069e+06
0.750751 , -6.13904e+07 , -6.83613e+06
0.751752 , -7.94865e+07 , -3.33648e+06
0.752753 , -6.54764e+07 , -6.58153e+06
0.753754 , -7.73897e+07 , -3.36651e+06
0.754755 , -6.95693e+07 , -6.32846e+06
0.755756 , -7.54585e+07 , -3.39743e+06
0.756757 , -7.36891e+07 , -6.07837e+06
0.757758 , -7.36925e+07 , -3.42807e+06
0.758759 , -7.78561e+07 , -5.83252e+06
0.75976 , -7.21e+07 , -3.46015e+06
0.760761 , -8.20886e+07 , -5.59166e+06
0.761762 , -7.06941e+07 , -3.49361e+06
0.762763 , -8.64073e+07 , -5.3577e+06
0.763764 , -6.94936e+07 , -3.52933e+06
0.764765 , -9.08294e+07 , -5.13159e+06
0.765766 , -6.85272e+07 , -3.56876e+06
0.766767 , -9.53732e+07 , -4.91477e+06
0.767768 , -6.78326e+07 , -3.6127e+06
0.768769 , -1.00052e+08 , -4.70865e+06
0.76977 , -6.74607e+07 , -3.66315e+06
0.770771 , -1.04869e+08 , -4.51361e+06
0.771772 , -6.74669e+07 , -3.72196e+06
0.772773 , -1.09822e+08 , -4.32907e+06
0.773774 , -6.79204e+07 , -3.79149e+06
0.774775 , -1.14886e+08 , -4.1539e+06
0.775776 , -6.88903e+07 , -3.87397e+06
0.776777 , -1.20017e+08 , -3.98579e+06
0.777778 , -7.0438e+07 , -3.97107e+06
0.778779 , -1.25135e+08 , -3.8212e+06
0.77978 , -7.26068e+07 , -4.08274e+06
0.780781 , -1.30131e+08 , -3.65608e+06
0.781782 , -7.53978e+07 , -4.20621e+06
0.782783 , -1.34869e+08 , -3.48763e+06
0.783784 , -7.87605e+07 , -4.33517e+06
0.784785 , -1.39194e+08 , -3.31557e+06
0.785786 , -8.25799e+07 , -4.45819e+06
0.786787 , -1.42959e+08 , -3.144e+06
0.787788 , -8.66861e+07 , -4.56125e+06
0.788789 , -1.46054e+08 , -2.98113e+06
0.78979 , -9.0878e+07 , -4.62849e+06
0.790791 , -1.48418e+08 , -2.83738e+06
0.791792 , -9.49511e+07 , -4.64698e+06
0.792793 , -1.50056e+08 , -2.72261e+06
0.793794 , -9.87309e+07 , -4.60826e+06
0.794795 , -1.5103e+08 , -2.64305e+06
0.795796 , -1.02095e+08 , -4.5113e+06
0.796797 , -1.51441e+08 , -2.59972e+06
0.797798 , -1.04969e+08 , -4.36003e+06
0.798799 , -1.51419e+08 , -2.58797e+06
0.7998 , -1.07332e+08 , -4.16409e+06
0.800801 , -1.51093e+08 , -2.60033e+06
0.801802 , -1.09197e+08 , -3.93451e+06
0.802803 , -1.50593e+08 , -2.62765e+06
0.803804 , -1.10609e+08 , -3.68249e+06
0.804805 , -1.50033e+08 , -2.66143e+06
0.805806 , -1.11625e+08 , -3.418e+06
0.806807 , -1.4951e+08 , -2.69436e+06
0.807808 , -1.12312e+08 , -3.14904e+06
0.808809 , -1.49101e+08 , -2.72159e+06
0.80981 , -1.12742e+08 , -2.88196e+06
0.810811 , -1.48866e+08 , -2.7398e+06
0.811812 , -1.1298e+08 , -2.62136e+06
0.812813 , -1.48849e+08 , -2.7481e+06
0.813814 , -1.13089e+08 , -2.3697e+06
0.814815 , -1.49082e+08 , -2.74587e+06
0.815816 , -1.13128e+08 , -2.12916e+06
0.816817 , -1.49585e+08 , -2.73436e+06
0.817818 , -1.13145e+08 , -1.90088e+06
0.818819 , -1.50371e+08 , -2.71475e+06
0.81982 , -1.13186e+08 , -1.68541e+06
0.820821 , -1.51446e+08 , -2.68945e+06
0.821822 , -1.13292e+08 , -1.48348e+06
0.822823 , -1.52809e+08 , -2.66044e+06
0.823824 , -1.13497e+08 , -1.2951e+06
0.824825 , -1.54457e+08 , -2.63077e+06
0.825826 , -1.13832e+08 , -1.12046e+06
0.826827 , -1.56382e+08 , -2.60395e+06
0.827828 , -1.14325e+08 , -959535
0.828829 , -1.58567e+08 , -2.58324e+06
0.82983 , -1.14998e+08 , -812667
0.830831 , -1.60998e+08 , -2.57296e+06
0.831832 , -1.15872e+08 , -680206
0.832833 , -1.63655e+08 , -2.5779e+06
0.833834 , -1.16967e+08 , -562433
0.834835 , -1.66513e+08 , -2.60289e+06
0.835836 , -1.18305e+08 , -461234
0.836837 , -1.69531e+08 , -2.65419e+06
0.837838 , -1.19917e+08 , -381298
0.838839 , -1.72628e+08 , -2.73803e+06
0.83984 , -1.21884e+08 , -336441
0.840841 , -1.75499e+08 , -2.86133e+06
0.841842 , -1.24484e+08 , -376238
0.842843 , -1.75184e+08 , -3.05062e+06
0.843844 , -1.21981e+08 , -5.23928e+06
0.844845 , -2.01667e+08 , -6.40119e+06
0.845846 , -1.20414e+08 , 1.38234e+06
0.846847 , -1.92599e+08 , -3.74068e+06
0.847848 , -1.27205e+08 , 700832
0.848849 , -1.96754e+08 , -4.05787e+06
0.84985 , -1.30551e+08 , 653320
0.850851 , -2.03641e+08 , -4.45071e+06
0.851852 , -1.34792e+08 , 688805
0.852853 , -2.30581e+08 , -4.14874e+06
0.853854 , -1.1439e+08 , 1.0754e+06
0.854855 , -1.76849e+08 , -7.50159e+06
0.855856 , -1.09873e+08 , 1.98598e+06
0.856857 , -1.77161e+08 , -7.48506e+06
0.857858 , -1.11309e+08 , -9.20227e+06
0.858859 , -2.11974e+08 , -9.57856e+06
0.85986 , -1.4912e+08 , -2.38651e+06
0.860861 , -2.13125e+08 , -1.02809e+07
0.861862 , -1.46891e+08 , -1.91034e+06
0.862863 , -2.13816e+08 , -1.1572e+07
0.863864 , -1.42856e+08 , -2.31244e+06
0.864865 , -2.12726e+08 , -1.332e+07
0.865866 , -1.34975e+08 , -3.3275e+06
0.866867 , -2.07575e+08 , -1.56606e+07
0.867868 , -1.17498e+08 , -5.34133e+06
0.868869 , -1.875e+08 , -1.96429e+07
0.86987 , -1.4379e+07 , -1.16271e+07
0.870871 , -2.76119e+08 , -1.7464e+07
0.871872 , -1.27275e+08 , -8.60991e+06
0.872873 , -2.445e+08 , -2.24e+07
0.873874 , -1.2426e+08 , -1.30327e+07
0.874875 , -2.40077e+08 , -2.53404e+07
0.875876 , -1.45495e+08 , -1.33304e+07
0.876877 , -2.47115e+08 , -2.40212e+07
0.877878 , -1.61148e+08 , -1.23361e+07
0.878879 , -2.62051e+08 , -2.27093e+07
0.87988 , -1.67192e+08 , -1.42222e+07
0.880881 , -2.95806e+08 , -2.39084e+07
0.881882 , -1.93071e+08 , -1.99779e+07
0.882883 , -3.68469e+08 , -2.91498e+07
0.883884 , -2.78796e+08 , -3.28692e+07
0.884885 , -5.05177e+08 , -4.16822e+07
0.885886 , -3.66198e+08 , -5.20655e+07
0.886887 , -3.57314e+08 , -7.76212e+07
0.887888 , 1.00126e+08 , -5.59143e+07
0.888889 , 2.76783e+07 , -2.57966e+07
0.88989 , 1.42749e+08 , -1.78762e+07
0.890891 , -1.88916e+07 , -9.92715e+06
0.891892 , 6.63715e+07 , -8.76926e+06
0.892893 , -6.34042e+07 , -7.74262e+06
0.893894 , 1.99118e+07 , -6.9451e+06
0.894895 , -8.8158e+07 , -6.96613e+06
0.895896 , -7.44875e+06 , -6.97153e+06
0.896897 , -1.01293e+08 , -6.38369e+06
0.897898 , -2.35295e+07 , -7.52765e+06
0.898899 , -1.07807e+08 , -5.97477e+06
0.8999 , -3.28448e+07 , -7.98647e+06
0.900901 , -1.11087e+08 , -5.83883e+06
0.901902 , -3.86624e+07 , -8.08129e+06
0.902903 , -1.13252e+08 , -5.94241e+06
0.903904 , -4.29992e+07 , -7.87803e+06
0.904905 , -1.15127e+08 , -6.16342e+06
0.905906 , -4.66804e+07 , -7.54562e+06
0.906907 , -1.16844e+08 , -6.408e+06
0.907908 , -4.99189e+07 , -7.20104e+06
0.908909 , -1.18349e+08 , -6.63272e+06
0.90991 , -5.27414e+07 , -6.89356e+06
0.910911 , -1.19608e+08 , -6.82389e+06
0.911912 , -5.51607e+07 , -6.63603e+06
0.912913 , -1.20622e+08 , -6.98054e+06
0.913914 , -5.72012e+07 , -6.42639e+06
0.914915 , -1.21413e+08 , -7.10424e+06
0.915916 , -5.88945e+07 , -6.25851e+06
0.916917 , -1.2201e+08 , -7.19705e+06
0.917918 , -6.02773e+07 , -6.12541e+06
0.918919 , -1.22443e+08 , -7.26074e+06
0.91992 , -6.13818e+07 , -6.02155e+06
0.920921 , -1.22741e+08 , -7.29709e+06
0.921922 , -6.22407e+07 , -5.94222e+06
0.922923 , -1.22927e+08 , -7.30623e+06
0.923924 , -6.28831e+07 , -5.88391e+06
0.924925 , -1.23023e+08 , -7.29017e+06
0.925926 , -6.33371e+07 , -5.84445e+06
0.926927 , -1.23048e+08 , -7.25088e+06
0.927928 , -6.36277e+07 , -5.82131e+06
0.928929 , -1.23012e+08 , -7.18972e+06
0.92993 , -6.37818e+07 , -5.81415e+06
0.930931 , -1.22928e+08 , -7.10746e+06
0.931932 , -6.38225e+07 , -5.8213e+06
0.932933 , -1.22804e+08 , -7.00572e+06
0.933934 , -6.37773e+07 , -5.84256e+06
0.934935 , -1.22647e+08 , -6.88579e+06
0.935936 , -6.3671e+07 , -5.87771e+06
0.936937 , -1.22465e+08 , -6.74723e+06
0.937938 , -6.35312e+07 , -5.92597e+06
0.938939 , -1.22267e+08 , -6.5906e+06
0.93994 , -6.33833e+07 , -5.98708e+06
0.940941 , -1.22062e+08 , -6.41581e+06
0.941942 , -6.32556e+07 , -6.05949e+06
0.942943 , -1.21873e+08 , -6.22302e+06
0.943944 , -6.317e+07 , -6.14127e+06
0.944945 , -1.21721e+08 , -6.01291e+06
0.945946 , -6.31476e+07 , -6.22938e+06
0.946947 , -1.21641e+08 , -5.78796e+06
0.947948 , -6.32001e+07 , -6.31948e+06
0.948949 , -1.21663e+08 , -5.55298e+06
0.94995 , -6.33342e+07 , -6.40638e+06
0.950951 , -1.21825e+08 , -5.31424e+06
0.951952 , -6.35454e+07 , -6.4846e+06
0.952953 , -1.22153e+08 , -5.0802e+06
0.953954 , -6.38236e+07 , -6.54996e+06
0.954955 , -1.22666e+08 , -4.85928e+06
0.955956 , -6.41538e+07 , -6.59906e+06
0.956957 , -1.23365e+08 , -4.6606e+06
0.957958 , -6.45203e+07 , -6.63078e+06
0.958959 , -1.2424e+08 , -4.49042e+06
0.95996 , -6.49115e+07 , -6.6466e+06
0.960961 , -1.25268e+08 , -4.35364e+06
0.961962 , -6.53202e+07 , -6.64925e+06
0.962963 , -1.26421e+08 , -4.25249e+06
0.963964 , -6.57439e+07 , -6.64283e+06
0.964965 , -1.2767e+08 , -4.18663e+06
0.965966 , -6.61858e+07 , -6.63273e+06
0.966967 , -1.28984e+08 , -4.15463e+06
0.967968 , -6.66535e+07 , -6.62392e+06
0.968969 , -1.30337e+08 , -4.15489e+06
0.96997 , -6.71569e+07 , -6.62241e+06
0.970971 , -1.31706e+08 , -4.18308e+06
0.971972 , -6.77022e+07 , -6.63168e+06
0.972973 , -1.33073e+08 , -4.23736e+06
0.973974 , -6.82984e+07 , -6.65665e+06
0.974975 , -1.3442e+08 , -4.31428e+06
0.975976 , -6.89533e+07 , -6.70082e+06
0.976977 , -1.3573e+08 , -4.41121e+06
0.977978 , -6.96706e+07 , -6.76636e+06
0.978979 , -1.36993e+08 , -4.52615e+06
0.97998 , -7.04515e+07 , -6.8555e+06
0.980981 , -1.38196e+08 , -4.65626e+06
0.981982 , -7.12962e+07 , -6.96866e+06
0.982983 , -1.3933e+08 , -4.80007e+06
0.983984 , -7.22029e+07 , -7.10545e+06
0.984985 , -1.40384e+08 , -4.95515e+06
0.985986 , -7.31682e+07 , -7.26433e+06
0.986987 , -1.4135e+08 , -5.11884e+06
0.987988 , -7.41855e+07 , -7.44408e+06
0.988989 , -1.42222e+08 , -5.28922e+06
0.98999 , -7.52484e+07 , -7.6412e+06
0.990991 , -1.4299e+08 , -5.46386e+06
0.991992 , -7.63496e+07 , -7.85308e+06
0.992993 , -1.4365e+08 , -5.63936e+06
0.993994 , -7.74801e+07 , -8.07567e+06
0.994995 , -1.44192e+08 , -5.81273e+06
0.995996 , -7.86308e+07 , -8.30433e+06
0.996997 , -1.44611e+08 , -5.98151e+06
0.997998 , -7.97917e+07 , -8.53564e+06
0.998999 , -1.44901e+08 , -6.14244e+06
1 , -8.09532e+07 , -8.76421e+06
