0 , -2.11041e+11 , -3.23647e+09
0.001001 , -2.24728e+11 , -3.4784e+09
0.002002 , -2.35255e+11 , -3.69069e+09
0.003003 , -2.42238e+11 , -3.86354e+09
0.004004 , -2.45472e+11 , -3.98759e+09
0.00500501 , -2.44941e+11 , -4.05462e+09
0.00600601 , -2.4081e+11 , -4.05806e+09
0.00700701 , -2.33403e+11 , -3.99362e+09
0.00800801 , -2.23182e+11 , -3.85968e+09
0.00900901 , -2.10703e+11 , -3.6576e+09
0.01001 , -1.96583e+11 , -3.39185e+09
0.011011 , -1.81454e+11 , -3.06994e+09
0.012012 , -1.65924e+11 , -2.7022e+09
0.013013 , -1.50543e+11 , -2.30129e+09
0.014014 , -1.35774e+11 , -1.88162e+09
0.015015 , -1.21973e+11 , -1.45865e+09
0.016016 , -1.09378e+11 , -1.04802e+09
0.017017 , -9.8109e+10 , -6.64729e+08
0.018018 , -8.81779e+10 , -3.22325e+08
0.019019 , -7.95021e+10 , -3.21086e+07
0.02002 , -7.19281e+10 , 1.97472e+08
0.021021 , -6.52559e+10 , 3.61293e+08
0.022022 , -5.92661e+10 , 4.57814e+08
0.023023 , -5.37446e+10 , 4.89124e+08
0.024024 , -4.85048e+10 , 4.60764e+08
0.025025 , -4.34044e+10 , 3.8133e+08
0.026026 , -3.83563e+10 , 2.61896e+08
0.027027 , -3.3332e+10 , 1.15279e+08
0.028028 , -2.83599e+10 , -4.47906e+07
0.029029 , -2.35164e+10 , -2.04558e+08
0.03003 , -1.8913e+10 , -3.5111e+08
0.031031 , -1.46802e+10 , -4.73181e+08
0.032032 , -1.09506e+10 , -5.61833e+08
0.033033 , -7.84121e+09 , -6.10974e+08
0.034034 , -5.43948e+09 , -6.17672e+08
0.035035 , -3.79183e+09 , -5.82254e+08
0.036036 , -2.89717e+09 , -5.0818e+08
0.037037 , -2.70524e+09 , -4.01705e+08
0.038038 , -3.12014e+09 , -2.71351e+08
0.039039 , -4.00819e+09 , -1.27237e+08
0.04004 , -5.20954e+09 , 1.97015e+07
0.041041 , -6.55211e+09 , 1.58534e+08
0.042042 , -7.86635e+09 , 2.79144e+08
0.043043 , -8.99969e+09 , 3.72973e+08
0.044044 , -9.82883e+09 , 4.33644e+08
0.045045 , -1.02691e+10 , 4.57419e+08
0.046046 , -1.02801e+10 , 4.43466e+08
0.047047 , -9.86656e+09 , 3.93913e+08
0.048048 , -9.07528e+09 , 3.13683e+08
0.049049 , -7.9882e+09 , 2.10128e+08
0.0500501 , -6.7122e+09 , 9.24865e+07
0.0510511 , -5.3669e+09 , -2.88073e+07
0.0520521 , -4.07181e+09 , -1.42896e+08
0.0530531 , -2.93387e+09 , -2.3932e+08
0.0540541 , -2.03681e+09 , -3.08813e+08
0.0550551 , -1.43311e+09 , -3.4403e+08
0.0560561 , -1.13956e+09 , -3.40152e+08
0.0570571 , -1.13658e+09 , -2.95322e+08
0.0580581 , -1.37133e+09 , -2.10889e+08
0.0590591 , -1.76429e+09 , -9.14343e+07
0.0600601 , -2.21857e+09 , 5.54143e+07
0.0610611 , -2.63083e+09 , 2.19381e+08
0.0620621 , -2.90298e+09 , 3.88121e+08
0.0630631 , -2.9531e+09 , 5.47943e+08
0.0640641 , -2.72482e+09 , 6.8464e+08
0.0650651 , -2.194e+09 , 7.84361e+08
0.0660661 , -1.37213e+09 , 8.3449e+08
0.0670671 , -3.0609e+08 , 8.24453e+08
0.0680681 , 9.2567e+08 , 7.46422e+08
0.0690691 , 2.22023e+09 , 5.95867e+08
0.0700701 , 3.45985e+09 , 3.7192e+08
0.0710711 , 4.52323e+09 , 7.75298e+07
0.0720721 , 5.29733e+09 , -2.80598e+08
0.0730731 , 5.6886e+09 , -6.92275e+08
0.0740741 , 5.63255e+09 , -1.1443e+09
0.0750751 , 5.10068e+09 , -1.6211e+09
0.0760761 , 4.10419e+09 , -2.10548e+09
0.0770771 , 2.69409e+09 , -2.57952e+09
0.0780781 , 9.57593e+08 , -3.02541e+09
0.0790791 , -9.88759e+08 , -3.42637e+09
0.0800801 , -3.0087e+09 , -3.76743e+09
0.0810811 , -4.95765e+09 , -4.03616e+09
0.0820821 , -6.69495e+09 , -4.22323e+09
0.0830831 , -8.09573e+09 , -4.3228e+09
0.0840841 , -9.06142e+09 , -4.33274e+09
0.0850851 , -9.52787e+09 , -4.25463e+09
0.0860861 , -9.47055e+09 , -4.09359e+09
0.0870871 , -8.90612e+09 , -3.85795e+09
0.0880881 , -7.89049e+09 , -3.55874e+09
0.0890891 , -6.51356e+09 , -3.20906e+09
0.0900901 , -4.89094e+09 , -2.82341e+09
0.0910911 , -3.15378e+09 , -2.41698e+09
0.0920921 , -1.43728e+09 , -2.00486e+09
0.0930931 , 1.3075e+08 , -1.60136e+09
0.0940941 , 1.44052e+09 , -1.21943e+09
0.0950951 , 2.40896e+09 , -8.70108e+08
0.0960961 , 2.98589e+09 , -5.62112e+08
0.0970971 , 3.15705e+09 , -3.01628e+08
0.0980981 , 2.94391e+09 , -9.21749e+07
0.0990991 , 2.40024e+09 , 6.53502e+07
0.1001 , 1.60599e+09 , 1.72503e+08
0.101101 , 6.58909e+08 , 2.3301e+08
0.102102 , -3.35071e+08 , 2.52383e+08
0.103103 , -1.27189e+09 , 2.3748e+08
0.104104 , -2.05887e+09 , 1.96017e+08
0.105105 , -2.62288e+09 , 1.36076e+08
0.106106 , -2.91629e+09 , 6.56304e+07
0.107107 , -2.92043e+09 , -7.88737e+06
0.108108 , -2.64613e+09 , -7.79467e+07
0.109109 , -2.13149e+09 , -1.39203e+08
0.11011 , -1.43714e+09 , -1.87685e+08
0.111111 , -6.39415e+08 , -2.20891e+08
0.112112 , 1.776e+08 , -2.37778e+08
0.113113 , 9.30658e+08 , -2.38677e+08
0.114114 , 1.54551e+09 , -2.25113e+08
0.115115 , 1.96398e+09 , -1.9958e+08
0.116116 , 2.14925e+09 , -1.65262e+08
0.117117 , 2.0889e+09 , -1.2574e+08
0.118118 , 1.79552e+09 , -8.46832e+07
0.119119 , 1.30478e+09 , -4.55762e+07
0.12012 , 6.71383e+08 , -1.14638e+07
0.121121 , -3.69086e+07 , 1.5246e+07
0.122122 , -7.46247e+08 , 3.29231e+07
0.123123 , -1.38421e+09 , 4.07899e+07
0.124124 , -1.88699e+09 , 3.89304e+07
0.125125 , -2.20555e+09 , 2.82346e+07
0.126126 , -2.31027e+09 , 1.02863e+07
0.127127 , -2.1935e+09 , -1.27946e+07
0.128128 , -1.86995e+09 , -3.85433e+07
0.129129 , -1.37485e+09 , -6.43594e+07
0.13013 , -7.60067e+08 , -8.77171e+07
0.131131 , -8.87296e+07 , -1.06364e+08
0.132132 , 5.7128e+08 , -1.1849e+08
0.133133 , 1.15413e+09 , -1.22864e+08
0.134134 , 1.60256e+09 , -1.18913e+08
0.135135 , 1.87348e+09 , -1.06759e+08
0.136136 , 1.94204e+09 , -8.71963e+07
0.137137 , 1.80387e+09 , -6.16215e+07
0.138138 , 1.47528e+09 , -3.19167e+07
0.139139 , 9.91361e+08 , -298722
0.14014 , 4.02281e+08 , 3.08549e+07
0.141141 , -2.31856e+08 , 5.91906e+07
0.142142 , -8.47101e+08 , 8.25596e+07
0.143143 , -1.38205e+09 , 9.9181e+07
0.144144 , -1.78389e+09 , 1.07777e+08
0.145145 , -2.0136e+09 , 1.07668e+08
0.146146 , -2.04963e+09 , 9.88221e+07
0.147147 , -1.88992e+09 , 8.18581e+07
0.148148 , -1.55189e+09 , 5.7995e+07
0.149149 , -1.07054e+09 , 2.89606e+07
0.15015 , -4.94876e+08 , -3.13973e+06
0.151151 , 1.17136e+08 , -3.59817e+07
0.152152 , 7.04338e+08 , -6.71967e+07
0.153153 , 1.20849e+09 , -9.45491e+07
0.154154 , 1.58e+09 , -1.16104e+08
0.155155 , 1.7828e+09 , -1.30369e+08
0.156156 , 1.79782e+09 , -1.36408e+08
0.157157 , 1.62476e+09 , -1.33906e+08
0.158158 , 1.28201e+09 , -1.23192e+08
0.159159 , 8.04734e+08 , -1.05212e+08
0.16016 , 2.41277e+08 , -8.14523e+07
0.161161 , -3.51676e+08 , -5.38273e+07
0.162162 , -9.14749e+08 , -2.45297e+07
0.163163 , -1.39177e+09 , 4.13704e+06
0.164164 , -1.73529e+09 , 2.99366e+07
0.165165 , -1.91128e+09 , 5.0872e+07
0.166166 , -1.90241e+09 , 6.534e+07
0.167167 , -1.70975e+09 , 7.22565e+07
0.168168 , -1.35258e+09 , 7.11411e+07
0.169169 , -8.66483e+08 , 6.21576e+07
0.17017 , -2.99764e+08 , 4.61041e+07
0.171171 , 2.91291e+08 , 2.43551e+07
0.172172 , 8.47992e+08 , -1.241e+06
0.173173 , 1.31502e+09 , -2.85018e+07
0.174174 , 1.64586e+09 , -5.50767e+07
0.175175 , 1.8074e+09 , -7.86282e+07
0.176176 , 1.78314e+09 , -9.70131e+07
0.177177 , 1.57489e+09 , -1.08452e+08
0.178178 , 1.20257e+09 , -1.11672e+08
0.179179 , 7.0229e+08 , -1.06017e+08
0.18018 , 1.22899e+08 , -9.15065e+07
0.181181 , -4.78796e+08 , -6.88551e+07
0.182182 , -1.04351e+09 , -3.94312e+07
0.183183 , -1.51527e+09 , -5.17459e+06
0.184184 , -1.84679e+09 , 3.15319e+07
0.185185 , -2.00418e+09 , 6.80223e+07
0.186186 , -1.97017e+09 , 1.01531e+08
0.187187 , -1.74593e+09 , 1.29383e+08
0.188188 , -1.35098e+09 , 1.49181e+08
0.189189 , -8.21429e+08 , 1.58976e+08
0.19019 , -2.06598e+08 , 1.57403e+08
0.191191 , 4.35605e+08 , 1.43781e+08
0.192192 , 1.04414e+09 , 1.1817e+08
0.193193 , 1.56059e+09 , 8.13679e+07
0.194194 , 1.93464e+09 , 3.48667e+07
0.195195 , 2.12882e+09 , -1.92397e+07
0.196196 , 2.12202e+09 , -7.83888e+07
0.197197 , 1.91146e+09 , -1.39711e+08
0.198198 , 1.51297e+09 , -2.00209e+08
0.199199 , 9.59452e+08 , -2.56946e+08
0.2002 , 2.97852e+08 , -3.07221e+08
0.201201 , -4.15219e+08 , -3.48731e+08
0.202202 , -1.11873e+09 , -3.797e+08
0.203203 , -1.75282e+09 , -3.98974e+08
0.204204 , -2.26429e+09 , -4.06068e+08
0.205205 , -2.61137e+09 , -4.01176e+08
0.206206 , -2.76742e+09 , -3.85129e+08
0.207207 , -2.72317e+09 , -3.59318e+08
0.208208 , -2.48732e+09 , -3.25586e+08
0.209209 , -2.08549e+09 , -2.8609e+08
0.21021 , -1.55755e+09 , -2.43154e+08
0.211211 , -9.53734e+08 , -1.99121e+08
0.212212 , -3.29815e+08 , -1.562e+08
0.213213 , 2.58183e+08 , -1.16349e+08
0.214214 , 7.59171e+08 , -8.1164e+07
0.215215 , 1.13164e+09 , -5.18093e+07
0.216216 , 1.34735e+09 , -2.89796e+07
0.217217 , 1.39362e+09 , -1.28943e+07
0.218218 , 1.27421e+09 , -3.32488e+06
0.219219 , 1.00855e+09 , 348119
0.22022 , 6.29483e+08 , -942860
0.221221 , 1.79833e+08 , -6.04644e+06
0.222222 , -2.91976e+08 , -1.36935e+07
0.223223 , -7.36734e+08 , -2.25981e+07
0.224224 , -1.10925e+09 , -3.15502e+07
0.225225 , -1.37266e+09 , -3.94951e+07
0.226226 , -1.50188e+09 , -4.55935e+07
0.227227 , -1.48585e+09 , -4.92602e+07
0.228228 , -1.3283e+09 , -5.01806e+07
0.229229 , -1.04716e+09 , -4.83046e+07
0.23023 , -6.72496e+08 , -4.38212e+07
0.231231 , -2.43358e+08 , -3.71184e+07
0.232232 , 1.96281e+08 , -2.87309e+07
0.233233 , 6.01966e+08 , -1.9283e+07
0.234234 , 9.33199e+08 , -9.43031e+06
0.235235 , 1.15744e+09 , 193290
0.236236 , 1.25326e+09 , 9.02156e+06
0.237237 , 1.21235e+09 , 1.659e+07
0.238238 , 1.04022e+09 , 2.25571e+07
0.239239 , 7.55495e+08 , 2.67131e+07
0.24024 , 3.87913e+08 , 2.89757e+07
0.241241 , -2.47352e+07 , 2.93756e+07
0.242242 , -4.4049e+08 , 2.80348e+07
0.243243 , -8.17466e+08 , 2.51399e+07
0.244244 , -1.11807e+09 , 2.09141e+07
0.245245 , -1.31274e+09 , 1.55914e+07
0.246246 , -1.38291e+09 , 9.39512e+06
0.247247 , -1.3228e+09 , 2.52257e+06
0.248248 , -1.13997e+09 , -4.86257e+06
0.249249 , -8.54511e+08 , -1.26308e+07
0.25025 , -4.96962e+08 , -2.06804e+07
0.251251 , -1.05243e+08 , -2.89262e+07
0.252252 , 2.79197e+08 , -3.72847e+07
0.253253 , 6.15566e+08 , -4.56591e+07
0.254254 , 8.67852e+08 , -5.39259e+07
0.255255 , 1.00848e+09 , -6.19249e+07
0.256256 , 1.02112e+09 , -6.94553e+07
0.257257 , 9.02413e+08 , -7.62782e+07
0.258258 , 6.62354e+08 , -8.2126e+07
0.259259 , 3.23419e+08 , -8.67184e+07
0.26026 , -8.15994e+07 , -8.97828e+07
0.261261 , -5.12776e+08 , -9.10792e+07
0.262262 , -9.26955e+08 , -9.04246e+07
0.263263 , -1.282e+09 , -8.77169e+07
0.264264 , -1.54097e+09 , -8.29536e+07
0.265265 , -1.67583e+09 , -7.62453e+07
0.266266 , -1.67026e+09 , -6.78199e+07
0.267267 , -1.52144e+09 , -5.80187e+07
0.268268 , -1.24044e+09 , -4.72827e+07
0.269269 , -8.51322e+08 , -3.61307e+07
0.27027 , -3.88944e+08 , -2.51297e+07
0.271271 , 1.04243e+08 , -1.48603e+07
0.272272 , 5.82199e+08 , -5.88028e+06
0.273273 , 9.99639e+08 , 1.31235e+06
0.274274 , 1.31633e+09 , 6.31251e+06
0.275275 , 1.50095e+09 , 8.83527e+06
0.276276 , 1.53405e+09 , 8.73509e+06
0.277277 , 1.41003e+09 , 6.01519e+06
0.278278 , 1.13762e+09 , 826663
0.279279 , 7.39203e+08 , -6.54281e+06
0.28028 , 2.48675e+08 , -1.56896e+07
0.281281 , -2.91663e+08 , -2.61223e+07
0.282282 , -8.35072e+08 , -3.72956e+07
0.283283 , -1.33474e+09 , -4.86462e+07
0.284284 , -1.74816e+09 , -5.96289e+07
0.285285 , -2.04104e+09 , -6.97498e+07
0.286286 , -2.19053e+09 , -7.8594e+07
0.287287 , -2.18724e+09 , -8.58454e+07
0.288288 , -2.03601e+09 , -9.1299e+07
0.289289 , -1.7554e+09 , -9.48632e+07
0.29029 , -1.37573e+09 , -9.65537e+07
0.291291 , -9.36143e+08 , -9.64804e+07
0.292292 , -4.80729e+08 , -9.48274e+07
0.293293 , -5.42751e+07 , -9.18296e+07
0.294294 , 3.02091e+08 , -8.77481e+07
0.295295 , 5.54862e+08 , -8.28457e+07
0.296296 , 6.81361e+08 , -7.73667e+07
0.297297 , 6.71897e+08 , -7.15203e+07
0.298298 , 5.30645e+08 , -6.54708e+07
0.299299 , 2.75171e+08 , -5.93337e+07
0.3003 , -6.53528e+07 , -5.31793e+07
0.301301 , -4.5307e+08 , -4.70402e+07
0.302302 , -8.45228e+08 , -4.09249e+07
0.303303 , -1.19845e+09 , -3.48326e+07
0.304304 , -1.4731e+09 , -2.87689e+07
0.305305 , -1.63731e+09 , -2.27601e+07
0.306306 , -1.67022e+09 , -1.68638e+07
0.307307 , -1.56425e+09 , -1.11755e+07
0.308308 , -1.32604e+09 , -5.82894e+06
0.309309 , -9.75963e+08 , -990371
0.31031 , -5.46363e+08 , 3.15197e+06
0.311311 , -7.85541e+07 , 6.40359e+06
0.312312 , 3.81101e+08 , 8.58235e+06
0.313313 , 7.85659e+08 , 9.5382e+06
0.314314 , 1.0922e+09 , 9.17208e+06
0.315315 , 1.26614e+09 , 7.45186e+06
0.316316 , 1.2848e+09 , 4.42348e+06
0.317317 , 1.13991e+09 , 215806
0.318318 , 8.38799e+08 , -4.96158e+06
0.319319 , 4.04128e+08 , -1.08279e+07
0.32032 , -1.27877e+08 , -1.70475e+07
0.321321 , -7.10474e+08 , -2.3252e+07
0.322322 , -1.29054e+09 , -2.90662e+07
0.323323 , -1.8134e+09 , -3.4136e+07
0.324324 , -2.22794e+09 , -3.81554e+07
0.325325 , -2.49151e+09 , -4.08908e+07
0.326326 , -2.57418e+09 , -4.21996e+07
0.327327 , -2.46202e+09 , -4.20426e+07
0.328328 , -2.15893e+09 , -4.04876e+07
0.329329 , -1.68702e+09 , -3.77038e+07
0.33033 , -1.08533e+09 , -3.3949e+07
0.331331 , -4.07072e+08 , -2.95483e+07
0.332332 , 2.84464e+08 , -2.48675e+07
0.333333 , 9.20934e+08 , -2.02832e+07
0.334334 , 1.43455e+09 , -1.6151e+07
0.335335 , 1.76373e+09 , -1.27772e+07
0.336336 , 1.85841e+09 , -1.03929e+07
0.337337 , 1.68445e+09 , -9.13588e+06
0.338338 , 1.22683e+09 , -9.04016e+06
0.339339 , 4.91396e+08 , -1.00347e+07
0.34034 , -4.95062e+08 , -1.19514e+07
0.341341 , -1.68642e+09 , -1.45414e+07
0.342342 , -3.02029e+09 , -1.74985e+07
0.343343 , -4.42243e+09 , -2.04879e+07
0.344344 , -5.81198e+09 , -2.31766e+07
0.345345 , -7.10732e+09 , -2.52643e+07
0.346346 , -8.23182e+09 , -2.6511e+07
0.347347 , -9.11923e+09 , -2.67581e+07
0.348348 , -9.71825e+09 , -2.59436e+07
0.349349 , -9.99585e+09 , -2.41066e+07
0.35035 , -9.93922e+09 , -2.13844e+07
0.351351 , -9.55615e+09 , -1.79986e+07
0.352352 , -8.87397e+09 , -1.42349e+07
0.353353 , -7.93697e+09 , -1.04162e+07
0.354354 , -6.80276e+09 , -6.87206e+06
0.355355 , -5.53785e+09 , -3.90834e+06
0.356356 , -4.21265e+09 , -1.77787e+06
0.357357 , -2.89656e+09 , -656751
0.358358 , -1.65334e+09 , -627401
0.359359 , -5.37196e+08 , -1.67045e+06
0.36036 , 4.10237e+08 , -3.66613e+06
0.361361 , 1.16169e+09 , -6.40514e+06
0.362362 , 1.70493e+09 , -9.60815e+06
0.363363 , 2.04218e+09 , -1.2952e+07
0.364364 , 2.18858e+09 , -1.61006e+07
0.365365 , 2.16967e+09 , -1.87368e+07
0.366366 , 2.01842e+09 , -2.05939e+07
0.367367 , 1.77189e+09 , -2.14817e+07
0.368368 , 1.46788e+09 , -2.13063e+07
0.369369 , 1.14199e+09 , -2.00808e+07
0.37037 , 8.2504e+08 , -1.79263e+07
0.371371 , 5.41279e+08 , -1.50618e+07
0.372372 , 3.07367e+08 , -1.17852e+07
0.373373 , 1.32123e+08 , -8.44632e+06
0.374374 , 1.70318e+07 , -5.41352e+06
0.375375 , -4.26306e+07 , -3.03855e+06
0.376376 , -5.62327e+07 , -1.62141e+06
0.377377 , -3.5971e+07 , -1.37921e+06
0.378378 , 4.98498e+06 , -2.42196e+06
0.379379 , 5.41945e+07 , -4.73767e+06
0.38038 , 1.01332e+08 , -8.18841e+06
0.381381 , 1.39139e+08 , -1.25181e+07
0.382382 , 1.63885e+08 , -1.73718e+07
0.383383 , 1.75324e+08 , -2.23248e+07
0.384384 , 1.76199e+08 , -2.69192e+07
0.385385 , 1.71396e+08 , -3.07059e+07
0.386386 , 1.6686e+08 , -3.32869e+07
0.387387 , 1.68439e+08 , -3.43547e+07
0.388388 , 1.80787e+08 , -3.37263e+07
0.389389 , 2.06471e+08 , -3.13664e+07
0.39039 , 2.45382e+08 , -2.73995e+07
0.391391 , 2.94511e+08 , -2.21082e+07
0.392392 , 3.4813e+08 , -1.59176e+07
0.393393 , 3.98334e+08 , -9.36645e+06
0.394394 , 4.35888e+08 , -3.06816e+06
0.395395 , 4.51285e+08 , 2.33737e+06
0.396396 , 4.35881e+08 , 6.23549e+06
0.397397 , 3.82997e+08 , 8.08891e+06
0.398398 , 2.88839e+08 , 7.48563e+06
0.399399 , 1.53151e+08 , 4.17854e+06
0.4004 , -2.04865e+07 , -1.8867e+06
0.401401 , -2.24743e+08 , -1.05581e+07
0.402402 , -4.49017e+08 , -2.14797e+07
0.403403 , -6.80263e+08 , -3.41099e+07
0.404404 , -9.04069e+08 , -4.77548e+07
0.405405 , -1.10592e+09 , -6.1614e+07
0.406406 , -1.27246e+09 , -7.4836e+07
0.407407 , -1.39272e+09 , -8.65784e+07
0.408408 , -1.45909e+09 , -9.6069e+07
0.409409 , -1.468e+09 , -1.02662e+08
0.41041 , -1.42029e+09 , -1.05886e+08
0.411411 , -1.32104e+09 , -1.05481e+08
0.412412 , -1.17921e+09 , -1.01417e+08
0.413413 , -1.00674e+09 , -9.38966e+07
0.414414 , -8.17512e+08 , -8.33464e+07
0.415415 , -6.26129e+08 , -7.03822e+07
0.416416 , -4.46605e+08 , -5.57685e+07
0.417417 , -2.91182e+08 , -4.03641e+07
0.418418 , -1.69321e+08 , -2.50622e+07
0.419419 , -8.6964e+07 , -1.07294e+07
0.42042 , -4.61472e+07 , 1.85318e+06
0.421421 , -4.49809e+07 , 1.20405e+07
0.422422 , -7.79904e+07 , 1.93631e+07
0.423423 , -1.36778e+08 , 2.35531e+07
0.424424 , -2.10934e+08 , 2.45534e+07
0.425425 , -2.89101e+08 , 2.25128e+07
0.426426 , -3.60088e+08 , 1.77641e+07
0.427427 , -4.13931e+08 , 1.07905e+07
0.428428 , -4.42788e+08 , 2.18208e+06
0.429429 , -4.41609e+08 , -7.41389e+06
0.43043 , -4.08505e+08 , -1.73442e+07
0.431431 , -3.44805e+08 , -2.69986e+07
0.432432 , -2.54802e+08 , -3.58518e+07
0.433433 , -1.45229e+08 , -4.34968e+07
0.434434 , -2.45132e+07 , -4.96651e+07
0.435435 , 9.80858e+07 , -5.42348e+07
0.436436 , 2.13393e+08 , -5.72248e+07
0.437437 , 3.13179e+08 , -5.87773e+07
0.438438 , 3.9089e+08 , -5.91306e+07
0.439439 , 4.42186e+08 , -5.8584e+07
0.44044 , 4.6523e+08 , -5.74606e+07
0.441441 , 4.60728e+08 , -5.60692e+07
0.442442 , 4.31713e+08 , -5.46705e+07
0.443443 , 3.83118e+08 , -5.34504e+07
0.444444 , 3.21183e+08 , -5.25025e+07
0.445445 , 2.52772e+08 , -5.18213e+07
0.446446 , 1.84671e+08 , -5.1307e+07
0.447447 , 1.22934e+08 , -5.07806e+07
0.448448 , 7.23507e+07 , -5.00083e+07
0.449449 , 3.60832e+07 , -4.87318e+07
0.45045 , 1.54913e+07 , -4.67024e+07
0.451451 , 1.01651e+07 , -4.37147e+07
0.452452 , 1.81423e+07 , -3.96368e+07
0.453453 , 3.62793e+07 , -3.44337e+07
0.454454 , 6.07249e+07 , -2.81819e+07
0.455455 , 8.74394e+07 , -2.10726e+07
0.456456 , 1.12697e+08 , -1.34038e+07
0.457457 , 1.33514e+08 , -5.56183e+06
0.458458 , 1.47963e+08 , 2.00754e+06
0.459459 , 1.55331e+08 , 8.83435e+06
0.46046 , 1.56119e+08 , 1.44641e+07
0.461461 , 1.51889e+08 , 1.84977e+07
0.462462 , 1.44971e+08 , 2.06287e+07
0.463463 , 1.38089e+08 , 2.06731e+07
0.464464 , 1.33938e+08 , 1.85909e+07
0.465465 , 1.34771e+08 , 1.44951e+07
0.466466 , 1.42053e+08 , 8.64847e+06
0.467467 , 1.56218e+08 , 1.44763e+06
0.468468 , 1.76558e+08 , -6.60455e+06
0.469469 , 2.01265e+08 , -1.49361e+07
0.47047 , 2.2762e+08 , -2.29492e+07
0.471471 , 2.52301e+08 , -3.00671e+07
0.472472 , 2.71786e+08 , -3.5779e+07
0.473473 , 2.82791e+08 , -3.96814e+07
0.474474 , 2.82704e+08 , -4.15096e+07
0.475475 , 2.69947e+08 , -4.116e+07
0.476476 , 2.44242e+08 , -3.86975e+07
0.477477 , 2.06721e+08 , -3.43508e+07
0.478478 , 1.59886e+08 , -2.84934e+07
0.479479 , 1.07406e+08 , -2.16128e+07
0.48048 , 5.37703e+07 , -1.42709e+07
0.481481 , 3.83756e+06 , -7.05813e+06
0.482482 , -3.7679e+07 , -544930
0.483483 , -6.67265e+07 , 4.76399e+06
0.484484 , -8.03759e+07 , 8.47028e+06
0.485485 , -7.71795e+07 , 1.03133e+07
0.486486 , -5.73795e+07 , 1.01897e+07
0.487487 , -2.29399e+07 , 8.1595e+06
0.488488 , 2.26053e+07 , 4.43894e+06
0.489489 , 7.44781e+07 , -620511
0.49049 , 1.27127e+08 , -6.56385e+06
0.491491 , 1.74792e+08 , -1.28729e+07
0.492492 , 2.12112e+08 , -1.90117e+07
0.493493 , 2.34705e+08 , -2.44727e+07
0.494494 , 2.39659e+08 , -2.88203e+07
0.495495 , 2.2589e+08 , -3.17276e+07
0.496496 , 1.94299e+08 , -3.30034e+07
0.497497 , 1.47746e+08 , -3.26067e+07
0.498498 , 9.07917e+07 , -3.06492e+07
0.499499 , 2.92749e+07 , -2.73829e+07
0.500501 , -3.02732e+07 , -2.31763e+07
0.501502 , -8.12953e+07 , -1.84805e+07
0.502503 , -1.17899e+08 , -1.37883e+07
0.503504 , -1.355e+08 , -9.58949e+06
0.504505 , -1.31339e+08 , -6.32668e+06
0.505506 , -1.04836e+08 , -4.35595e+06
0.506507 , -5.77201e+07 , -3.91474e+06
0.507508 , 6.07619e+06 , -5.10058e+06
0.508509 , 8.07474e+07 , -7.86216e+06
0.50951 , 1.59151e+08 , -1.20035e+07
0.510511 , 2.33496e+08 , -1.72011e+07
0.511512 , 2.96112e+08 , -2.3032e+07
0.512513 , 3.40232e+08 , -2.90108e+07
0.513514 , 3.60701e+08 , -3.46321e+07
0.514515 , 3.54539e+08 , -3.94148e+07
0.515516 , 3.21303e+08 , -4.29441e+07
0.516517 , 2.63195e+08 , -4.49078e+07
0.517518 , 1.84914e+08 , -4.51236e+07
0.518519 , 9.32508e+07 , -4.35551e+07
0.51952 , -3.53699e+06 , -4.03148e+07
0.520521 , -9.65076e+07 , -3.56548e+07
0.521522 , -1.76903e+08 , -2.99447e+07
0.522523 , -2.37018e+08 , -2.36391e+07
0.523524 , -2.70979e+08 , -1.72388e+07
0.524525 , -2.75354e+08 , -1.12473e+07
0.525526 , -2.4954e+08 , -6.12713e+06
0.526527 , -1.95861e+08 , -2.26024e+06
0.527528 , -1.1939e+08 , 84488.3
0.528529 , -2.74895e+07 , 773895
0.52953 , 7.08853e+07 , -178861
0.530531 , 1.6605e+08 , -2.61655e+06
0.531532 , 2.48541e+08 , -6.25276e+06
0.532533 , 3.1006e+08 , -1.06981e+07
0.533534 , 3.44315e+08 , -1.54952e+07
0.534535 , 3.47676e+08 , -2.01599e+07
0.535536 , 3.19576e+08 , -2.42244e+07
0.536537 , 2.62607e+08 , -2.72791e+07
0.537538 , 1.82311e+08 , -2.90086e+07
0.538539 , 8.6667e+07 , -2.92201e+07
0.53954 , -1.46709e+07 , -2.78602e+07
0.540541 , -1.11316e+08 , -2.50196e+07
0.541542 , -1.93177e+08 , -2.09253e+07
0.542543 , -2.51478e+08 , -1.59196e+07
0.543544 , -2.79657e+08 , -1.04304e+07
0.544545 , -2.74066e+08 , -4.93262e+06
0.545546 , -2.34387e+08 , 94068.8
0.546547 , -1.63725e+08 , 4.20783e+06
0.547548 , -6.83631e+07 , 7.0443e+06
0.548549 , 4.28016e+07 , 8.3492e+06
0.54955 , 1.59096e+08 , 8.00127e+06
0.550551 , 2.69092e+08 , 6.02348e+06
0.551552 , 3.61728e+08 , 2.58147e+06
0.552553 , 4.27404e+08 , -2.03067e+06
0.553554 , 4.58962e+08 , -7.41602e+06
0.554555 , 4.52428e+08 , -1.31096e+07
0.555556 , 4.07466e+08 , -1.86194e+07
0.556557 , 3.27474e+08 , -2.34696e+07
0.557558 , 2.19315e+08 , -2.72425e+07
0.558559 , 9.27026e+07 , -2.96162e+07
0.55956 , -4.06996e+07 , -3.03924e+07
0.560561 , -1.68387e+08 , -2.95148e+07
0.561562 , -2.78222e+08 , -2.7074e+07
0.562563 , -3.59625e+08 , -2.32998e+07
0.563564 , -4.04628e+08 , -1.85411e+07
0.564565 , -4.08693e+08 , -1.3235e+07
0.565566 , -3.71203e+08 , -7.86802e+06
0.566567 , -2.95576e+08 , -2.93279e+06
0.567568 , -1.88991e+08 , 1.11602e+06
0.568569 , -6.17419e+07 , 3.90259e+06
0.56957 , 7.37302e+07 , 5.1641e+06
0.570571 , 2.04015e+08 , 4.77492e+06
0.571572 , 3.16029e+08 , 2.75874e+06
0.572573 , 3.983e+08 , -712470
0.573574 , 4.42099e+08 , -5.33285e+06
0.574575 , 4.42337e+08 , -1.0689e+07
0.575576 , 3.98102e+08 , -1.62963e+07
0.576577 , 3.12805e+08 , -2.16418e+07
0.577578 , 1.93906e+08 , -2.62299e+07
0.578579 , 5.22341e+07 , -2.96276e+07
0.57958 , -9.90205e+07 , -3.1504e+07
0.580581 , -2.45565e+08 , -3.16618e+07
0.581582 , -3.73385e+08 , -3.00566e+07
0.582583 , -4.70113e+08 , -2.68038e+07
0.583584 , -5.2626e+08 , -2.2171e+07
0.584585 , -5.36179e+08 , -1.65567e+07
0.585586 , -4.98667e+08 , -1.04575e+07
0.586587 , -4.17146e+08 , -4.42591e+06
0.587588 , -2.9939e+08 , 977178
0.588589 , -1.56828e+08 , 5.23176e+06
0.58959 , -3.48693e+06 , 7.90516e+06
0.590591 , 1.45345e+08 , 8.69164e+06
0.591592 , 2.7458e+08 , 7.44181e+06
0.592593 , 3.70804e+08 , 4.17899e+06
0.593594 , 4.23602e+08 , -898966
0.594595 , 4.26605e+08 , -7.43275e+06
0.595596 , 3.78169e+08 , -1.49286e+07
0.596597 , 2.81592e+08 , -2.27974e+07
0.597598 , 1.44862e+08 , -3.04021e+07
0.598599 , -2.00597e+07 , -3.71104e+07
0.5996 , -1.98348e+08 , -4.23473e+07
0.600601 , -3.73714e+08 , -4.56444e+07
0.601602 , -5.29973e+08 , -4.66804e+07
0.602603 , -6.52618e+08 , -4.53099e+07
0.603604 , -7.30256e+08 , -4.15786e+07
0.604605 , -7.55758e+08 , -3.57222e+07
0.605606 , -7.27016e+08 , -2.81503e+07
0.606607 , -6.47221e+08 , -1.94152e+07
0.607608 , -5.24631e+08 , -1.0169e+07
0.608609 , -3.71845e+08 , -1.11235e+06
0.60961 , -2.04648e+08 , 7.06161e+06
0.610611 , -4.05218e+07 , 1.37228e+07
0.611612 , 1.03021e+08 , 1.8355e+07
0.612613 , 2.10138e+08 , 2.0598e+07
0.613614 , 2.68223e+08 , 2.02767e+07
0.614615 , 2.6918e+08 , 1.74162e+07
0.615616 , 2.10289e+08 , 1.22397e+07
0.616617 , 9.45581e+07 , 5.15105e+06
0.617618 , -6.94608e+07 , -3.29723e+06
0.618619 , -2.68399e+08 , -1.24484e+07
0.61962 , -4.85269e+08 , -2.15939e+07
0.620621 , -7.0103e+08 , -3.00302e+07
0.621622 , -8.96375e+08 , -3.71148e+07
0.622623 , -1.05357e+09 , -4.23173e+07
0.623624 , -1.15816e+09 , -4.52609e+07
0.624625 , -1.2004e+09 , -4.57517e+07
0.625626 , -1.17627e+09 , -4.37926e+07
0.626627 , -1.08789e+09 , -3.95816e+07
0.627628 , -9.43411e+08 , -3.34936e+07
0.628629 , -7.56324e+08 , -2.60485e+07
0.62963 , -5.44186e+08 , -1.78679e+07
0.630631 , -3.26987e+08 , -9.62282e+06
0.631632 , -1.25225e+08 , -1.97934e+06
0.632633 , 4.2093e+07 , 4.45619e+06
0.633634 , 1.59344e+08 , 9.18577e+06
0.634635 , 2.1589e+08 , 1.18593e+07
0.635636 , 2.07225e+08 , 1.23015e+07
0.636637 , 1.35546e+08 , 1.05242e+07
0.637638 , 9.68331e+06 , 6.72308e+06
0.638639 , -1.55625e+08 , 1.25903e+06
0.63964 , -3.41056e+08 , -5.37346e+06
0.640641 , -5.2452e+08 , -1.25892e+07
0.641642 , -6.83307e+08 , -1.97621e+07
0.642643 , -7.96369e+08 , -2.62776e+07
0.643644 , -8.46538e+08 , -3.15843e+07
0.644645 , -8.22454e+08 , -3.52389e+07
0.645646 , -7.20016e+08 , -3.69427e+07
0.646647 , -5.43222e+08 , -3.65648e+07
0.647648 , -3.04275e+08 , -3.41517e+07
0.648649 , -2.29441e+07 , -2.9922e+07
0.64965 , 2.74804e+08 , -2.4246e+07
0.650651 , 5.58793e+08 , -1.76142e+07
0.651652 , 7.97095e+08 , -1.05944e+07
0.652653 , 9.58746e+08 , -3.78398e+06
0.653654 , 1.0165e+09 , 2.24025e+06
0.654655 , 9.49395e+08 , 6.97052e+06
0.655656 , 7.44836e+08 , 1.00098e+07
0.656657 , 4.00128e+08 , 1.11045e+07
0.657658 , -7.68167e+07 , 1.01642e+07
0.658659 , -6.67585e+08 , 7.26872e+06
0.65966 , -1.34424e+09 , 2.65981e+06
0.660661 , -2.07108e+09 , -3.2796e+06
0.661662 , -2.80708e+09 , -1.00582e+07
0.662663 , -3.50875e+09 , -1.71179e+07
0.663664 , -4.13334e+09 , -2.38799e+07
0.664665 , -4.64192e+09 , -2.97932e+07
0.665666 , -5.00229e+09 , -3.43791e+07
0.666667 , -5.19138e+09 , -3.72704e+07
0.667668 , -5.19693e+09 , -3.82406e+07
0.668669 , -5.0184e+09 , -3.72205e+07
0.66967 , -4.66697e+09 , -3.43033e+07
0.670671 , -4.16469e+09 , -2.97343e+07
0.671672 , -3.54276e+09 , -2.38899e+07
0.672673 , -2.83921e+09 , -1.72449e+07
0.673674 , -2.09608e+09 , -1.03326e+07
0.674675 , -1.35635e+09 , -3.70061e+06
0.675676 , -6.60874e+08 , 2.13419e+06
0.676677 , -4.55673e+07 , 6.72744e+06
0.677678 , 4.60954e+08 , 9.74251e+06
0.678679 , 8.39112e+08 , 1.09764e+07
0.67968 , 1.07934e+09 , 1.03743e+07
0.680681 , 1.18226e+09 , 8.03163e+06
0.681682 , 1.15808e+09 , 4.1837e+06
0.682683 , 1.02522e+09 , -815827
0.683684 , 8.08457e+08 , -6.52615e+06
0.684685 , 5.36574e+08 , -1.2457e+07
0.685686 , 2.39863e+08 , -1.81101e+07
0.686687 , -5.23735e+07 , -2.30197e+07
0.687688 , -3.14088e+08 , -2.67912e+07
0.688689 , -5.24367e+08 , -2.91318e+07
0.68969 , -6.68763e+08 , -2.98727e+07
0.690691 , -7.40013e+08 , -2.8981e+07
0.691692 , -7.381e+08 , -2.65595e+07
0.692693 , -6.69694e+08 , -2.28354e+07
0.693694 , -5.47056e+08 , -1.81393e+07
0.694695 , -3.86516e+08 , -1.28753e+07
0.695696 , -2.06697e+08 , -7.48629e+06
0.696697 , -2.66429e+07 , -2.41596e+06
0.697698 , 1.35969e+08 , 1.92793e+06
0.698699 , 2.66383e+08 , 5.20688e+06
0.6997 , 3.53959e+08 , 7.17842e+06
0.700701 , 3.92907e+08 , 7.71437e+06
0.701702 , 3.82538e+08 , 6.80918e+06
0.702703 , 3.27011e+08 , 4.57778e+06
0.703704 , 2.3465e+08 , 1.24347e+06
0.704705 , 1.16897e+08 , -2.88309e+06
0.705706 , -1.29716e+07 , -7.43175e+06
0.706707 , -1.41232e+08 , -1.20052e+07
0.707708 , -2.55075e+08 , -1.62128e+07
0.708709 , -3.43809e+08 , -1.97034e+07
0.70971 , -3.99795e+08 , -2.21938e+07
0.710711 , -4.19045e+08 , -2.34912e+07
0.711712 , -4.01433e+08 , -2.35076e+07
0.712713 , -3.50524e+08 , -2.22645e+07
0.713714 , -2.73047e+08 , -1.98893e+07
0.714715 , -1.78084e+08 , -1.66018e+07
0.715716 , -7.60701e+07 , -1.26938e+07
0.716717 , 2.23081e+07 , -8.50302e+06
0.717718 , 1.07178e+08 , -4.38353e+06
0.718719 , 1.70432e+08 , -675513
0.71972 , 2.06455e+08 , 2.32312e+06
0.720721 , 2.12589e+08 , 4.38094e+06
0.721722 , 1.89273e+08 , 5.351e+06
0.722723 , 1.39882e+08 , 5.18143e+06
0.723724 , 7.02733e+07 , 3.91759e+06
0.724725 , -1.18907e+07 , 1.69604e+06
0.725726 , -9.79762e+07 , -1.26908e+06
0.726727 , -1.79276e+08 , -4.70599e+06
0.727728 , -2.47883e+08 , -8.30957e+06
0.728729 , -2.97447e+08 , -1.17679e+07
0.72973 , -3.23759e+08 , -1.47891e+07
0.730731 , -3.25087e+08 , -1.7125e+07
0.731732 , -3.02265e+08 , -1.85918e+07
0.732733 , -2.58516e+08 , -1.90834e+07
0.733734 , -1.9904e+08 , -1.85789e+07
0.734735 , -1.30423e+08 , -1.71423e+07
0.735736 , -5.99213e+07 , -1.49146e+07
0.736737 , 5.28814e+06 , -1.21002e+07
0.737738 , 5.88354e+07 , -8.94756e+06
0.738739 , 9.5771e+07 , -5.72744e+06
0.73974 , 1.13019e+08 , -2.70886e+06
0.740741 , 1.09622e+08 , -136464
0.741742 , 8.67722e+07 , 1.78972e+06
0.742743 , 4.76078e+07 , 2.93014e+06
0.743744 , -3.16689e+06 , 3.21594e+06
0.744745 , -5.98189e+07 , 2.65294e+06
0.745746 , -1.16209e+08 , 1.31907e+06
0.746747 , -1.66438e+08 , -644343
0.747748 , -2.05448e+08 , -3.04645e+06
0.748749 , -2.2952e+08 , -5.66466e+06
0.74975 , -2.36623e+08 , -8.26465e+06
0.750751 , -2.2657e+08 , -1.06209e+07
0.751752 , -2.00991e+08 , -1.25356e+07
0.752753 , -1.63108e+08 , -1.38555e+07
0.753754 , -1.17357e+08 , -1.4483e+07
0.754755 , -6.88918e+07 , -1.43837e+07
0.755756 , -2.30249e+07 , -1.35868e+07
0.756757 , 1.53372e+07 , -1.21813e+07
0.757758 , 4.21998e+07 , -1.03059e+07
0.758759 , 5.48823e+07 , -8.13604e+06
0.75976 , 5.22739e+07 , -5.86676e+06
0.760761 , 3.492e+07 , -3.69561e+06
0.761762 , 4.93361e+06 , -1.80508e+06
0.762763 , -3.4256e+07 , -347030
0.763764 , -7.82887e+07 , 569686
0.764765 , -1.2235e+08 , 887548
0.765766 , -1.61688e+08 , 603897
0.766767 , -1.92119e+08 , -230451
0.767768 , -2.10462e+08 , -1.51728e+06
0.768769 , -2.14867e+08 , -3.12109e+06
0.76977 , -2.05002e+08 , -4.88219e+06
0.770771 , -1.82073e+08 , -6.63163e+06
0.771772 , -1.48687e+08 , -8.20653e+06
0.772773 , -1.08571e+08 , -9.46447e+06
0.773774 , -6.61751e+07 , -1.02957e+07
0.774775 , -2.61998e+07 , -1.0632e+07
0.775776 , 6.89377e+06 , -1.0452e+07
0.776777 , 2.93507e+07 , -9.78174e+06
0.777778 , 3.85123e+07 , -8.69105e+06
0.778779 , 3.30917e+07 , -7.28665e+06
0.77978 , 1.33069e+07 , -5.70149e+06
0.780781 , -1.9141e+07 , -4.08239e+06
0.781782 , -6.12406e+07 , -2.57663e+06
0.782783 , -1.08977e+08 , -1.31884e+06
0.783784 , -1.57739e+08 , -419367
0.784785 , -2.02785e+08 , 45039.1
0.785786 , -2.39724e+08 , 37232.9
0.786787 , -2.64952e+08 , -437873
0.787788 , -2.76018e+08 , -1.33464e+06
0.788789 , -2.71862e+08 , -2.57156e+06
0.78979 , -2.52922e+08 , -4.03913e+06
0.790791 , -2.21084e+08 , -5.60996e+06
0.791792 , -1.79491e+08 , -7.15017e+06
0.792793 , -1.32231e+08 , -8.53098e+06
0.793794 , -8.39268e+07 , -9.63962e+06
0.794795 , -3.92792e+07 , -1.03884e+07
0.795796 , -2.60777e+06 , -1.07214e+07
0.796797 , 2.25705e+07 , -1.06181e+07
0.797798 , 3.38775e+07 , -1.00942e+07
0.798799 , 3.02958e+07 , -9.1985e+06
0.7998 , 1.22537e+07 , -8.0081e+06
0.800801 , -1.84323e+07 , -6.62043e+06
0.801802 , -5.87508e+07 , -5.14441e+06
0.802803 , -1.04804e+08 , -3.69086e+06
0.803804 , -1.522e+08 , -2.36325e+06
0.804805 , -1.96484e+08 , -1.24947e+06
0.805806 , -2.33576e+08 , -415444
0.806807 , -2.60159e+08 , 98949.4
0.807808 , -2.73988e+08 , 281521
0.808809 , -2.7409e+08 , 146831
0.80981 , -2.60832e+08 , -267042
0.810811 , -2.35857e+08 , -903593
0.811812 , -2.01899e+08 , -1.69427e+06
0.812813 , -1.62488e+08 , -2.56547e+06
0.813814 , -1.21585e+08 , -3.44533e+06
0.814815 , -8.31875e+07 , -4.26994e+06
0.815816 , -5.09279e+07 , -4.988e+06
0.816817 , -2.773e+07 , -5.56397e+06
0.817818 , -1.5537e+07 , -5.97924e+06
0.818819 , -1.51459e+07 , -6.2314e+06
0.81982 , -2.6161e+07 , -6.33191e+06
0.820821 , -4.70681e+07 , -6.30241e+06
0.821822 , -7.54203e+07 , -6.1703e+06
0.822823 , -1.08112e+08 , -5.96411e+06
0.823824 , -1.41716e+08 , -5.70926e+06
0.824825 , -1.72839e+08 , -5.42464e+06
0.825826 , -1.98469e+08 , -5.12061e+06
0.826827 , -2.16274e+08 , -4.79838e+06
0.827828 , -2.24819e+08 , -4.45116e+06
0.828829 , -2.23687e+08 , -4.06658e+06
0.82983 , -2.13493e+08 , -3.63035e+06
0.830831 , -1.95784e+08 , -3.13054e+06
0.831832 , -1.72848e+08 , -2.56201e+06
0.832833 , -1.47448e+08 , -1.93022e+06
0.833834 , -1.22514e+08 , -1.25411e+06
0.834835 , -1.00825e+08 , -567371
0.835836 , -8.47103e+07 , 82204.2
0.836837 , -7.58136e+07 , 635250
0.837838 , -7.49317e+07 , 1.02534e+06
0.838839 , -8.19512e+07 , 1.18504e+06
0.83984 , -9.58866e+07 , 1.05309e+06
0.840841 , -1.15013e+08 , 581914
0.841842 , -1.37081e+08 , -255203
0.842843 , -1.5958e+08 , -1.45809e+06
0.843844 , -1.80041e+08 , -2.99559e+06
0.844845 , -1.96312e+08 , -4.80405e+06
0.845846 , -2.06811e+08 , -6.78863e+06
0.846847 , -2.10704e+08 , -8.82784e+06
0.847848 , -2.07995e+08 , -1.0781e+07
0.848849 , -1.99521e+08 , -1.24982e+07
0.84985 , -1.86851e+08 , -1.38325e+07
0.850851 , -1.72093e+08 , -1.46526e+07
0.851852 , -1.57643e+08 , -1.48558e+07
0.852853 , -1.45888e+08 , -1.43796e+07
0.853854 , -1.38911e+08 , -1.32112e+07
0.854855 , -1.38224e+08 , -1.13932e+07
0.855856 , -1.44555e+08 , -9.0261e+06
0.856857 , -1.57729e+08 , -6.26531e+06
0.857858 , -1.76646e+08 , -3.31425e+06
0.858859 , -1.99364e+08 , -412817
0.85986 , -2.2329e+08 , 2.17789e+06
0.860861 , -2.4545e+08 , 4.19348e+06
0.861862 , -2.62821e+08 , 5.38572e+06
0.862863 , -2.72681e+08 , 5.54201e+06
0.863864 , -2.72956e+08 , 4.50345e+06
0.864865 , -2.62503e+08 , 2.17992e+06
0.865866 , -2.41323e+08 , -1.43901e+06
0.866867 , -2.10654e+08 , -6.27842e+06
0.867868 , -1.72942e+08 , -1.21782e+07
0.868869 , -1.31689e+08 , -1.88995e+07
0.86987 , -9.11768e+07 , -2.61367e+07
0.870871 , -5.60953e+07 , -3.35349e+07
0.871872 , -3.11102e+07 , -4.07114e+07
0.872873 , -2.04048e+07 , -4.72797e+07
0.873874 , -2.72417e+07 , -5.28744e+07
0.874875 , -5.35891e+07 , -5.71757e+07
0.875876 , -9.98466e+07 , -5.99306e+07
0.876877 , -1.64704e+08 , -6.0971e+07
0.877878 , -2.45151e+08 , -6.0225e+07
0.878879 , -3.36637e+08 , -5.7723e+07
0.87988 , -4.3338e+08 , -5.35964e+07
0.880881 , -5.28797e+08 , -4.80691e+07
0.881882 , -6.16016e+08 , -4.14437e+07
0.882883 , -6.88434e+08 , -3.40814e+07
0.883884 , -7.40268e+08 , -2.63788e+07
0.884885 , -7.67047e+08 , -1.87421e+07
0.885886 , -7.66008e+08 , -1.15607e+07
0.886887 , -7.36355e+08 , -5.18301e+06
0.887888 , -6.79349e+08 , 105478
0.888889 , -5.98243e+08 , 4.0986e+06
0.88989 , -4.98032e+08 , 6.68063e+06
0.890891 , -3.85073e+08 , 7.8307e+06
0.891892 , -2.66581e+08 , 7.62061e+06
0.892893 , -1.50063e+08 , 6.20615e+06
0.893894 , -4.27207e+07 , 3.81289e+06
0.894895 , 4.9103e+07 , 717476
0.895896 , 1.20411e+08 , -2.77405e+06
0.896897 , 1.67913e+08 , -6.34927e+06
0.897898 , 1.90241e+08 , -9.71192e+06
0.898899 , 1.87998e+08 , -1.26024e+07
0.8999 , 1.63638e+08 , -1.4815e+07
0.900901 , 1.212e+08 , -1.62097e+07
0.901902 , 6.59025e+07 , -1.67196e+07
0.902903 , 3.66531e+06 , -1.63519e+07
0.903904 , -5.94261e+07 , -1.51833e+07
0.904905 , -1.17644e+08 , -1.33503e+07
0.905906 , -1.66093e+08 , -1.10359e+07
0.906907 , -2.01096e+08 , -8.45247e+06
0.907908 , -2.2045e+08 , -5.82368e+06
0.908909 , -2.23544e+08 , -3.36618e+06
0.90991 , -2.1133e+08 , -1.27264e+06
0.910911 , -1.86148e+08 , 302579
0.911912 , -1.51434e+08 , 1.25404e+06
0.912913 , -1.11338e+08 , 1.53156e+06
0.913914 , -7.02961e+07 , 1.14184e+06
0.914915 , -3.25854e+07 , 145452
0.915916 , -1.92394e+06 , -1.35036e+06
0.916917 , 1.88665e+07 , -3.20233e+06
0.917918 , 2.8094e+07 , -5.24428e+06
0.918919 , 2.53116e+07 , -7.30153e+06
0.91992 , 1.13068e+07 , -9.20544e+06
0.920921 , -1.20294e+07 , -1.08068e+07
0.921922 , -4.19374e+07 , -1.19871e+07
0.922923 , -7.51002e+07 , -1.26671e+07
0.923924 , -1.07998e+08 , -1.28111e+07
0.924925 , -1.37272e+08 , -1.24288e+07
0.925926 , -1.60055e+08 , -1.15718e+07
0.926927 , -1.74249e+08 , -1.03281e+07
0.927928 , -1.78705e+08 , -8.81356e+06
0.928929 , -1.73313e+08 , -7.1607e+06
0.92993 , -1.58976e+08 , -5.50773e+06
0.930931 , -1.37486e+08 , -3.98683e+06
0.931932 , -1.11309e+08 , -2.71372e+06
0.932933 , -8.33172e+07 , -1.77895e+06
0.933934 , -5.64783e+07 , -1.24167e+06
0.934935 , -3.3548e+07 , -1.12626e+06
0.935936 , -1.67934e+07 , -1.42192e+06
0.936937 , -7.77311e+06 , -2.08523e+06
0.937938 , -7.19682e+06 , -3.04521e+06
0.938939 , -1.48756e+07 , -4.21043e+06
0.93994 , -2.97664e+07 , -5.47751e+06
0.940941 , -5.01037e+07 , -6.74011e+06
0.941942 , -7.36029e+07 , -7.8978e+06
0.942943 , -9.77123e+07 , -8.86392e+06
0.943944 , -1.19887e+08 , -9.57194e+06
0.944945 , -1.37856e+08 , -9.97983e+06
0.945946 , -1.49853e+08 , -1.00721e+07
0.946947 , -1.54794e+08 , -9.85966e+06
0.947948 , -1.52373e+08 , -9.3772e+06
0.948949 , -1.43079e+08 , -8.67908e+06
0.94995 , -1.28127e+08 , -7.83353e+06
0.950951 , -1.09314e+08 , -6.91616e+06
0.951952 , -8.88149e+07 , -6.00316e+06
0.952953 , -6.89445e+07 , -5.16489e+06
0.953954 , -5.1906e+07 , -4.46037e+06
0.954955 , -3.9556e+07 , -3.93308e+06
0.955956 , -3.32091e+07 , -3.60836e+06
0.956957 , -3.35042e+07 , -3.49254e+06
0.957958 , -4.03422e+07 , -3.57386e+06
0.958959 , -5.29054e+07 , -3.82479e+06
0.95996 , -6.97519e+07 , -4.20571e+06
0.960961 , -8.89768e+07 , -4.66935e+06
0.961962 , -1.08421e+08 , -5.16563e+06
0.962963 , -1.25908e+08 , -5.64645e+06
0.963964 , -1.39479e+08 , -6.06992e+06
0.964965 , -1.47602e+08 , -6.40373e+06
0.965966 , -1.49345e+08 , -6.62746e+06
0.966967 , -1.4447e+08 , -6.73356e+06
0.967968 , -1.33466e+08 , -6.72701e+06
0.968969 , -1.17498e+08 , -6.62389e+06
0.96997 , -9.82836e+07 , -6.44894e+06
0.970971 , -7.79171e+07 , -6.23236e+06
0.971972 , -5.86456e+07 , -6.00641e+06
0.972973 , -4.26327e+07 , -5.80188e+06
0.973974 , -3.17286e+07 , -5.645e+06
0.974975 , -2.72717e+07 , -5.55496e+06
0.975976 , -2.9943e+07 , -5.54225e+06
0.976977 , -3.96877e+07 , -5.60801e+06
0.977978 , -5.57132e+07 , -5.74436e+06
0.978979 , -7.6563e+07 , -5.93564e+06
0.97998 , -1.0026e+08 , -6.16039e+06
0.980981 , -1.24505e+08 , -6.3939e+06
0.981982 , -1.46908e+08 , -6.61099e+06
0.982983 , -1.65231e+08 , -6.78875e+06
0.983984 , -1.77618e+08 , -6.90899e+06
0.984985 , -1.82783e+08 , -6.96018e+06
0.985986 , -1.80152e+08 , -6.93859e+06
0.986987 , -1.69916e+08 , -6.84873e+06
0.987988 , -1.53025e+08 , -6.70291e+06
0.988989 , -1.31098e+08 , -6.51999e+06
0.98999 , -1.06258e+08 , -6.32356e+06
0.990991 , -8.09323e+07 , -6.1397e+06
0.991992 , -5.76078e+07 , -5.99442e+06
0.992993 , -3.85866e+07 , -5.91124e+06
0.993994 , -2.5758e+07 , -5.90899e+06
0.994995 , -2.04123e+07 , -6.00002e+06
0.995996 , -2.31129e+07 , -6.18911e+06
0.996997 , -3.36416e+07 , -6.47302e+06
0.997998 , -5.10211e+07 , -6.84073e+06
0.998999 , -7.36128e+07 , -7.27441e+06
1 , -9.92789e+07 , -7.75094e+06
