3.33564e-13 , 0.00552943 , -0.000232247
0.000333898 , 0.00568022 , -0.00023211
0.000667796 , 0.00581345 , -0.000231381
0.00100169 , 0.00592507 , -0.000230059
0.00133559 , 0.00601109 , -0.000228151
0.00166949 , 0.00606774 , -0.000225665
0.00200339 , 0.00609171 , -0.000222616
0.00233729 , 0.00608027 , -0.000219023
0.00267118 , 0.0060315 , -0.000214914
0.00300508 , 0.00594437 , -0.000210317
0.00333898 , 0.00581889 , -0.000205272
0.00367288 , 0.00565618 , -0.000199822
0.00400678 , 0.00545847 , -0.000194016
0.00434067 , 0.00522907 , -0.000187908
0.00467457 , 0.00497232 , -0.000181558
0.00500847 , 0.00469344 , -0.00017503
0.00534237 , 0.00439833 , -0.000168389
0.00567627 , 0.00409341 , -0.000161703
0.00601016 , 0.00378534 , -0.00015504
0.00634406 , 0.00348079 , -0.000148465
0.00667796 , 0.00318617 , -0.000142041
0.00701186 , 0.00290736 , -0.000135825
0.00734576 , 0.00264952 , -0.000129869
0.00767965 , 0.00241687 , -0.000124215
0.00801355 , 0.00221254 , -0.000118899
0.00834745 , 0.00203844 , -0.000113944
0.00868135 , 0.00189527 , -0.000109363
0.00901525 , 0.00178249 , -0.000105159
0.00934914 , 0.00169841 , -0.000101324
0.00968304 , 0.00164027 , -9.78397e-05
0.0100169 , 0.00160447 , -9.46786e-05
0.0103508 , 0.00158674 , -9.18053e-05
0.0106847 , 0.00158238 , -8.91782e-05
0.0110186 , 0.00158651 , -8.67515e-05
0.0113525 , 0.00159433 , -8.44768e-05
0.0116864 , 0.00160133 , -8.23055e-05
0.0120203 , 0.00160351 , -8.01908e-05
0.0123542 , 0.00159761 , -7.809e-05
0.0126881 , 0.00158114 , -7.59657e-05
0.013022 , 0.00155259 , -7.3788e-05
0.0133559 , 0.00151134 , -7.15351e-05
0.0136898 , 0.00145774 , -6.91946e-05
0.0140237 , 0.00139298 , -6.67634e-05
0.0143576 , 0.00131897 , -6.42481e-05
0.0146915 , 0.00123823 , -6.16638e-05
0.0150254 , 0.00115369 , -5.90337e-05
0.0153593 , 0.00106845 , -5.63876e-05
0.0156932 , 0.000985643 , -5.37602e-05
0.0160271 , 0.000908217 , -5.11891e-05
0.016361 , 0.000838746 , -4.8713e-05
0.0166949 , 0.000779294 , -4.63695e-05
0.0170288 , 0.000731309 , -4.41933e-05
0.0173627 , 0.000695544 , -4.2214e-05
0.0176966 , 0.000672039 , -4.0455e-05
0.0180305 , 0.000660136 , -3.89316e-05
0.0183644 , 0.000658541 , -3.76508e-05
0.0186983 , 0.000665427 , -3.66104e-05
0.0190322 , 0.000678554 , -3.57994e-05
0.0193661 , 0.000695426 , -3.5198e-05
0.0197 , 0.00071345 , -3.47788e-05
0.0200339 , 0.000730097 , -3.45081e-05
0.0203678 , 0.000743059 , -3.43474e-05
0.0207017 , 0.000750382 , -3.42552e-05
0.0210356 , 0.000750578 , -3.41891e-05
0.0213695 , 0.000742702 , -3.41079e-05
0.0217034 , 0.000726396 , -3.39733e-05
0.0220373 , 0.000701889 , -3.37519e-05
0.0223712 , 0.000669968 , -3.34168e-05
0.0227051 , 0.000631912 , -3.29488e-05
0.023039 , 0.000589389 , -3.23373e-05
0.0233729 , 0.000544348 , -3.15804e-05
0.0237068 , 0.000498877 , -3.06855e-05
0.0240407 , 0.000455071 , -2.96681e-05
0.0243746 , 0.000414893 , -2.85512e-05
0.0247085 , 0.000380055 , -2.73644e-05
0.0250423 , 0.000351908 , -2.61414e-05
0.0253762 , 0.000331369 , -2.49188e-05
0.0257101 , 0.000318869 , -2.37341e-05
0.026044 , 0.000314335 , -2.26233e-05
0.0263779 , 0.00031721 , -2.16193e-05
0.0267118 , 0.000326494 , -2.07499e-05
0.0270457 , 0.000340822 , -2.00365e-05
0.0273796 , 0.000358559 , -1.94927e-05
0.0277135 , 0.000377906 , -1.91236e-05
0.0280474 , 0.000397027 , -1.89257e-05
0.0283813 , 0.000414161 , -1.88865e-05
0.0287152 , 0.000427735 , -1.89855e-05
0.0290491 , 0.000436463 , -1.91954e-05
0.029383 , 0.000439418 , -1.94828e-05
0.0297169 , 0.000436088 , -1.98104e-05
0.0300508 , 0.000426395 , -2.01391e-05
0.0303847 , 0.000410696 , -2.04293e-05
0.0307186 , 0.000389742 , -2.06436e-05
0.0310525 , 0.000364626 , -2.07486e-05
0.0313864 , 0.000336705 , -2.07163e-05
0.0317203 , 0.000307499 , -2.05261e-05
0.0320542 , 0.000278596 , -2.01655e-05
0.0323881 , 0.000251541 , -1.96313e-05
0.032722 , 0.000227738 , -1.8929e-05
0.0330559 , 0.000208358 , -1.80735e-05
0.0333898 , 0.000194273 , -1.70877e-05
0.0337237 , 0.000185995 , -1.60018e-05
0.0340576 , 0.000183657 , -1.48516e-05
0.0343915 , 0.000187006 , -1.36766e-05
0.0347254 , 0.000195428 , -1.25184e-05
0.0350593 , 0.000207996 , -1.14181e-05
0.0353932 , 0.000223533 , -1.04146e-05
0.0357271 , 0.000240694 , -9.54236e-06
0.036061 , 0.000258057 , -8.82988e-06
0.0363949 , 0.000274218 , -8.29796e-06
0.0367288 , 0.000287881 , -7.95879e-06
0.0370627 , 0.000297941 , -7.81528e-06
0.0373966 , 0.000303551 , -7.86089e-06
0.0377305 , 0.000304175 , -8.07996e-06
0.0380644 , 0.000299616 , -8.44849e-06
0.0383983 , 0.000290023 , -8.93535e-06
0.0387322 , 0.000275875 , -9.50389e-06
0.0390661 , 0.000257942 , -1.01138e-05
0.0394 , 0.000237234 , -1.07232e-05
0.0397339 , 0.000214924 , -1.12908e-05
0.0400678 , 0.000192272 , -1.17779e-05
0.0404017 , 0.000170543 , -1.21506e-05
0.0407356 , 0.000150916 , -1.23814e-05
0.0410695 , 0.000134418 , -1.24507e-05
0.0414034 , 0.000121851 , -1.23477e-05
0.0417372 , 0.000113748 , -1.20711e-05
0.0420711 , 0.000110342 , -1.16293e-05
0.042405 , 0.000111554 , -1.10396e-05
0.0427389 , 0.000117007 , -1.03274e-05
0.0430728 , 0.000126052 , -9.52535e-06
0.0434067 , 0.000137821 , -8.67101e-06
0.0437406 , 0.000151284 , -7.80529e-06
0.0440745 , 0.000165319 , -6.97018e-06
0.0444084 , 0.000178795 , -6.20655e-06
0.0447423 , 0.000190637 , -5.55199e-06
0.0450762 , 0.000199906 , -5.03885e-06
0.0454101 , 0.000205851 , -4.69244e-06
0.045744 , 0.000207962 , -4.52972e-06
0.0460779 , 0.000205994 , -4.55827e-06
0.0464118 , 0.000199987 , -4.77589e-06
0.0467457 , 0.000190249 , -5.17058e-06
0.0470796 , 0.000177339 , -5.72108e-06
0.0474135 , 0.000162024 , -6.39791e-06
0.0477474 , 0.000145221 , -7.1648e-06
0.0480813 , 0.00012794 , -7.98053e-06
0.0484152 , 0.000111211 , -8.80093e-06
0.0487491 , 9.60165e-05 , -9.5812e-06
0.049083 , 8.32285e-05 , -1.02781e-05
0.0494169 , 7.35498e-05 , -1.08523e-05
0.0497508 , 6.74712e-05 , -1.12703e-05
0.0500847 , 6.5242e-05 , -1.15061e-05
0.0504186 , 6.68568e-05 , -1.15427e-05
0.0507525 , 7.20596e-05 , -1.1373e-05
0.0510864 , 8.03646e-05 , -1.10001e-05
0.0514203 , 9.10915e-05 , -1.04374e-05
0.0517542 , 0.000103414 , -9.70768e-06
0.0520881 , 0.000116415 , -8.84212e-06
0.052422 , 0.000129152 , -7.87883e-06
0.0527559 , 0.000140717 , -6.86084e-06
0.0530898 , 0.000150296 , -5.83393e-06
0.0534237 , 0.000157222 , -4.84437e-06
0.0537576 , 0.000161019 , -3.93652e-06
0.0540915 , 0.000161427 , -3.15063e-06
0.0544254 , 0.000158416 , -2.52073e-06
0.0547593 , 0.000152189 , -2.07294e-06
0.0550932 , 0.000143156 , -1.82407e-06
0.0554271 , 0.000131911 , -1.78084e-06
0.055761 , 0.000119186 , -1.93945e-06
0.0560949 , 0.000105799 , -2.2858e-06
0.0564288 , 9.25998e-05 , -2.7962e-06
0.0567627 , 8.04112e-05 , -3.43861e-06
0.0570966 , 6.99745e-05 , -4.17419e-06
0.0574305 , 6.19016e-05 , -4.95942e-06
0.0577644 , 5.6635e-05 , -5.74822e-06
0.0580983 , 5.44214e-05 , -6.4944e-06
0.0584321 , 5.52978e-05 , -7.15404e-06
0.058766 , 5.90919e-05 , -7.68773e-06
0.0590999 , 6.5437e-05 , -8.06266e-06
0.0594338 , 7.37993e-05 , -8.25432e-06
0.0597677 , 8.35163e-05 , -8.24784e-06
0.0601016 , 9.38431e-05 , -8.03871e-06
0.0604355 , 0.000104004 , -7.63314e-06
0.0607694 , 0.000113244 , -7.04774e-06
0.0611033 , 0.00012088 , -6.30871e-06
0.0614372 , 0.000126348 , -5.45056e-06
0.0617711 , 0.000129233 , -4.51432e-06
0.062105 , 0.000129304 , -3.54549e-06
0.0624389 , 0.000126517 , -2.59171e-06
0.0627728 , 0.000121025 , -1.70031e-06
0.0631067 , 0.000113157 , -9.15862e-07
0.0634406 , 0.000103401 , -2.779e-07
0.0637745 , 9.23614e-05 , 1.81162e-07
0.0641084 , 8.07234e-05 , 4.37728e-07
0.0644423 , 6.92024e-05 , 4.78279e-07
0.0647762 , 5.84967e-05 , 3.00127e-07
0.0651101 , 4.92411e-05 , -8.83901e-08
0.065444 , 4.19645e-05 , -6.68265e-07
0.0657779 , 3.70567e-05 , -1.41073e-06
0.0661118 , 3.47438e-05 , -2.27868e-06
0.0664457 , 3.50758e-05 , -3.22848e-06
0.0667796 , 3.79251e-05 , -4.21219e-06
0.0671135 , 4.29987e-05 , -5.17995e-06
0.0674474 , 4.98595e-05 , -6.08246e-06
0.0677813 , 5.79581e-05 , -6.87354e-06
0.0681152 , 6.6672e-05 , -7.51245e-06
0.0684491 , 7.53477e-05 , -7.96592e-06
0.068783 , 8.33461e-05 , -8.20991e-06
0.0691169 , 9.00849e-05 , -8.23083e-06
0.0694508 , 9.50775e-05 , -8.02622e-06
0.0697847 , 9.79641e-05 , -7.60495e-06
0.0701186 , 9.85344e-05 , -6.98671e-06
0.0704525 , 9.67396e-05 , -6.20113e-06
0.0707864 , 9.26932e-05 , -5.2862e-06
0.0711203 , 8.66614e-05 , -4.2864e-06
0.0714542 , 7.9042e-05 , -3.25044e-06
0.0717881 , 7.03364e-05 , -2.22881e-06
0.072122 , 6.11134e-05 , -1.27116e-06
0.0724559 , 5.19699e-05 , -4.23854e-07
0.0727898 , 4.34896e-05 , 2.72469e-07
0.0731237 , 3.6204e-05 , 7.8491e-07
0.0734576 , 3.05562e-05 , 1.09002e-06
0.0737915 , 2.68724e-05 , 1.17499e-06
0.0741254 , 2.53411e-05 , 1.03831e-06
0.0744593 , 2.60023e-05 , 6.8986e-07
0.0747932 , 2.87464e-05 , 1.50401e-07
0.075127 , 3.33239e-05 , -5.49481e-07
0.0754609 , 3.93642e-05 , -1.37094e-06
0.0757948 , 4.64025e-05 , -2.26884e-06
0.0761287 , 5.39128e-05 , -3.1941e-06
0.0764626 , 6.13446e-05 , -4.0962e-06
0.0767965 , 6.81609e-05 , -4.92574e-06
0.0771304 , 7.38747e-05 , -5.63707e-06
0.0774643 , 7.80817e-05 , -6.19058e-06
0.0777982 , 8.04868e-05 , -6.55478e-06
0.0781321 , 8.09233e-05 , -6.70795e-06
0.078466 , 7.93624e-05 , -6.63929e-06
0.0787999 , 7.59137e-05 , -6.34949e-06
0.0791338 , 7.08158e-05 , -5.85077e-06
0.0794677 , 6.44185e-05 , -5.16627e-06
0.0798016 , 5.71576e-05 , -4.3289e-06
0.0801355 , 4.95239e-05 , -3.37972e-06
0.0804694 , 4.20286e-05 , -2.36583e-06
0.0808033 , 3.51684e-05 , -1.33803e-06
0.0811372 , 2.93913e-05 , -3.48175e-07
0.0814711 , 2.50663e-05 , 5.53408e-07
0.081805 , 2.24591e-05 , 1.32053e-06
0.0821389 , 2.17147e-05 , 1.91352e-06
0.0824728 , 2.28492e-05 , 2.30124e-06
0.0828067 , 2.57492e-05 , 2.46274e-06
0.0831406 , 3.01819e-05 , 2.38833e-06
0.0834745 , 3.58118e-05 , 2.08016e-06
0.0838084 , 4.22245e-05 , 1.5521e-06
0.0841423 , 4.89567e-05 , 8.29145e-07
0.0844762 , 5.5528e-05 , -5.38662e-08
0.0848101 , 6.1474e-05 , -1.05395e-06
0.085144 , 6.6378e-05 , -2.12213e-06
0.0854779 , 6.98996e-05 , -3.2059e-06
0.0858118 , 7.17962e-05 , -4.25185e-06
0.0861457 , 7.19397e-05 , -5.20836e-06
0.0864796 , 7.03232e-05 , -6.02822e-06
0.0868135 , 6.70608e-05 , -6.67099e-06
0.0871474 , 6.23778e-05 , -7.10504e-06
0.0874813 , 5.65944e-05 , -7.3092e-06
0.0878152 , 5.01027e-05 , -7.27376e-06
0.0881491 , 4.33383e-05 , -7.00101e-06
0.088483 , 3.67505e-05 , -6.5051e-06
0.0888169 , 3.07707e-05 , -5.81136e-06
0.0891508 , 2.57828e-05 , -4.95493e-06
0.0894847 , 2.20972e-05 , -3.97905e-06
0.0898186 , 1.99303e-05 , -2.93283e-06
0.0901525 , 1.93902e-05 , -1.86874e-06
0.0904864 , 2.04703e-05 , -8.39938e-07
0.0908203 , 2.30512e-05 , 1.02416e-07
0.0911542 , 2.69098e-05 , 9.11803e-07
0.0914881 , 3.17358e-05 , 1.5487e-06
0.0918219 , 3.71545e-05 , 1.9826e-06
0.0921558 , 4.27529e-05 , 2.1936e-06
0.0924897 , 4.81092e-05 , 2.17336e-06
0.0928236 , 5.28223e-05 , 1.92561e-06
0.0931575 , 5.65392e-05 , 1.46591e-06
0.0934914 , 5.898e-05 , 8.20866e-07
0.0938253 , 5.99561e-05 , 2.67904e-08
0.0941592 , 5.93832e-05 , -8.72168e-07
0.0944931 , 5.72865e-05 , -1.82628e-06
0.094827 , 5.37981e-05 , -2.7828e-06
0.0951609 , 4.9147e-05 , -3.68865e-06
0.0954948 , 4.3643e-05 , -4.49316e-06
0.0958287 , 3.76543e-05 , -5.15072e-06
0.0961626 , 3.15818e-05 , -5.62309e-06
0.0964965 , 2.58308e-05 , -5.88141e-06
0.0968304 , 2.07829e-05 , -5.90773e-06
0.0971643 , 1.67695e-05 , -5.69597e-06
0.0974982 , 1.40492e-05 , -5.25229e-06
0.0978321 , 1.279e-05 , -4.59481e-06
0.098166 , 1.3058e-05 , -3.75274e-06
0.0984999 , 1.48135e-05 , -2.76498e-06
0.0988338 , 1.79139e-05 , -1.67816e-06
0.0991677 , 2.21244e-05 , -5.44305e-07
0.0995016 , 2.71343e-05 , 5.81757e-07
0.0998355 , 3.25789e-05 , 1.64516e-06
0.100169 , 3.80651e-05 , 2.59376e-06
0.100503 , 4.31986e-05 , 3.38079e-06
0.100837 , 4.76111e-05 , 3.9672e-06
0.101171 , 5.09857e-05 , 4.32365e-06
0.101505 , 5.30785e-05 , 4.43201e-06
0.101839 , 5.37351e-05 , 4.28629e-06
0.102173 , 5.29007e-05 , 3.89297e-06
0.102507 , 5.06235e-05 , 3.27064e-06
0.102841 , 4.7051e-05 , 2.44915e-06
0.103174 , 4.2419e-05 , 1.46808e-06
0.103508 , 3.70349e-05 , 3.74736e-07
0.103842 , 3.12562e-05 , -7.78158e-07
0.104176 , 2.54655e-05 , -1.93517e-06
0.10451 , 2.00436e-05 , -3.04089e-06
0.104844 , 1.53436e-05 , -4.04278e-06
0.105178 , 1.16659e-05 , -4.89373e-06
0.105512 , 9.2384e-06 , -5.55446e-06
0.105846 , 8.20033e-06 , -5.99549e-06
0.10618 , 8.59342e-06 , -6.19856e-06
0.106513 , 1.03593e-05 , -6.15759e-06
0.106847 , 1.33441e-05 , -5.87887e-06
0.107181 , 1.73094e-05 , -5.38078e-06
0.107515 , 2.19495e-05 , -4.69278e-06
0.107849 , 2.69127e-05 , -3.85388e-06
0.108183 , 3.18263e-05 , -2.91062e-06
0.108517 , 3.63226e-05 , -1.91472e-06
0.108851 , 4.00646e-05 , -9.20317e-07
0.109185 , 4.27695e-05 , 1.87233e-08
0.109519 , 4.42288e-05 , 8.51636e-07
0.109852 , 4.43223e-05 , 1.53335e-06
0.110186 , 4.30267e-05 , 2.02682e-06
0.11052 , 4.04174e-05 , 2.30494e-06
0.110854 , 3.66632e-05 , 2.35192e-06
0.111188 , 3.20144e-05 , 2.16417e-06
0.111522 , 2.67858e-05 , 1.75044e-06
0.111856 , 2.13345e-05 , 1.13146e-06
0.11219 , 1.60356e-05 , 3.38834e-07
0.112524 , 1.12559e-05 , -5.86501e-07
0.112858 , 7.32878e-06 , -1.59639e-06
0.113191 , 4.5307e-06 , -2.63788e-06
0.113525 , 3.0623e-06 , -3.65595e-06
0.113859 , 3.03431e-06 , -4.5963e-06
0.114193 , 4.45974e-06 , -5.40812e-06
0.114527 , 7.25281e-06 , -6.04671e-06
0.114861 , 1.12346e-05 , -6.4758e-06
0.115195 , 1.61453e-05 , -6.66939e-06
0.115529 , 2.16614e-05 , -6.61314e-06
0.115863 , 2.74184e-05 , -6.3051e-06
0.116197 , 3.3035e-05 , -5.75593e-06
0.11653 , 3.81394e-05 , -4.98833e-06
0.116864 , 4.23943e-05 , -4.03598e-06
0.117198 , 4.55202e-05 , -2.94186e-06
0.117532 , 4.73142e-05 , -1.75612e-06
0.117866 , 4.76637e-05 , -5.33613e-07
0.1182 , 4.65539e-05 , 6.68899e-07
0.118534 , 4.40688e-05 , 1.79554e-06
0.118868 , 4.03852e-05 , 2.79413e-06
0.119202 , 3.57604e-05 , 3.6188e-06
0.119535 , 3.05149e-05 , 4.23226e-06
0.119869 , 2.50095e-05 , 4.60769e-06
0.120203 , 1.96216e-05 , 4.73008e-06
0.120537 , 1.47186e-05 , 4.59692e-06
0.120871 , 1.06329e-05 , 4.21834e-06
0.121205 , 7.63932e-06 , 3.6166e-06
0.121539 , 5.93623e-06 , 2.82489e-06
0.121873 , 5.63202e-06 , 1.88569e-06
0.122207 , 6.73774e-06 , 8.48574e-07
0.122541 , 9.16647e-06 , -2.32299e-07
0.122874 , 1.27393e-05 , -1.30093e-06
0.123208 , 1.71975e-05 , -2.30234e-06
0.123542 , 2.22207e-05 , -3.18532e-06
0.123876 , 2.74485e-05 , -3.90506e-06
0.12421 , 3.25052e-05 , -4.42539e-06
0.124544 , 3.70259e-05 , -4.72063e-06
0.124878 , 4.06813e-05 , -4.77684e-06
0.125212 , 4.32003e-05 , -4.59257e-06
0.125546 , 4.43887e-05 , -4.17886e-06
0.12588 , 4.41425e-05 , -3.5587e-06
0.126213 , 4.24556e-05 , -2.76583e-06
0.126547 , 3.94195e-05 , -1.84303e-06
0.126881 , 3.5218e-05 , -8.39885e-07
0.127215 , 3.01146e-05 , 1.89712e-07
0.127549 , 2.44345e-05 , 1.19033e-06
0.127883 , 1.85428e-05 , 2.10786e-06
0.128217 , 1.28194e-05 , 2.89224e-06
0.128551 , 7.63393e-06 , 3.50006e-06
0.128885 , 3.31986e-06 , 3.89678e-06
0.129219 , 1.52415e-07 , 4.05852e-06
0.129552 , -1.6703e-06 , 3.97327e-06
0.129886 , -2.04074e-06 , 3.64157e-06
0.13022 , -9.49206e-07 , 3.07649e-06
0.130554 , 1.51546e-06 , 2.303e-06
0.130888 , 5.17191e-06 , 1.35672e-06
0.131222 , 9.75855e-06 , 2.82199e-07
0.131556 , 1.49512e-05 , -8.69389e-07
0.13189 , 2.03853e-05 , -2.04276e-06
0.132224 , 2.56803e-05 , -3.1813e-06
0.132558 , 3.04654e-05 , -4.22993e-06
0.132891 , 3.44051e-05 , -5.13787e-06
0.133225 , 3.72215e-05 , -5.86116e-06
0.133559 , 3.87133e-05 , -6.36491e-06
0.133893 , 3.87691e-05 , -6.62501e-06
0.134227 , 3.73756e-05 , -6.62938e-06
0.134561 , 3.46177e-05 , -6.37854e-06
0.134895 , 3.06734e-05 , -5.88557e-06
0.135229 , 2.58013e-05 , -5.17548e-06
0.135563 , 2.03236e-05 , -4.28388e-06
0.135896 , 1.46038e-05 , -3.25524e-06
0.13623 , 9.02245e-06 , -2.14062e-06
0.136564 , 3.95137e-06 , -9.95059e-07
0.136898 , -2.71316e-07 , 1.2515e-07
0.137232 , -3.36414e-06 , 1.16532e-06
0.137566 , -5.12116e-06 , 2.07513e-06
0.1379 , -5.42581e-06 , 2.81112e-06
0.138234 , -4.25874e-06 , 3.3389e-06
0.138568 , -1.69903e-06 , 3.63485e-06
0.138902 , 2.08121e-06 , 3.68725e-06
0.139235 , 6.82849e-06 , 3.49693e-06
0.139569 , 1.22251e-05 , 3.07708e-06
0.139903 , 1.79106e-05 , 2.45265e-06
0.140237 , 2.3506e-05 , 1.65899e-06
0.140571 , 2.86394e-05 , 7.40043e-07
0.140905 , 3.29712e-05 , -2.53922e-07
0.141239 , 3.62163e-05 , -1.26887e-06
0.141573 , 3.81639e-05 , -2.24979e-06
0.141907 , 3.86912e-05 , -3.14348e-06
0.142241 , 3.77713e-05 , -3.90132e-06
0.142574 , 3.54755e-05 , -4.48169e-06
0.142908 , 3.19674e-05 , -4.85218e-06
0.143242 , 2.74924e-05 , -4.99117e-06
0.143576 , 2.23604e-05 , -4.88902e-06
0.14391 , 1.69252e-05 , -4.54852e-06
0.144244 , 1.156e-05 , -3.98477e-06
0.144578 , 6.63236e-06 , -3.22448e-06
0.144912 , 2.47933e-06 , -2.30457e-06
0.145246 , -6.1558e-07 , -1.27032e-06
0.14558 , -2.44151e-06 , -1.73126e-07
0.145913 , -2.87453e-06 , 9.32146e-07
0.146247 , -1.88606e-06 , 1.9899e-06
0.146581 , 4.5513e-07 , 2.94662e-06
0.146915 , 3.98751e-06 , 3.7536e-06
0.147249 , 8.46762e-06 , 4.36939e-06
0.147583 , 1.35864e-05 , 4.76191e-06
0.147917 , 1.89899e-05 , 4.91006e-06
0.148251 , 2.4303e-05 , 4.80483e-06
0.148585 , 2.9155e-05 , 4.44973e-06
0.148919 , 3.32036e-05 , 3.86065e-06
0.149252 , 3.6159e-05 , 3.06507e-06
0.149586 , 3.78022e-05 , 2.10071e-06
0.14992 , 3.80007e-05 , 1.0136e-06
0.150254 , 3.67167e-05 , -1.44144e-07
0.150588 , 3.40098e-05 , -1.31699e-06
0.150922 , 3.00335e-05 , -2.44872e-06
0.151256 , 2.50244e-05 , -3.48525e-06
0.15159 , 1.92869e-05 , -4.3773e-06
0.151924 , 1.31729e-05 , -5.08287e-06
0.152257 , 7.05828e-06 , -5.56929e-06
0.152591 , 1.31849e-06 , -5.81484e-06
0.152925 , -3.69657e-06 , -5.8098e-06
0.153259 , -7.68537e-06 , -5.55688e-06
0.153593 , -1.04144e-05 , -5.07107e-06
0.153927 , -1.17335e-05 , -4.37882e-06
0.154261 , -1.15846e-05 , -3.51667e-06
0.154595 , -1.00061e-05 , -2.52939e-06
0.154929 , -7.12866e-06 , -1.46767e-06
0.155263 , -3.1665e-06 , -3.85562e-07
0.155596 , 1.59767e-06 , 6.62268e-07
0.15593 , 6.83196e-06 , 1.62331e-06
0.156264 , 1.21779e-05 , 2.44985e-06
0.156598 , 1.72745e-05 , 3.10137e-06
0.156932 , 2.17827e-05 , 3.54659e-06
0.157266 , 2.54082e-05 , 3.76501e-06
0.1576 , 2.79205e-05 , 3.74791e-06
0.157934 , 2.91686e-05 , 3.49877e-06
0.158268 , 2.90904e-05 , 3.03306e-06
0.158602 , 2.77166e-05 , 2.3774e-06
0.158935 , 2.51681e-05 , 1.56817e-06
0.159269 , 2.16473e-05 , 6.49657e-07
0.159603 , 1.7424e-05 , -3.28251e-07
0.159937 , 1.28169e-05 , -1.31262e-06
0.160271 , 8.17161e-06 , -2.25017e-06
0.160605 , 3.83687e-06 , -3.09002e-06
0.160939 , 1.41105e-07 , -3.7863e-06
0.161273 , -2.63017e-06 , -4.30047e-06
0.161607 , -4.25371e-06 , -4.6033e-06
0.161941 , -4.58371e-06 , -4.6764e-06
0.162274 , -3.56183e-06 , -4.51315e-06
0.162608 , -1.22118e-06 , -4.11905e-06
0.162942 , 2.31569e-06 , -3.51146e-06
0.163276 , 6.84494e-06 , -2.71877e-06
0.16361 , 1.20949e-05 , -1.77895e-06
0.163944 , 1.7744e-05 , -7.37654e-07
0.164278 , 2.34424e-05 , 3.54059e-07
0.164612 , 2.88348e-05 , 1.44228e-06
0.164946 , 3.35842e-05 , 2.47299e-06
0.16528 , 3.73938e-05 , 3.39471e-06
0.165613 , 4.00269e-05 , 4.16113e-06
0.165947 , 4.13219e-05 , 4.73343e-06
0.166281 , 4.12031e-05 , 5.0822e-06
0.166615 , 3.9685e-05 , 5.1889e-06
0.166949 , 3.68712e-05 , 5.04682e-06
0.167283 , 3.29469e-05 , 4.66139e-06
0.167617 , 2.81667e-05 , 4.04987e-06
0.167951 , 2.28368e-05 , 3.24055e-06
0.168285 , 1.72951e-05 , 2.27125e-06
0.168618 , 1.18886e-05 , 1.18748e-06
0.168952 , 6.95016e-06 , 4.01038e-08
0.169286 , 2.77684e-06 , -1.11713e-06
0.16962 , -3.89367e-07 , -2.23032e-06
0.169954 , -2.37718e-06 , -3.24807e-06
0.170288 , -3.09673e-06 , -4.12404e-06
0.170622 , -2.54473e-06 , -4.81923e-06
0.170956 , -8.03914e-07 , -5.30388e-06
0.17129 , 1.96336e-06 , -5.55889e-06
0.171624 , 5.52673e-06 , -5.57676e-06
0.171957 , 9.60398e-06 , -5.36185e-06
0.172291 , 1.38805e-05 , -4.93011e-06
0.172625 , 1.80309e-05 , -4.3082e-06
0.172959 , 2.1741e-05 , -3.53208e-06
0.173293 , 2.47291e-05 , -2.64512e-06
0.173627 , 2.67649e-05 , -1.69588e-06
0.173961 , 2.76849e-05 , -7.35563e-07
0.174295 , 2.7403e-05 , 1.84566e-07
0.174629 , 2.59159e-05 , 1.01583e-06
0.174963 , 2.33032e-05 , 1.71461e-06
0.175296 , 1.97213e-05 , 2.24458e-06
0.17563 , 1.53929e-05 , 2.57853e-06
0.175964 , 1.05915e-05 , 2.69974e-06
0.176298 , 5.6229e-06 , 2.60286e-06
0.176632 , 8.04149e-07 , 2.29408e-06
0.176966 , -3.55736e-06 , 1.79091e-06
0.1773 , -7.18479e-06 , 1.12118e-06
0.177634 , -9.85024e-06 , 3.21655e-07
0.177968 , -1.13898e-05 , -5.63862e-07
0.178302 , -1.17145e-05 , -1.48676e-06
0.178635 , -1.08154e-05 , -2.39613e-06
0.178969 , -8.76452e-06 , -3.24133e-06
0.179303 , -5.70922e-06 , -3.9746e-06
0.179637 , -1.8621e-06 , -4.5535e-06
0.179971 , 2.51347e-06 , -4.94307e-06
0.180305 , 7.12122e-06 , -5.11765e-06
0.180639 , 1.16519e-05 , -5.06217e-06
0.180973 , 1.58039e-05 , -4.77299e-06
0.181307 , 1.93036e-05 , -4.25808e-06
0.181641 , 2.19228e-05 , -3.53667e-06
0.181974 , 2.34944e-05 , -2.63834e-06
0.182308 , 2.39225e-05 , -1.60154e-06
0.182642 , 2.31888e-05 , -4.71711e-07
0.182976 , 2.13528e-05 , 7.00944e-07
0.18331 , 1.85476e-05 , 1.86395e-06
0.183644 , 1.49702e-05 , 2.96515e-06
0.183978 , 1.08681e-05 , 3.95524e-06
0.184312 , 6.52241e-06 , 4.79025e-06
0.184646 , 2.22836e-06 , 5.43364e-06
0.184979 , -1.72409e-06 , 5.85807e-06
0.185313 , -5.06983e-06 , 6.04678e-06
0.185647 , -7.5861e-06 , 5.99429e-06
0.185981 , -9.10707e-06 , 5.70666e-06
0.186315 , -9.53444e-06 , 5.20113e-06
0.186649 , -8.84352e-06 , 4.50519e-06
0.186983 , -7.08421e-06 , 3.65514e-06
0.187317 , -4.377e-06 , 2.69427e-06
0.187651 , -9.04326e-07 , 1.67062e-06
0.187985 , 3.1023e-06 , 6.34585e-07
0.188318 , 7.37826e-06 , -3.63651e-07
0.188652 , 1.16439e-05 , -1.27661e-06
0.188986 , 1.56236e-05 , -2.0619e-06
0.18932 , 1.90642e-05 , -2.68428e-06
0.189654 , 2.17518e-05 , -3.11744e-06
0.189988 , 2.35262e-05 , -3.34521e-06
0.190322 , 2.42907e-05 , -3.36235e-06
0.190656 , 2.40186e-05 , -3.17474e-06
0.19099 , 2.2754e-05 , -2.79897e-06
0.191324 , 2.06084e-05 , -2.26149e-06
0.191657 , 1.77524e-05 , -1.59714e-06
0.191991 , 1.44037e-05 , -8.47339e-07
0.192325 , 1.08118e-05 , -5.79359e-08
0.192659 , 7.24083e-06 , 7.23187e-07
0.192993 , 3.95151e-06 , 1.44859e-06
0.193327 , 1.18315e-06 , 2.07373e-06
0.193661 , -8.62388e-07 , 2.55924e-06
0.193995 , -2.03427e-06 , 2.87299e-06
0.194329 , -2.24269e-06 , 2.99174e-06
0.194663 , -1.46471e-06 , 2.90234e-06
0.194996 , 2.5455e-07 , 2.60243e-06
0.19533 , 2.80525e-06 , 2.1006e-06
0.195664 , 6.0206e-06 , 1.41596e-06
0.195998 , 9.68837e-06 , 5.77261e-07
0.196332 , 1.35655e-05 , -3.78606e-07
0.196666 , 1.73945e-05 , -1.40838e-06
0.197 , 2.09212e-05 , -2.46461e-06
0.197334 , 2.39114e-05 , -3.49801e-06
0.197668 , 2.6167e-05 , -4.4599e-06
0.198002 , 2.75387e-05 , -5.30465e-06
0.198335 , 2.7936e-05 , -5.99191e-06
0.198669 , 2.7333e-05 , -6.48867e-06
0.199003 , 2.57696e-05 , -6.7708e-06
0.199337 , 2.33483e-05 , -6.82433e-06
0.199671 , 2.02275e-05 , -6.64605e-06
0.200005 , 1.66098e-05 , -6.2437e-06
0.200339 , 1.2729e-05 , -5.63552e-06
0.200673 , 8.83334e-06 , -4.84935e-06
0.201007 , 5.16976e-06 , -3.92123e-06
0.20134 , 1.96689e-06 , -2.89357e-06
0.201674 , -5.79811e-07 , -1.81303e-06
0.202008 , -2.32072e-06 , -7.28252e-07
0.202342 , -3.16159e-06 , 3.12629e-07
0.202676 , -3.06918e-06 , 1.2643e-06
0.20301 , -2.07275e-06 , 2.0865e-06
0.203344 , -2.61411e-07 , 2.746e-06
0.203678 , 2.2227e-06 , 3.21816e-06
0.204012 , 5.19458e-06 , 3.48812e-06
0.204346 , 8.43944e-06 , 3.55143e-06
0.204679 , 1.17276e-05 , 3.41419e-06
0.205013 , 1.48302e-05 , 3.09267e-06
0.205347 , 1.75347e-05 , 2.61233e-06
0.205681 , 1.96593e-05 , 2.00654e-06
0.206015 , 2.10648e-05 , 1.31472e-06
0.206349 , 2.16635e-05 , 5.80355e-07
0.206683 , 2.14247e-05 , -1.51335e-07
0.207017 , 2.03759e-05 , -8.35691e-07
0.207351 , 1.86006e-05 , -1.43094e-06
0.207685 , 1.62314e-05 , -1.90034e-06
0.208018 , 1.34405e-05 , -2.21409e-06
0.208352 , 1.04274e-05 , -2.3508e-06
0.208686 , 7.40469e-06 , -2.29868e-06
0.20902 , 4.58311e-06 , -2.05607e-06
0.209354 , 2.15703e-06 , -1.63157e-06
0.209688 , 2.90989e-07 , -1.04363e-06
0.210022 , -8.91545e-07 , -3.19577e-07
0.210356 , -1.31648e-06 , 5.05716e-07
0.21069 , -9.63937e-07 , 1.39161e-06
0.211024 , 1.30642e-07 , 2.29374e-06
0.211357 , 1.87928e-06 , 3.16625e-06
0.211691 , 4.14778e-06 , 3.96408e-06
0.212025 , 6.76527e-06 , 4.64528e-06
0.212359 , 9.53614e-06 , 5.17308e-06
0.212693 , 1.22537e-05 , 5.51775e-06
0.213027 , 1.47144e-05 , 5.65811e-06
0.213361 , 1.67319e-05 , 5.58258e-06
0.213695 , 1.815e-05 , 5.2898e-06
0.214029 , 1.8853e-05 , 4.78868e-06
0.214363 , 1.87737e-05 , 4.098e-06
0.214696 , 1.78979e-05 , 3.24546e-06
0.21503 , 1.62651e-05 , 2.26635e-06
0.215364 , 1.39656e-05 , 1.20182e-06
0.215698 , 1.11347e-05 , 9.68406e-08
0.216032 , 7.94273e-06 , -1.00198e-06
0.216366 , 4.58384e-06 , -2.04865e-06
0.2167 , 1.26273e-06 , -3.00006e-06
0.217034 , -1.8192e-06 , -3.81802e-06
0.217368 , -4.47731e-06 , -4.47111e-06
0.217701 , -6.55598e-06 , -4.93613e-06
0.218035 , -7.93882e-06 , -5.19918e-06
0.218369 , -8.55606e-06 , -5.25624e-06
0.218703 , -8.38883e-06 , -5.11328e-06
0.219037 , -7.46981e-06 , -4.78583e-06
0.219371 , -5.88047e-06 , -4.2981e-06
0.219705 , -3.74495e-06 , -3.68172e-06
0.220039 , -1.22109e-06 , -2.974e-06
0.220373 , 1.51073e-06 , -2.21604e-06
0.220707 , 4.2602e-06 , -1.45059e-06
0.22104 , 6.84026e-06 , -7.19853e-07
0.221374 , 9.07992e-06 , -6.33277e-08
0.221708 , 1.08358e-05 , 4.84164e-07
0.222042 , 1.20018e-05 , 8.94246e-07
0.222376 , 1.25158e-05 , 1.1464e-06
0.22271 , 1.23637e-05 , 1.22895e-06
0.223044 , 1.15795e-05 , 1.13966e-06
0.223378 , 1.02428e-05 , 8.8575e-07
0.223712 , 8.47238e-06 , 4.83505e-07
0.224046 , 6.41746e-06 , -4.25993e-08
0.224379 , 4.24699e-06 , -6.61194e-07
0.224713 , 2.13745e-06 , -1.33565e-06
0.225047 , 2.60225e-07 , -2.026e-06
0.225381 , -1.23055e-06 , -2.69097e-06
0.225715 , -2.20889e-06 , -3.29017e-06
0.226049 , -2.5859e-06 , -3.78612e-06
0.226383 , -2.31597e-06 , -4.14625e-06
0.226717 , -1.40009e-06 , -4.34452e-06
0.227051 , 1.14283e-07 , -4.36286e-06
0.227385 , 2.13643e-06 , -4.19203e-06
0.227718 , 4.53868e-06 , -3.83223e-06
0.228052 , 7.16529e-06 , -3.29305e-06
0.228386 , 9.84319e-06 , -2.59311e-06
0.22872 , 1.23939e-05 , -1.75909e-06
0.229054 , 1.46461e-05 , -8.24544e-07
0.229388 , 1.64471e-05 , 1.71834e-07
0.229722 , 1.76736e-05 , 1.18803e-06
0.230056 , 1.82401e-05 , 2.18077e-06
0.23039 , 1.8105e-05 , 3.10764e-06
0.230724 , 1.72731e-05 , 3.92916e-06
0.231057 , 1.57955e-05 , 4.61066e-06
0.231391 , 1.37661e-05 , 5.12397e-06
0.231725 , 1.13153e-05 , 5.44878e-06
0.232059 , 8.60097e-06 , 5.57354e-06
0.232393 , 5.79775e-06 , 5.49605e-06
0.232727 , 3.08541e-06 , 5.22344e-06
0.233061 , 6.36635e-07 , 4.7718e-06
0.233395 , -1.39454e-06 , 4.16531e-06
0.233729 , -2.88295e-06 , 3.435e-06
0.234062 , -3.74049e-06 , 2.61721e-06
0.234396 , -3.92179e-06 , 1.75167e-06
0.23473 , -3.42685e-06 , 8.79611e-07
0.235064 , -2.30065e-06 , 4.16628e-08
0.235398 , -6.29606e-07 , -7.24139e-07
0.235732 , 1.46474e-06 , -1.38421e-06
0.236066 , 3.83442e-06 , -1.91103e-06
0.2364 , 6.31549e-06 , -2.28447e-06
0.236734 , 8.73948e-06 , -2.4927e-06
0.237068 , 1.09451e-05 , -2.53272e-06
0.237401 , 1.27894e-05 , -2.41039e-06
0.237735 , 1.41575e-05 , -2.14003e-06
0.238069 , 1.49702e-05 , -1.74364e-06
0.238403 , 1.51897e-05 , -1.24967e-06
0.238737 , 1.48211e-05 , -6.91509e-07
0.239071 , 1.39124e-05 , -1.05712e-07
0.239405 , 1.25506e-05 , 4.69903e-07
0.239739 , 1.0855e-05 , 9.98234e-07
0.240073 , 8.96894e-06 , 1.44482e-06
0.240407 , 7.04921e-06 , 1.77963e-06
0.24074 , 5.25491e-06 , 1.9786e-06
0.241074 , 3.73608e-06 , 2.02493e-06
0.241408 , 2.62293e-06 , 1.90989e-06
0.241742 , 2.01656e-06 , 1.63334e-06
0.242076 , 1.98159e-06 , 1.20374e-06
0.24241 , 2.54148e-06 , 6.37742e-07
0.242744 , 3.67663e-06 , -4.06324e-08
0.243078 , 5.32545e-06 , -8.01172e-07
0.243412 , 7.38848e-06 , -1.60898e-06
0.243746 , 9.73501e-06 , -2.42622e-06
0.244079 , 1.2212e-05 , -3.21398e-06
0.244413 , 1.46543e-05 , -3.93423e-06
0.244747 , 1.68964e-05 , -4.55167e-06
0.245081 , 1.8783e-05 , -5.03553e-06
0.245415 , 2.01805e-05 , -5.36106e-06
0.245749 , 2.09855e-05 , -5.51077e-06
0.246083 , 2.11324e-05 , -5.47527e-06
0.246417 , 2.05976e-05 , -5.25377e-06
0.246751 , 1.94015e-05 , -4.85405e-06
0.247085 , 1.7607e-05 , -4.29212e-06
0.247418 , 1.53154e-05 , -3.59141e-06
0.247752 , 1.26598e-05 , -2.78162e-06
0.248086 , 9.79584e-06 , -1.89721e-06
0.24842 , 6.89175e-06 , -9.75804e-07
0.248754 , 4.11666e-06 , -5.62586e-08
0.249088 , 1.62958e-06 , 8.23164e-07
0.249422 , -4.31192e-07 , 1.62667e-06
0.249756 , -1.95717e-06 , 2.32262e-06
0.25009 , -2.87672e-06 , 2.88505e-06
0.250423 , -3.15953e-06 , 3.29488e-06
0.250757 , -2.81828e-06 , 3.54074e-06
0.251091 , -1.90736e-06 , 3.61944e-06
0.251425 , -5.1874e-07 , 3.53605e-06
0.251759 , 1.22468e-06 , 3.30352e-06
0.252093 , 3.17786e-06 , 2.94192e-06
0.252427 , 5.18378e-06 , 2.47739e-06
0.252761 , 7.08451e-06 , 1.94067e-06
0.253095 , 8.73213e-06 , 1.36557e-06
0.253429 , 9.99901e-06 , 7.8714e-07
0.253762 , 1.07866e-05 , 2.39896e-07
0.254096 , 1.10321e-05 , -2.43948e-07
0.25443 , 1.07127e-05 , -6.36131e-07
0.254764 , 9.84731e-06 , -9.13774e-07
0.255098 , 8.49445e-06 , -1.06052e-06
0.255432 , 6.7486e-06 , -1.06738e-06
0.255766 , 4.73315e-06 , -9.33097e-07
0.2561 , 2.5918e-06 , -6.64281e-07
0.256434 , 4.78315e-07 , -2.74978e-07
0.256768 , -1.45425e-06 , 2.14035e-07
0.257101 , -3.06439e-06 , 7.76328e-07
0.257435 , -4.23219e-06 , 1.38118e-06
0.257769 , -4.86778e-06 , 1.99514e-06
0.258103 , -4.91787e-06 , 2.58376e-06
0.258437 , -4.36962e-06 , 3.11331e-06
0.258771 , -3.25183e-06 , 3.55252e-06
0.259105 , -1.63322e-06 , 3.87419e-06
0.259439 , 3.82085e-07 , 4.05653e-06
0.259773 , 2.66143e-06 , 4.08431e-06
0.260107 , 5.05254e-06 , 3.94961e-06
0.26044 , 7.3938e-06 , 3.65229e-06
0.260774 , 9.52516e-06 , 3.19997e-06
0.261108 , 1.1299e-05 , 2.6077e-06
0.261442 , 1.259e-05 , 1.89724e-06
0.261776 , 1.33042e-05 , 1.09603e-06
0.26211 , 1.33845e-05 , 2.35801e-07
0.262444 , 1.28154e-05 , -6.48894e-07
0.262778 , 1.16239e-05 , -1.52239e-06
0.263112 , 9.87754e-06 , -2.34961e-06
0.263446 , 7.68012e-06 , -3.09775e-06
0.263779 , 5.16473e-06 , -3.73785e-06
0.264113 , 2.48487e-06 , -4.24615e-06
0.264447 , -1.95752e-07 , -4.60519e-06
0.264781 , -2.71416e-06 , -4.80461e-06
0.265115 , -4.9189e-06 , -4.84156e-06
0.265449 , -6.68005e-06 , -4.72076e-06
0.265783 , -7.89772e-06 , -4.45422e-06
0.266117 , -8.50851e-06 , -4.06051e-06
0.266451 , -8.48946e-06 , -3.56381e-06
0.266784 , -7.85925e-06 , -2.99264e-06
0.267118 , -6.67654e-06 , -2.37838e-06
0.267452 , -5.03569e-06 , -1.75368e-06
0.267786 , -3.05993e-06 , -1.15082e-06
0.26812 , -8.92773e-07 , -6.00077e-07
0.268454 , 1.31207e-06 , -1.28257e-07
0.268788 , 3.40133e-06 , 2.42658e-07
0.269122 , 5.23273e-06 , 4.96551e-07
0.269456 , 6.6848e-06 , 6.23931e-07
0.26979 , 7.66516e-06 , 6.22357e-07
0.270123 , 8.11677e-06 , 4.96495e-07
0.270457 , 8.02174e-06 , 2.57819e-07
0.270791 , 7.4024e-06 , -7.60276e-08
0.271125 , 6.31962e-06 , -4.82187e-07
0.271459 , 4.86845e-06 , -9.33793e-07
0.271793 , 3.17135e-06 , -1.40138e-06
0.272127 , 1.36965e-06 , -1.85442e-06
0.272461 , -3.86442e-07 , -2.26289e-06
0.272795 , -1.94831e-06 , -2.59884e-06
0.273129 , -3.17941e-06 , -2.83782e-06
0.273462 , -3.96484e-06 , -2.96015e-06
0.273796 , -4.21951e-06 , -2.95195e-06
0.27413 , -3.89422e-06 , -2.80581e-06
0.274464 , -2.97934e-06 , -2.52126e-06
0.274798 , -1.50573e-06 , -2.10478e-06
0.275132 , 4.57008e-07 , -1.56949e-06
0.275466 , 2.80506e-06 , -9.34556e-07
0.2758 , 5.40711e-06 , -2.24237e-07
0.276134 , 8.11307e-06 , 5.33286e-07
0.276468 , 1.0764e-05 , 1.30729e-06
0.276801 , 1.32026e-05 , 2.06598e-06
0.277135 , 1.52839e-05 , 2.77807e-06
0.277469 , 1.68846e-05 , 3.41426e-06
0.277803 , 1.79116e-05 , 3.94868e-06
0.278137 , 1.83079e-05 , 4.36009e-06
0.278471 , 1.80565e-05 , 4.63292e-06
0.278805 , 1.71814e-05 , 4.75794e-06
0.279139 , 1.5746e-05 , 4.73272e-06
0.279473 , 1.38487e-05 , 4.56168e-06
0.279807 , 1.16166e-05 , 4.2558e-06
0.28014 , 9.1964e-06 , 3.83205e-06
0.280474 , 6.74519e-06 , 3.3125e-06
0.280808 , 4.41972e-06 , 2.72321e-06
0.281142 , 2.36611e-06 , 2.09291e-06
0.281476 , 7.10257e-07 , 1.45157e-06
0.28181 , -4.50322e-07 , 8.2889e-07
0.282144 , -1.05272e-06 , 2.52885e-07
0.282478 , -1.07247e-06 , -2.5151e-07
0.282812 , -5.24788e-07 , -6.63628e-07
0.283145 , 5.3691e-07 , -9.68045e-07
0.283479 , 2.02504e-06 , -1.15528e-06
0.283813 , 3.82417e-06 , -1.22222e-06
0.284147 , 5.79922e-06 , -1.17217e-06
0.284481 , 7.8049e-06 , -1.01463e-06
0.284815 , 9.69581e-06 , -7.64735e-07
0.285149 , 1.13365e-05 , -4.42436e-07
0.285483 , 1.26107e-05 , -7.14162e-08
0.285817 , 1.34294e-05 , 3.22152e-07
0.286151 , 1.37367e-05 , 7.10974e-07
0.286484 , 1.35136e-05 , 1.06806e-06
0.286818 , 1.27792e-05 , 1.3681e-06
0.287152 , 1.1589e-05 , 1.5888e-06
0.287486 , 1.00315e-05 , 1.71201e-06
0.28782 , 8.2213e-06 , 1.72464e-06
0.288154 , 6.29154e-06 , 1.61939e-06
0.288488 , 4.38449e-06 , 1.39507e-06
0.288822 , 2.64169e-06 , 1.05672e-06
0.289156 , 1.19417e-06 , 6.15368e-07
0.28949 , 1.53324e-07 , 8.74741e-08
0.289823 , -3.96799e-07 , -5.05858e-07
0.290157 , -4.05359e-07 , -1.13992e-06
0.290491 , 1.41668e-07 , -1.78762e-06
0.290825 , 1.2204e-06 , -2.42079e-06
0.291159 , 2.77054e-06 , -3.0116e-06
0.291493 , 4.69931e-06 , -3.53386e-06
0.291827 , 6.88761e-06 , -3.96436e-06
0.292161 , 9.19789e-06 , -4.28394e-06
0.292495 , 1.14834e-05 , -4.47844e-06
0.292829 , 1.35978e-05 , -4.53935e-06
0.293162 , 1.54049e-05 , -4.46422e-06
0.293496 , 1.67879e-05 , -4.25675e-06
0.29383 , 1.76567e-05 , -3.92655e-06
0.294164 , 1.79541e-05 , -3.48869e-06
0.294498 , 1.76591e-05 , -2.96291e-06
0.294832 , 1.67883e-05 , -2.37264e-06
0.295166 , 1.53949e-05 , -1.74385e-06
0.2955 , 1.35644e-05 , -1.10375e-06
0.295834 , 1.14088e-05 , -4.79491e-07
0.296168 , 9.05943e-06 , 1.03153e-07
0.296501 , 6.65765e-06 , 6.21031e-07
0.296835 , 4.34552e-06 , 1.05469e-06
0.297169 , 2.25638e-06 , 1.38931e-06
0.297503 , 5.06039e-07 , 1.61532e-06
0.297837 , -8.14703e-07 , 1.72885e-06
0.298171 , -1.64584e-06 , 1.73179e-06
0.298505 , -1.96178e-06 , 1.63167e-06
0.298839 , -1.77261e-06 , 1.44117e-06
0.299173 , -1.1229e-06 , 1.17743e-06
0.299506 , -8.82381e-08 , 8.61095e-07
0.29984 , 1.23043e-06 , 5.15279e-07
0.300174 , 2.71403e-06 , 1.64308e-07
0.300508 , 4.23384e-06 , -1.67518e-07
0.300842 , 5.66055e-06 , -4.57179e-07
0.301176 , 6.87325e-06 , -6.84109e-07
0.30151 , 7.76786e-06 , -8.31245e-07
0.301844 , 8.26423e-06 , -8.8589e-07
0.302178 , 8.31164e-06 , -8.40354e-07
0.302512 , 7.89218e-06 , -6.92337e-07
0.302845 , 7.02183e-06 , -4.45045e-07
0.303179 , 5.74929e-06 , -1.07024e-07
0.303513 , 4.1524e-06 , 3.08269e-07
0.303847 , 2.33271e-06 , 7.83143e-07
0.304181 , 4.08354e-07 , 1.29656e-06
0.304515 , -1.49418e-06 , 1.82516e-06
0.304849 , -3.24883e-06 , 2.34448e-06
0.305183 , -4.7387e-06 , 2.83008e-06
0.305517 , -5.86408e-06 , 3.25884e-06
0.305851 , -6.54938e-06 , 3.61003e-06
0.306184 , -6.74832e-06 , 3.86635e-06
0.306518 , -6.44709e-06 , 4.01479e-06
0.306852 , -5.66534e-06 , 4.04723e-06
0.307186 , -4.45485e-06 , 3.96084e-06
0.30752 , -2.89604e-06 , 3.75821e-06
0.307854 , -1.09252e-06 , 3.4472e-06
0.308188 , 8.35944e-07 , 3.04052e-06
0.308522 , 2.76143e-06 , 2.55514e-06
0.308856 , 4.55653e-06 , 2.01142e-06
0.30919 , 6.10282e-06 , 1.43211e-06
0.309523 , 7.29876e-06 , 8.41224e-07
0.309857 , 8.06642e-06 , 2.62923e-07
0.310191 , 8.35651e-06 , -2.797e-07
0.310525 , 8.15151e-06 , -7.65696e-07
0.310859 , 7.46664e-06 , -1.17726e-06
0.311193 , 6.34853e-06 , -1.50055e-06
0.311527 , 4.87189e-06 , -1.72633e-06
0.311861 , 3.13424e-06 , -1.85032e-06
0.312195 , 1.24914e-06 , -1.87339e-06
0.312529 , -6.61588e-07 , -1.80143e-06
0.312862 , -2.47613e-06 , -1.64497e-06
0.313196 , -4.0809e-06 , -1.41862e-06
0.31353 , -5.3781e-06 , -1.14028e-06
0.313864 , -6.29211e-06 , -8.30172e-07
0.314198 , -6.77439e-06 , -5.09829e-07
0.314532 , -6.80637e-06 , -2.00961e-07
0.314866 , -6.40033e-06 , 7.565e-08
0.3152 , -5.59811e-06 , 3.01203e-07
0.315534 , -4.46784e-06 , 4.59827e-07
0.315868 , -3.09884e-06 , 5.39384e-07
0.316201 , -1.5951e-06 , 5.32069e-07
0.316535 , -6.78756e-08 , 4.348e-07
0.316869 , 1.37228e-06 , 2.49368e-07
0.317203 , 2.62326e-06 , -1.76617e-08
0.317537 , 3.59858e-06 , -3.55279e-07
0.317871 , 4.23339e-06 , -7.48585e-07
0.318205 , 4.4889e-06 , -1.17953e-06
0.318539 , 4.355e-06 , -1.62782e-06
0.318873 , 3.8509e-06 , -2.07192e-06
0.319206 , 3.02357e-06 , -2.4901e-06
0.31954 , 1.94445e-06 , -2.86154e-06
0.319874 , 7.04253e-07 , -3.16733e-06
0.320208 , -5.93398e-07 , -3.39139e-06
0.320542 , -1.83933e-06 , -3.52126e-06
0.320876 , -2.92649e-06 , -3.5487e-06
0.32121 , -3.75751e-06 , -3.47008e-06
0.321544 , -4.25155e-06 , -3.28656e-06
0.321878 , -4.34999e-06 , -3.004e-06
0.322212 , -4.02062e-06 , -2.63268e-06
0.322545 , -3.25997e-06 , -2.18678e-06
0.322879 , -2.0937e-06 , -1.68371e-06
0.323213 , -5.74929e-07 , -1.14322e-06
0.323547 , 1.21926e-06 , -5.86476e-07
0.323881 , 3.19297e-06 , -3.50528e-08
0.324215 , 5.23787e-06 , 4.90119e-07
0.324549 , 7.24051e-06 , 9.69722e-07
0.324883 , 9.08984e-06 , 1.38695e-06
0.325217 , 1.06846e-05 , 1.7283e-06
0.325551 , 1.194e-05 , 1.98411e-06
0.325884 , 1.27933e-05 , 2.14904e-06
0.326218 , 1.32077e-05 , 2.22219e-06
0.326552 , 1.31747e-05 , 2.20713e-06
0.326886 , 1.27142e-05 , 2.1116e-06
0.32722 , 1.18732e-05 , 1.94706e-06
0.327554 , 1.07218e-05 , 1.72808e-06
0.327888 , 9.34848e-06 , 1.47156e-06
0.328222 , 7.85399e-06 , 1.1958e-06
0.328556 , 6.344e-06 , 9.19591e-07
0.32889 , 4.92199e-06 , 6.61226e-07
0.329223 , 3.68214e-06 , 4.37583e-07
0.329557 , 2.70296e-06 , 2.63267e-07
0.329891 , 2.0421e-06 , 1.49877e-07
0.330225 , 1.73263e-06 , 1.05433e-07
0.330559 , 1.78107e-06 , 1.33989e-07
0.330893 , 2.16731e-06 , 2.35439e-07
0.331227 , 2.84643e-06 , 4.05542e-07
0.331561 , 3.75217e-06 , 6.36152e-07
0.331895 , 4.80198e-06 , 9.15641e-07
0.332229 , 5.90312e-06 , 1.22949e-06
0.332562 , 6.9595e-06 , 1.56105e-06
0.332896 , 7.8787e-06 , 1.89234e-06
0.33323 , 8.57869e-06 , 2.20501e-06
0.333564 , 8.99386e-06 , 2.48122e-06
3.33564e-13 , -1663.16 , -1268.81
0.000333898 , -1703.07 , -1270.77
0.000667796 , -1750.17 , -1270.44
0.00100169 , -1804.32 , -1267.83
0.00133559 , -1865.2 , -1263
0.00166949 , -1932.34 , -1256.01
0.00200339 , -2005.12 , -1246.97
0.00233729 , -2082.77 , -1236
0.00267118 , -2164.39 , -1223.23
0.00300508 , -2248.97 , -1208.79
0.00333898 , -2335.42 , -1192.85
0.00367288 , -2422.63 , -1175.55
0.00400678 , -2509.46 , -1157.06
0.00434067 , -2594.83 , -1137.52
0.00467457 , -2677.7 , -1117.1
0.00500847 , -2757.09 , -1095.92
0.00534237 , -2832.13 , -1074.12
0.00567627 , -2901.99 , -1051.83
0.00601016 , -2965.95 , -1029.16
0.00634406 , -3023.31 , -1006.22
0.00667796 , -3073.45 , -983.092
0.00701186 , -3115.8 , -959.874
0.00734576 , -3149.86 , -936.637
0.00767965 , -3175.18 , -913.451
0.00801355 , -3191.41 , -890.373
0.00834745 , -3198.3 , -867.458
0.00868135 , -3195.72 , -844.748
0.00901525 , -3183.63 , -822.283
0.00934914 , -3162.13 , -800.096
0.00968304 , -3131.41 , -778.212
0.0100169 , -3091.78 , -756.655
0.0103508 , -3043.6 , -735.442
0.0106847 , -2987.29 , -714.589
0.0110186 , -2923.32 , -694.106
0.0113525 , -2852.22 , -674.003
0.0116864 , -2774.52 , -654.288
0.0120203 , -2690.8 , -634.965
0.0123542 , -2601.68 , -616.04
0.0126881 , -2507.8 , -597.515
0.013022 , -2409.87 , -579.391
0.0133559 , -2308.59 , -561.669
0.0136898 , -2204.72 , -544.35
0.0140237 , -2099 , -527.431
0.0143576 , -1992.16 , -510.91
0.0146915 , -1884.93 , -494.787
0.0150254 , -1777.96 , -479.056
0.0153593 , -1671.88 , -463.717
0.0156932 , -1567.27 , -448.766
0.0160271 , -1464.65 , -434.199
0.016361 , -1364.48 , -420.014
0.0166949 , -1267.2 , -406.207
0.0170288 , -1173.21 , -392.774
0.0173627 , -1082.86 , -379.713
0.0176966 , -996.485 , -367.018
0.0180305 , -914.349 , -354.685
0.0183644 , -836.683 , -342.709
0.0186983 , -763.659 , -331.086
0.0190322 , -695.385 , -319.811
0.0193661 , -631.909 , -308.878
0.0197 , -573.219 , -298.282
0.0200339 , -519.253 , -288.018
0.0203678 , -469.906 , -278.08
0.0207017 , -425.04 , -268.464
0.0210356 , -384.497 , -259.165
0.0213695 , -348.104 , -250.177
0.0217034 , -315.673 , -241.493
0.0220373 , -287.008 , -233.11
0.0223712 , -261.896 , -225.019
0.0227051 , -240.111 , -217.216
0.023039 , -221.406 , -209.692
0.0233729 , -205.518 , -202.442
0.0237068 , -192.173 , -195.458
0.0240407 , -181.086 , -188.733
0.0243746 , -171.977 , -182.261
0.0247085 , -164.575 , -176.036
0.0250423 , -158.628 , -170.049
0.0253762 , -153.906 , -164.296
0.0257101 , -150.205 , -158.769
0.026044 , -147.343 , -153.461
0.0263779 , -145.156 , -148.365
0.0267118 , -143.498 , -143.476
0.0270457 , -142.228 , -138.785
0.0273796 , -141.216 , -134.285
0.0277135 , -140.337 , -129.971
0.0280474 , -139.475 , -125.834
0.0283813 , -138.529 , -121.868
0.0287152 , -137.417 , -118.067
0.0290491 , -136.076 , -114.425
0.029383 , -134.469 , -110.934
0.0297169 , -132.583 , -107.591
0.0300508 , -130.424 , -104.387
0.0303847 , -128.009 , -101.318
0.0307186 , -125.366 , -98.3769
0.0310525 , -122.523 , -95.5584
0.0313864 , -119.508 , -92.8564
0.0317203 , -116.341 , -90.2653
0.0320542 , -113.043 , -87.7795
0.0323881 , -109.632 , -85.394
0.032722 , -106.13 , -83.1039
0.0330559 , -102.567 , -80.9047
0.0333898 , -98.979 , -78.7922
0.0337237 , -95.4101 , -76.7624
0.0340576 , -91.9089 , -74.8114
0.0343915 , -88.5242 , -72.9356
0.0347254 , -85.3 , -71.131
0.0350593 , -82.2706 , -69.394
0.0353932 , -79.4584 , -67.7208
0.0357271 , -76.8729 , -66.1078
0.036061 , -74.5128 , -64.5515
0.0363949 , -72.3692 , -63.0485
0.0367288 , -70.4305 , -61.596
0.0370627 , -68.6861 , -60.1913
0.0373966 , -67.1294 , -58.8322
0.0377305 , -65.7582 , -57.5165
0.0380644 , -64.5736 , -56.2427
0.0383983 , -63.577 , -55.0088
0.0387322 , -62.7663 , -53.8134
0.0390661 , -62.1323 , -52.6549
0.0394 , -61.6573 , -51.5314
0.0397339 , -61.3143 , -50.4414
0.0400678 , -61.0697 , -49.3832
0.0404017 , -60.8864 , -48.3551
0.0407356 , -60.7281 , -47.3557
0.0410695 , -60.5638 , -46.3838
0.0414034 , -60.3701 , -45.4383
0.0417372 , -60.1325 , -44.5184
0.0420711 , -59.844 , -43.6235
0.042405 , -59.5027 , -42.753
0.0427389 , -59.1079 , -41.9063
0.0430728 , -58.6576 , -41.0829
0.0434067 , -58.1454 , -40.2822
0.0437406 , -57.5606 , -39.5033
0.0440745 , -56.8892 , -38.7456
0.0444084 , -56.1165 , -38.0082
0.0447423 , -55.2307 , -37.2904
0.0450762 , -54.2259 , -36.5915
0.0454101 , -53.1041 , -35.9111
0.045744 , -51.8756 , -35.249
0.0460779 , -50.5576 , -34.6049
0.0464118 , -49.1716 , -33.9788
0.0467457 , -47.7395 , -33.3705
0.0470796 , -46.2804 , -32.78
0.0474135 , -44.8085 , -32.2069
0.0477474 , -43.332 , -31.6508
0.0480813 , -41.8544 , -31.111
0.0484152 , -40.3763 , -30.5868
0.0487491 , -38.899 , -30.0775
0.049083 , -37.4267 , -29.5824
0.0494169 , -35.9686 , -29.101
0.0497508 , -34.5395 , -28.6329
0.0500847 , -33.1581 , -28.1778
0.0504186 , -31.8448 , -27.7357
0.0507525 , -30.6184 , -27.3067
0.0510864 , -29.493 , -26.8908
0.0514203 , -28.4762 , -26.4878
0.0517542 , -27.568 , -26.0975
0.0520881 , -26.7623 , -25.7195
0.052422 , -26.049 , -25.3531
0.0527559 , -25.4168 , -24.9975
0.0530898 , -24.8565 , -24.652
0.0534237 , -24.3625 , -24.3158
0.0537576 , -23.9341 , -23.9883
0.0540915 , -23.5744 , -23.669
0.0544254 , -23.2882 , -23.3578
0.0547593 , -23.0798 , -23.0544
0.0550932 , -22.9499 , -22.7589
0.0554271 , -22.8942 , -22.4713
0.055761 , -22.9028 , -22.1915
0.0560949 , -22.961 , -21.9193
0.0564288 , -23.0518 , -21.6543
0.0567627 , -23.1582 , -21.3959
0.0570966 , -23.266 , -21.1436
0.0574305 , -23.3658 , -20.8967
0.0577644 , -23.4535 , -20.6547
0.0580983 , -23.5295 , -20.4172
0.0584321 , -23.5972 , -20.1838
0.058766 , -23.6603 , -19.9546
0.0590999 , -23.7205 , -19.7295
0.0594338 , -23.7758 , -19.5087
0.0597677 , -23.8201 , -19.2923
0.0601016 , -23.8442 , -19.0803
0.0604355 , -23.8371 , -18.8726
0.0607694 , -23.789 , -18.6688
0.0611033 , -23.6932 , -18.4686
0.0614372 , -23.548 , -18.2716
0.0617711 , -23.3569 , -18.0771
0.062105 , -23.1278 , -17.8851
0.0624389 , -22.8713 , -17.6951
0.0627728 , -22.598 , -17.5072
0.0631067 , -22.3167 , -17.3217
0.0634406 , -22.032 , -17.1387
0.0637745 , -21.7444 , -16.9586
0.0641084 , -21.4504 , -16.7816
0.0644423 , -21.1449 , -16.608
0.0647762 , -20.8224 , -16.4375
0.0651101 , -20.4803 , -16.2701
0.065444 , -20.1193 , -16.1053
0.0657779 , -19.7447 , -15.9428
0.0661118 , -19.3653 , -15.7822
0.0664457 , -18.9915 , -15.6231
0.0667796 , -18.6338 , -15.4655
0.0671135 , -18.2998 , -15.3095
0.0674474 , -17.9936 , -15.1553
0.0677813 , -17.7144 , -15.0034
0.0681152 , -17.4579 , -14.8541
0.0684491 , -17.2174 , -14.7078
0.068783 , -16.986 , -14.5646
0.0691169 , -16.7587 , -14.4247
0.0694508 , -16.5336 , -14.2877
0.0697847 , -16.3125 , -14.1533
0.0701186 , -16.1002 , -14.021
0.0704525 , -15.9032 , -13.8906
0.0707864 , -15.7276 , -13.7616
0.0711203 , -15.5773 , -13.6339
0.0714542 , -15.4524 , -13.5077
0.0717881 , -15.3495 , -13.3832
0.072122 , -15.2615 , -13.2607
0.0724559 , -15.1799 , -13.1405
0.0727898 , -15.0963 , -13.0231
0.0731237 , -15.0042 , -12.9085
0.0734576 , -14.9008 , -12.7967
0.0737915 , -14.7868 , -12.6875
0.0741254 , -14.6663 , -12.5805
0.0744593 , -14.545 , -12.4753
0.0747932 , -14.4286 , -12.3715
0.075127 , -14.321 , -12.2688
0.0754609 , -14.2231 , -12.1671
0.0757948 , -14.1322 , -12.0664
0.0761287 , -14.0431 , -11.967
0.0764626 , -13.9488 , -11.8692
0.0767965 , -13.843 , -11.7732
0.0771304 , -13.7211 , -11.6794
0.0774643 , -13.5819 , -11.5878
0.0777982 , -13.4278 , -11.4983
0.0781321 , -13.2638 , -11.4105
0.078466 , -13.0969 , -11.3242
0.0787999 , -12.9335 , -11.239
0.0791338 , -12.7786 , -11.1543
0.0794677 , -12.6341 , -11.0701
0.0798016 , -12.4987 , -10.9862
0.0801355 , -12.3686 , -10.9028
0.0804694 , -12.2385 , -10.8203
0.0808033 , -12.1035 , -10.7388
0.0811372 , -11.9606 , -10.6589
0.0814711 , -11.8097 , -10.5806
0.081805 , -11.6536 , -10.5041
0.0821389 , -11.4977 , -10.4291
0.0824728 , -11.3487 , -10.3554
0.0828067 , -11.2126 , -10.2825
0.0831406 , -11.0934 , -10.2099
0.0834745 , -10.9924 , -10.1374
0.0838084 , -10.9073 , -10.0648
0.0841423 , -10.8334 , -9.99198
0.0844762 , -10.7647 , -9.91927
0.0848101 , -10.6955 , -9.84701
0.085144 , -10.6218 , -9.77565
0.0854779 , -10.5425 , -9.70557
0.0858118 , -10.4594 , -9.63705
0.0861457 , -10.3766 , -9.57014
0.0864796 , -10.2994 , -9.50471
0.0868135 , -10.2328 , -9.44043
0.0871474 , -10.1798 , -9.37686
0.0874813 , -10.1407 , -9.31355
0.0878152 , -10.113 , -9.25012
0.0881491 , -10.0916 , -9.18638
0.088483 , -10.0705 , -9.12233
0.0888169 , -10.0442 , -9.0582
0.0891508 , -10.0086 , -8.99436
0.0894847 , -9.96266 , -8.93123
0.0898186 , -9.90794 , -8.86921
0.0901525 , -9.8483 , -8.80859
0.0904864 , -9.78861 , -8.74945
0.0908203 , -9.73336 , -8.69168
0.0911542 , -9.68533 , -8.63499
0.0914881 , -9.64477 , -8.57898
0.0918219 , -9.6093 , -8.52325
0.0921558 , -9.57454 , -8.46749
0.0924897 , -9.53528 , -8.41152
0.0928236 , -9.48691 , -8.35539
0.0931575 , -9.42665 , -8.2993
0.0934914 , -9.35436 , -8.24359
0.0938253 , -9.27258 , -8.18865
0.0941592 , -9.18588 , -8.13481
0.0944931 , -9.09969 , -8.08225
0.094827 , -9.01885 , -8.03101
0.0951609 , -8.94643 , -7.98089
0.0954948 , -8.88294 , -7.93159
0.0958287 , -8.82631 , -7.88271
0.0961626 , -8.77253 , -7.8339
0.0964965 , -8.71684 , -7.78489
0.0968304 , -8.65507 , -7.73562
0.0971643 , -8.58488 , -7.6862
0.0974982 , -8.50643 , -7.63692
0.0978321 , -8.42238 , -7.58817
0.098166 , -8.33725 , -7.54034
0.0984999 , -8.25619 , -7.49375
0.0988338 , -8.18367 , -7.44852
0.0991677 , -8.12227 , -7.4046
0.0995016 , -8.07204 , -7.3617
0.0998355 , -8.03049 , -7.31942
0.100169 , -7.99331 , -7.27728
0.100503 , -7.95553 , -7.23485
0.100837 , -7.91289 , -7.19187
0.101171 , -7.86299 , -7.14827
0.101505 , -7.80591 , -7.1042
0.101839 , -7.74421 , -7.06002
0.102173 , -7.68219 , -7.01618
0.102507 , -7.62474 , -6.97318
0.102841 , -7.57595 , -6.93137
0.103174 , -7.538 , -6.89097
0.103508 , -7.51054 , -6.85193
0.103842 , -7.4907 , -6.81402
0.104176 , -7.47386 , -6.77681
0.10451 , -7.45478 , -6.73984
0.104844 , -7.42897 , -6.70265
0.105178 , -7.39382 , -6.66493
0.105512 , -7.34922 , -6.62657
0.105846 , -7.29752 , -6.58767
0.10618 , -7.24283 , -6.54853
0.106513 , -7.18988 , -6.50956
0.106847 , -7.14271 , -6.47119
0.107181 , -7.10358 , -6.43375
0.107515 , -7.07235 , -6.39743
0.107849 , -7.0466 , -6.36221
0.108183 , -7.02227 , -6.32787
0.108517 , -6.9948 , -6.29406
0.108851 , -6.96041 , -6.26037
0.109185 , -6.91715 , -6.22645
0.109519 , -6.86543 , -6.19207
0.109852 , -6.80789 , -6.15719
0.110186 , -6.74872 , -6.12196
0.11052 , -6.69249 , -6.08668
0.110854 , -6.64292 , -6.05173
0.111188 , -6.60184 , -6.01747
0.111522 , -6.56871 , -5.98416
0.111856 , -6.54076 , -5.95187
0.11219 , -6.51378 , -5.92049
0.112524 , -6.48327 , -5.88971
0.112858 , -6.44571 , -5.85914
0.113191 , -6.39959 , -5.82839
0.113525 , -6.34586 , -5.79712
0.113859 , -6.28777 , -5.7652
0.114193 , -6.23005 , -5.73268
0.114527 , -6.17771 , -5.69983
0.114861 , -6.13471 , -5.66706
0.115195 , -6.10295 , -5.63482
0.115529 , -6.08174 , -5.60354
0.115863 , -6.06799 , -5.57348
0.116197 , -6.05698 , -5.54467
0.11653 , -6.04361 , -5.51696
0.116864 , -6.02372 , -5.48995
0.117198 , -5.99511 , -5.46316
0.117532 , -5.9581 , -5.43609
0.117866 , -5.91541 , -5.40835
0.1182 , -5.87133 , -5.37972
0.118534 , -5.8306 , -5.35024
0.118868 , -5.79709 , -5.32015
0.119202 , -5.77274 , -5.28989
0.119535 , -5.75708 , -5.25996
0.119869 , -5.74735 , -5.23079
0.120203 , -5.73923 , -5.20273
0.120537 , -5.72806 , -5.17588
0.120871 , -5.71003 , -5.15013
0.121205 , -5.68325 , -5.12515
0.121539 , -5.64821 , -5.10051
0.121873 , -5.60759 , -5.07575
0.122207 , -5.56558 , -5.05049
0.122541 , -5.52664 , -5.02453
0.122874 , -5.49428 , -4.99787
0.123208 , -5.4701 , -4.97071
0.123542 , -5.45331 , -4.94342
0.123876 , -5.44091 , -4.91641
0.12421 , -5.4285 , -4.89006
0.124544 , -5.41148 , -4.86462
0.124878 , -5.38624 , -4.84015
0.125212 , -5.35121 , -4.81652
0.125546 , -5.30731 , -4.79343
0.12588 , -5.25769 , -4.77049
0.126213 , -5.20699 , -4.74733
0.126547 , -5.16007 , -4.72367
0.126881 , -5.1208 , -4.69942
0.127215 , -5.09098 , -4.67468
0.127549 , -5.06994 , -4.64973
0.127883 , -5.05468 , -4.62495
0.128217 , -5.0407 , -4.60075
0.128551 , -5.02319 , -4.57746
0.128885 , -4.99831 , -4.55524
0.129219 , -4.96423 , -4.53403
0.129552 , -4.92155 , -4.51359
0.129886 , -4.87322 , -4.49351
0.13022 , -4.82365 , -4.47333
0.130554 , -4.7776 , -4.45263
0.130888 , -4.73888 , -4.43113
0.131222 , -4.70936 , -4.40878
0.131556 , -4.68846 , -4.38572
0.13189 , -4.67338 , -4.36232
0.132224 , -4.65983 , -4.33906
0.132558 , -4.64324 , -4.3164
0.132891 , -4.62002 , -4.29473
0.133225 , -4.58853 , -4.27425
0.133559 , -4.54955 , -4.25491
0.133893 , -4.50611 , -4.23645
0.134227 , -4.46268 , -4.21843
0.134561 , -4.42401 , -4.20036
0.134895 , -4.39381 , -4.18176
0.135229 , -4.3738 , -4.16231
0.135563 , -4.36323 , -4.14191
0.135896 , -4.35904 , -4.1207
0.13623 , -4.3567 , -4.09899
0.136564 , -4.35136 , -4.07727
0.136898 , -4.33918 , -4.05601
0.137232 , -4.31827 , -4.03561
0.137566 , -4.28926 , -4.01631
0.1379 , -4.25509 , -3.9981
0.138234 , -4.2202 , -3.98079
0.138568 , -4.18938 , -3.964
0.138902 , -4.16649 , -3.94728
0.139235 , -4.15339 , -3.93024
0.139569 , -4.14948 , -3.91259
0.139903 , -4.15181 , -3.89425
0.140237 , -4.15587 , -3.87534
0.140571 , -4.15676 , -3.85614
0.140905 , -4.15046 , -3.83706
0.141239 , -4.13486 , -3.81847
0.141573 , -4.11028 , -3.80069
0.141907 , -4.07936 , -3.78384
0.142241 , -4.04631 , -3.76784
0.142574 , -4.01577 , -3.75243
0.142908 , -3.99157 , -3.73722
0.143242 , -3.97569 , -3.7218
0.143576 , -3.96778 , -3.70579
0.14391 , -3.96525 , -3.68902
0.144244 , -3.96399 , -3.67147
0.144578 , -3.95951 , -3.65336
0.144912 , -3.94817 , -3.63504
0.145246 , -3.92812 , -3.61696
0.14558 , -3.89988 , -3.59952
0.145913 , -3.86615 , -3.583
0.146247 , -3.83111 , -3.56748
0.146581 , -3.7993 , -3.55282
0.146915 , -3.77439 , -3.53871
0.147249 , -3.75822 , -3.52469
0.147583 , -3.7503 , -3.51033
0.147917 , -3.74794 , -3.49526
0.148251 , -3.74697 , -3.4793
0.148585 , -3.74291 , -3.46249
0.148919 , -3.73216 , -3.4451
0.149252 , -3.71297 , -3.42756
0.149586 , -3.68598 , -3.41036
0.14992 , -3.65403 , -3.39396
0.150254 , -3.62145 , -3.37869
0.150588 , -3.59287 , -3.36462
0.150922 , -3.57203 , -3.35163
0.151256 , -3.56074 , -3.33937
0.15159 , -3.55836 , -3.32736
0.151924 , -3.56195 , -3.31512
0.152257 , -3.56697 , -3.30222
0.152591 , -3.56848 , -3.28845
0.152925 , -3.56238 , -3.27378
0.153259 , -3.54646 , -3.25845
0.153593 , -3.52099 , -3.24282
0.153927 , -3.4886 , -3.22737
0.154261 , -3.45367 , -3.21252
0.154595 , -3.42113 , -3.19857
0.154929 , -3.39525 , -3.18562
0.155263 , -3.37855 , -3.17357
0.155596 , -3.37119 , -3.16209
0.15593 , -3.37101 , -3.15077
0.156264 , -3.37412 , -3.13916
0.156598 , -3.37599 , -3.12691
0.156932 , -3.37258 , -3.11384
0.157266 , -3.36146 , -3.09996
0.1576 , -3.34237 , -3.0855
0.157934 , -3.3172 , -3.07082
0.158268 , -3.28946 , -3.05635
0.158602 , -3.26329 , -3.04247
0.158935 , -3.24227 , -3.02943
0.159269 , -3.22852 , -3.01728
0.159603 , -3.22209 , -3.0059
0.159937 , -3.22103 , -2.99496
0.160271 , -3.22192 , -2.98407
0.160605 , -3.2209 , -2.97285
0.160939 , -3.2147 , -2.96102
0.161273 , -3.20163 , -2.94847
0.161607 , -3.18203 , -2.9353
0.161941 , -3.15825 , -2.92176
0.162274 , -3.13395 , -2.90827
0.162608 , -3.11319 , -2.89522
0.162942 , -3.09921 , -2.88296
0.163276 , -3.09357 , -2.87165
0.16361 , -3.09561 , -2.86126
0.163944 , -3.10258 , -2.85154
0.164278 , -3.11026 , -2.84211
0.164612 , -3.11405 , -2.8325
0.164946 , -3.1101 , -2.82231
0.16528 , -3.09638 , -2.81123
0.165613 , -3.07314 , -2.79921
0.165947 , -3.04294 , -2.7864
0.166281 , -3.00998 , -2.77315
0.166615 , -2.97911 , -2.75992
0.166949 , -2.95454 , -2.74722
0.167283 , -2.93892 , -2.73543
0.167617 , -2.93261 , -2.72478
0.167951 , -2.93372 , -2.71524
0.168285 , -2.93863 , -2.70657
0.168618 , -2.94294 , -2.69835
0.168952 , -2.94262 , -2.69008
0.169286 , -2.93508 , -2.68129
0.16962 , -2.91971 , -2.67162
0.169954 , -2.89802 , -2.66094
0.170288 , -2.87316 , -2.64935
0.170622 , -2.84901 , -2.63714
0.170956 , -2.82913 , -2.62474
0.17129 , -2.81578 , -2.61263
0.171624 , -2.80937 , -2.60122
0.171957 , -2.80835 , -2.59074
0.172291 , -2.80974 , -2.58122
0.172625 , -2.8099 , -2.57251
0.172959 , -2.80563 , -2.56426
0.173293 , -2.79502 , -2.55606
0.173627 , -2.77801 , -2.54752
0.173961 , -2.75642 , -2.53835
0.174295 , -2.73343 , -2.52845
0.174629 , -2.71276 , -2.51791
0.174963 , -2.69763 , -2.50698
0.175296 , -2.68986 , -2.49602
0.17563 , -2.68935 , -2.4854
0.175964 , -2.6941 , -2.47541
0.176298 , -2.70066 , -2.46618
0.176632 , -2.70506 , -2.45768
0.176966 , -2.70378 , -2.44968
0.1773 , -2.69475 , -2.44184
0.177634 , -2.6778 , -2.43381
0.177968 , -2.65476 , -2.42528
0.178302 , -2.62895 , -2.41607
0.178635 , -2.60434 , -2.4062
0.178969 , -2.58452 , -2.39589
0.179303 , -2.57177 , -2.38548
0.179637 , -2.56653 , -2.37538
0.179971 , -2.56732 , -2.36597
0.180305 , -2.57118 , -2.35748
0.180639 , -2.57447 , -2.34998
0.180973 , -2.57389 , -2.3433
0.181307 , -2.56732 , -2.33709
0.181641 , -2.55442 , -2.33087
0.181974 , -2.53663 , -2.32419
0.182308 , -2.51679 , -2.31664
0.182642 , -2.49836 , -2.30804
0.182976 , -2.48442 , -2.2984
0.18331 , -2.47682 , -2.28798
0.183644 , -2.47572 , -2.27721
0.183978 , -2.47946 , -2.26662
0.184312 , -2.48502 , -2.25669
0.184646 , -2.48882 , -2.24778
0.184979 , -2.48766 , -2.24005
0.185313 , -2.47958 , -2.23342
0.185647 , -2.46439 , -2.22758
0.185981 , -2.44373 , -2.22208
0.186315 , -2.42066 , -2.21643
0.186649 , -2.39886 , -2.21017
0.186983 , -2.38172 , -2.20301
0.187317 , -2.37145 , -2.19488
0.187651 , -2.36853 , -2.1859
0.187985 , -2.37163 , -2.17638
0.188318 , -2.37798 , -2.16675
0.188652 , -2.38407 , -2.15742
0.188986 , -2.38662 , -2.14874
0.18932 , -2.38336 , -2.14086
0.189654 , -2.37361 , -2.13377
0.189988 , -2.35839 , -2.12729
0.190322 , -2.3401 , -2.1211
0.190656 , -2.32181 , -2.11486
0.19099 , -2.30644 , -2.10828
0.191324 , -2.29599 , -2.10118
0.191657 , -2.29098 , -2.09356
0.191991 , -2.29042 , -2.08557
0.192325 , -2.29207 , -2.07749
0.192659 , -2.29314 , -2.06963
0.192993 , -2.29107 , -2.06227
0.193327 , -2.28426 , -2.05556
0.193661 , -2.27252 , -2.0495
0.193995 , -2.25713 , -2.04391
0.194329 , -2.24051 , -2.03848
0.194663 , -2.22553 , -2.03284
0.194996 , -2.21469 , -2.02666
0.19533 , -2.20947 , -2.0197
0.195664 , -2.20984 , -2.01193
0.195998 , -2.21426 , -2.0035
0.196332 , -2.22002 , -1.99473
0.196666 , -2.22398 , -1.98606
0.197 , -2.22333 , -1.97795
0.197334 , -2.21637 , -1.97076
0.197668 , -2.20293 , -1.96467
0.198002 , -2.18442 , -1.95966
0.198335 , -2.16351 , -1.95546
0.198669 , -2.14339 , -1.95165
0.199003 , -2.127 , -1.9477
0.199337 , -2.11628 , -1.94311
0.199671 , -2.11174 , -1.93751
0.200005 , -2.11229 , -1.93072
0.200339 , -2.11568 , -1.92282
0.200673 , -2.11904 , -1.91409
0.201007 , -2.11969 , -1.90498
0.20134 , -2.11585 , -1.89602
0.201674 , -2.10709 , -1.88769
0.202008 , -2.0944 , -1.88031
0.202342 , -2.07988 , -1.87402
0.202676 , -2.06616 , -1.86875
0.20301 , -2.05563 , -1.86423
0.203344 , -2.04982 , -1.86005
0.203678 , -2.04893 , -1.85579
0.204012 , -2.05179 , -1.85111
0.204346 , -2.05618 , -1.8458
0.204679 , -2.05941 , -1.8398
0.205013 , -2.05904 , -1.83328
0.205347 , -2.05354 , -1.82649
0.205681 , -2.04271 , -1.81974
0.206015 , -2.02769 , -1.81335
0.206349 , -2.01071 , -1.80748
0.206683 , -1.99448 , -1.80217
0.207017 , -1.98147 , -1.79732
0.207351 , -1.97329 , -1.79268
0.207685 , -1.9703 , -1.78796
0.208018 , -1.97151 , -1.7829
0.208352 , -1.97488 , -1.77732
0.208686 , -1.97791 , -1.77119
0.20902 , -1.97825 , -1.76463
0.209354 , -1.97437 , -1.7579
0.209688 , -1.9659 , -1.75132
0.210022 , -1.95369 , -1.74519
0.210356 , -1.93955 , -1.73973
0.21069 , -1.92573 , -1.73499
0.211024 , -1.91429 , -1.73087
0.211357 , -1.9065 , -1.72708
0.211691 , -1.90257 , -1.72323
0.212025 , -1.90159 , -1.71893
0.212359 , -1.90181 , -1.71384
0.212693 , -1.9012 , -1.7078
0.213027 , -1.89802 , -1.70083
0.213361 , -1.89138 , -1.69318
0.213695 , -1.88147 , -1.68525
0.214029 , -1.86959 , -1.67753
0.214363 , -1.85778 , -1.6705
0.214696 , -1.84827 , -1.66452
0.21503 , -1.84286 , -1.65977
0.215364 , -1.84238 , -1.65618
0.215698 , -1.84643 , -1.65349
0.216032 , -1.85338 , -1.65125
0.216366 , -1.86081 , -1.64896
0.2167 , -1.86602 , -1.64614
0.217034 , -1.86675 , -1.64246
0.217368 , -1.86174 , -1.63775
0.217701 , -1.851 , -1.63207
0.218035 , -1.83587 , -1.62568
0.218369 , -1.81864 , -1.61897
0.218703 , -1.80199 , -1.61235
0.219037 , -1.78833 , -1.60619
0.219371 , -1.77922 , -1.60073
0.219705 , -1.77506 , -1.59603
0.220039 , -1.77498 , -1.59199
0.220373 , -1.77721 , -1.58834
0.220707 , -1.77952 , -1.58478
0.22104 , -1.77985 , -1.58098
0.221374 , -1.77685 , -1.57672
0.221708 , -1.77018 , -1.57192
0.222042 , -1.76055 , -1.56663
0.222376 , -1.74948 , -1.56103
0.22271 , -1.73881 , -1.55539
0.223044 , -1.73017 , -1.54998
0.223378 , -1.72455 , -1.54498
0.223712 , -1.72198 , -1.54047
0.224046 , -1.72158 , -1.53639
0.224379 , -1.72184 , -1.53255
0.224713 , -1.72107 , -1.52869
0.225047 , -1.71788 , -1.52456
0.225381 , -1.71167 , -1.51994
0.225715 , -1.70277 , -1.51479
0.226049 , -1.69239 , -1.50917
0.226383 , -1.68232 , -1.50334
0.226717 , -1.67439 , -1.4976
0.227051 , -1.67 , -1.49232
0.227385 , -1.66968 , -1.48779
0.227718 , -1.67289 , -1.48417
0.228052 , -1.67817 , -1.48143
0.228386 , -1.68346 , -1.47938
0.22872 , -1.68661 , -1.47764
0.229054 , -1.686 , -1.47577
0.229388 , -1.68087 , -1.47332
0.229722 , -1.6716 , -1.46997
0.230056 , -1.65955 , -1.46554
0.23039 , -1.64675 , -1.46008
0.230724 , -1.63529 , -1.45385
0.231057 , -1.62687 , -1.44723
0.231391 , -1.62225 , -1.44072
0.231725 , -1.62114 , -1.43474
0.232059 , -1.62225 , -1.42964
0.232393 , -1.62367 , -1.42556
0.232727 , -1.62339 , -1.42244
0.233061 , -1.61984 , -1.42004
0.233395 , -1.61235 , -1.41797
0.233729 , -1.60134 , -1.41582
0.234062 , -1.58821 , -1.41319
0.234396 , -1.57503 , -1.40985
0.23473 , -1.56392 , -1.40571
0.235064 , -1.55662 , -1.40085
0.235398 , -1.55391 , -1.39552
0.235732 , -1.55554 , -1.39004
0.236066 , -1.5602 , -1.38476
0.2364 , -1.56592 , -1.37992
0.236734 , -1.57056 , -1.37568
0.237068 , -1.57234 , -1.37202
0.237401 , -1.57031 , -1.3688
0.237735 , -1.56451 , -1.36579
0.238069 , -1.55592 , -1.36274
0.238403 , -1.5462 , -1.35942
0.238737 , -1.53712 , -1.35573
0.239071 , -1.53018 , -1.35167
0.239405 , -1.52612 , -1.34738
0.239739 , -1.52481 , -1.34306
0.240073 , -1.5253 , -1.33895
0.240407 , -1.52613 , -1.33524
0.24074 , -1.52581 , -1.33202
0.241074 , -1.52323 , -1.32927
0.241408 , -1.51801 , -1.32682
0.241742 , -1.51062 , -1.32439
0.242076 , -1.50228 , -1.32171
0.24241 , -1.49453 , -1.31849
0.242744 , -1.48884 , -1.31461
0.243078 , -1.48613 , -1.31004
0.243412 , -1.48645 , -1.30495
0.243746 , -1.48891 , -1.29963
0.244079 , -1.49189 , -1.29446
0.244413 , -1.49343 , -1.28981
0.244747 , -1.49176 , -1.28596
0.245081 , -1.48579 , -1.28305
0.245415 , -1.47546 , -1.28103
0.245749 , -1.46178 , -1.27966
0.246083 , -1.4467 , -1.27857
0.246417 , -1.43257 , -1.27731
0.246751 , -1.42165 , -1.27547
0.247085 , -1.41553 , -1.27275
0.247418 , -1.41473 , -1.26901
0.247752 , -1.41859 , -1.26432
0.248086 , -1.42543 , -1.25892
0.24842 , -1.43299 , -1.25319
0.248754 , -1.43896 , -1.24756
0.249088 , -1.44153 , -1.24242
0.249422 , -1.43985 , -1.23806
0.249756 , -1.43416 , -1.23458
0.25009 , -1.42566 , -1.23191
0.250423 , -1.41619 , -1.22984
0.250757 , -1.40764 , -1.22805
0.251091 , -1.40151 , -1.22619
0.251425 , -1.39849 , -1.22398
0.251759 , -1.3983 , -1.22123
0.252093 , -1.39982 , -1.21792
0.252427 , -1.40143 , -1.21415
0.252761 , -1.40151 , -1.21011
0.253095 , -1.39889 , -1.20608
0.253429 , -1.39319 , -1.20226
0.253762 , -1.38496 , -1.19883
0.254096 , -1.37552 , -1.19582
0.25443 , -1.36658 , -1.19316
0.254764 , -1.35977 , -1.19069
0.255098 , -1.35619 , -1.1882
0.255432 , -1.35605 , -1.1855
0.255766 , -1.35863 , -1.18248
0.2561 , -1.36245 , -1.17912
0.256434 , -1.36561 , -1.17552
0.256768 , -1.36637 , -1.17188
0.257101 , -1.36356 , -1.16841
0.257435 , -1.35693 , -1.16534
0.257769 , -1.34723 , -1.16281
0.258103 , -1.33601 , -1.16081
0.258437 , -1.32519 , -1.15924
0.258771 , -1.31662 , -1.15783
0.259105 , -1.31151 , -1.15628
0.259439 , -1.31019 , -1.15427
0.259773 , -1.31196 , -1.15154
0.260107 , -1.31534 , -1.14797
0.26044 , -1.31846 , -1.14361
0.260774 , -1.31959 , -1.13867
0.261108 , -1.31759 , -1.13349
0.261442 , -1.31228 , -1.12848
0.261776 , -1.30447 , -1.12402
0.26211 , -1.29574 , -1.1204
0.262444 , -1.28805 , -1.11776
0.262778 , -1.28317 , -1.11606
0.263112 , -1.28219 , -1.11507
0.263446 , -1.28519 , -1.11445
0.263779 , -1.29118 , -1.11377
0.264113 , -1.29831 , -1.11267
0.264447 , -1.30431 , -1.11085
0.264781 , -1.30708 , -1.10819
0.265115 , -1.30519 , -1.10473
0.265449 , -1.29827 , -1.10066
0.265783 , -1.28712 , -1.09629
0.266117 , -1.27349 , -1.09195
0.266451 , -1.25966 , -1.08795
0.266784 , -1.24792 , -1.08449
0.267118 , -1.23997 , -1.08164
0.267452 , -1.23656 , -1.07934
0.267786 , -1.23735 , -1.07742
0.26812 , -1.24104 , -1.07564
0.268454 , -1.24575 , -1.07378
0.268788 , -1.24951 , -1.07165
0.269122 , -1.25082 , -1.06918
0.269456 , -1.24894 , -1.06639
0.26979 , -1.2441 , -1.06339
0.270123 , -1.23733 , -1.06037
0.270457 , -1.23011 , -1.05748
0.270791 , -1.22395 , -1.05485
0.271125 , -1.21991 , -1.05252
0.271459 , -1.2183 , -1.05043
0.271793 , -1.21858 , -1.04843
0.272127 , -1.21956 , -1.04633
0.272461 , -1.21974 , -1.04395
0.272795 , -1.21778 , -1.04114
0.273129 , -1.21293 , -1.0379
0.273462 , -1.20529 , -1.0343
0.273796 , -1.19586 , -1.03056
0.27413 , -1.1863 , -1.02695
0.274464 , -1.17856 , -1.02374
0.274798 , -1.17428 , -1.02119
0.275132 , -1.1744 , -1.0194
0.275466 , -1.17884 , -1.01836
0.2758 , -1.18647 , -1.01788
0.276134 , -1.19533 , -1.01768
0.276468 , -1.20312 , -1.01738
0.276801 , -1.2077 , -1.01661
0.277135 , -1.20768 , -1.01509
0.277469 , -1.20269 , -1.01266
0.277803 , -1.1935 , -1.00934
0.278137 , -1.18182 , -1.00529
0.278471 , -1.16986 , -1.00084
0.278805 , -1.15974 , -0.99634
0.279139 , -1.15304 , -0.99217
0.279473 , -1.15036 , -0.988613
0.279807 , -1.15123 , -0.985825
0.28014 , -1.15429 , -0.983806
0.280474 , -1.15765 , -0.982408
0.280808 , -1.15942 , -0.981376
0.281142 , -1.15824 , -0.980408
0.281476 , -1.15361 , -0.979217
0.28181 , -1.14601 , -0.977597
0.282144 , -1.13676 , -0.975453
0.282478 , -1.12767 , -0.972815
0.282812 , -1.12052 , -0.969821
0.283145 , -1.11655 , -0.966673
0.283479 , -1.11621 , -0.963584
0.283813 , -1.11894 , -0.960727
0.284147 , -1.12341 , -0.958193
0.284481 , -1.1278 , -0.95598
0.284815 , -1.13038 , -0.953997
0.285149 , -1.12988 , -0.952097
0.285483 , -1.12589 , -0.950121
0.285817 , -1.11892 , -0.947948
0.286151 , -1.11029 , -0.945528
0.286484 , -1.10174 , -0.942899
0.286818 , -1.09498 , -0.940182
0.287152 , -1.09124 , -0.937552
0.287486 , -1.09093 , -0.935187
0.28782 , -1.09357 , -0.933225
0.288154 , -1.09792 , -0.931716
0.288488 , -1.10235 , -0.930606
0.288822 , -1.10527 , -0.929734
0.289156 , -1.10558 , -0.928865
0.28949 , -1.10299 , -0.927736
0.289823 , -1.09802 , -0.926119
0.290157 , -1.09192 , -0.923869
0.290491 , -1.08625 , -0.92097
0.290825 , -1.08243 , -0.91754
0.291159 , -1.08133 , -0.913819
0.291493 , -1.08299 , -0.910121
0.291827 , -1.08655 , -0.906775
0.292161 , -1.09046 , -0.904055
0.292495 , -1.09288 , -0.902127
0.292829 , -1.09215 , -0.901009
0.293162 , -1.08726 , -0.90057
0.293496 , -1.07817 , -0.900552
0.29383 , -1.06583 , -0.900622
0.294164 , -1.05201 , -0.900438
0.294498 , -1.03891 , -0.899714
0.294832 , -1.0286 , -0.898273
0.295166 , -1.02257 , -0.896075
0.2955 , -1.02138 , -0.893217
0.295834 , -1.0245 , -0.889907
0.296168 , -1.03053 , -0.886411
0.296501 , -1.03751 , -0.882995
0.296835 , -1.04342 , -0.879873
0.297169 , -1.04669 , -0.877166
0.297503 , -1.04653 , -0.874885
0.297837 , -1.04308 , -0.872943
0.298171 , -1.03732 , -0.871186
0.298505 , -1.03075 , -0.869439
0.298839 , -1.02494 , -0.867553
0.299173 , -1.02113 , -0.865442
0.299506 , -1.01991 , -0.8631
0.29984 , -1.02104 , -0.860602
0.300174 , -1.02364 , -0.858077
0.300508 , -1.02639 , -0.855672
0.300842 , -1.02801 , -0.853507
0.301176 , -1.02756 , -0.851643
0.30151 , -1.02481 , -0.850062
0.301844 , -1.02022 , -0.848665
0.302178 , -1.01488 , -0.847304
0.302512 , -1.01018 , -0.845812
0.302845 , -1.00738 , -0.844052
0.303179 , -1.00727 , -0.841958
0.303513 , -1.00988 , -0.839558
0.303847 , -1.01447 , -0.836978
0.304181 , -1.01964 , -0.834419
0.304515 , -1.02371 , -0.83212
0.304849 , -1.02513 , -0.830299
0.305183 , -1.02286 , -0.829104
0.305517 , -1.0167 , -0.828576
0.305851 , -1.00728 , -0.828626
0.306184 , -0.995951 , -0.829044
0.306518 , -0.984455 , -0.829538
0.306852 , -0.974468 , -0.82978
0.307186 , -0.967214 , -0.829477
0.30752 , -0.963182 , -0.828416
0.307854 , -0.962041 , -0.826515
0.308188 , -0.962778 , -0.823829
0.308522 , -0.964011 , -0.820543
0.308856 , -0.964392 , -0.816928
0.30919 , -0.962992 , -0.813294
0.309523 , -0.95956 , -0.809922
0.309857 , -0.954592 , -0.807018
0.310191 , -0.949192 , -0.804678
0.310525 , -0.944748 , -0.802878
0.310859 , -0.942544 , -0.801491
0.311193 , -0.943373 , -0.800324
0.311527 , -0.947294 , -0.799165
0.311861 , -0.953569 , -0.797836
0.312195 , -0.960825 , -0.796223
0.312529 , -0.967375 , -0.794302
0.312862 , -0.971634 , -0.792134
0.313196 , -0.972516 , -0.789841
0.31353 , -0.9697 , -0.787572
0.313864 , -0.963709 , -0.785462
0.314198 , -0.955777 , -0.783597
0.314532 , -0.947537 , -0.781995
0.314866 , -0.940621 , -0.780604
0.3152 , -0.936263 , -0.77932
0.315534 , -0.935024 , -0.77802
0.315868 , -0.936679 , -0.776595
0.316201 , -0.940326 , -0.774986
0.316535 , -0.944642 , -0.773202
0.316869 , -0.94824 , -0.771322
0.317203 , -0.950026 , -0.769478
0.317537 , -0.949445 , -0.767821
0.317871 , -0.946575 , -0.766483
0.318205 , -0.94204 , -0.765533
0.318539 , -0.936773 , -0.764956
0.318873 , -0.931712 , -0.764643
0.319206 , -0.927502 , -0.764404
0.31954 , -0.924311 , -0.764005
0.319874 , -0.92179 , -0.763212
0.320208 , -0.919204 , -0.761842
0.320542 , -0.91569 , -0.759805
0.320876 , -0.910565 , -0.757129
0.32121 , -0.903592 , -0.753957
0.321544 , -0.895138 , -0.750528
0.321878 , -0.886146 , -0.747131
0.322212 , -0.877951 , -0.744052
0.322545 , -0.871965 , -0.741521
0.322879 , -0.869315 , -0.739667
0.323213 , -0.870532 , -0.738499
0.323547 , -0.875387 , -0.737906
0.323881 , -0.882894 , -0.737685
0.324215 , -0.891514 , -0.737581
0.324549 , -0.899496 , -0.737342
0.324883 , -0.905269 , -0.736767
0.325217 , -0.907798 , -0.735738
0.325551 , -0.906802 , -0.734244
0.325884 , -0.902793 , -0.732363
0.326218 , -0.896911 , -0.730249
0.326552 , -0.890628 , -0.728083
0.326886 , -0.885362 , -0.726036
0.32722 , -0.882138 , -0.724232
0.327554 , -0.881353 , -0.722724
0.327888 , -0.882716 , -0.721491
0.328222 , -0.88537 , -0.720453
0.328556 , -0.888151 , -0.719496
0.32889 , -0.88992 , -0.718507
0.329223 , -0.889871 , -0.7174
0.329557 , -0.88773 , -0.716145
0.329891 , -0.883809 , -0.714764
0.330225 , -0.878885 , -0.713326
0.330559 , -0.873963 , -0.711921
0.330893 , -0.869975 , -0.710629
0.331227 , -0.867516 , -0.709492
0.331561 , -0.866677 , -0.708496
0.331895 , -0.86703 , -0.707566
0.332229 , -0.867761 , -0.706576
0.332562 , -0.867912 , -0.705382
0.332896 , -0.866669 , -0.70385
0.33323 , -0.863604 , -0.701902
0.333564 , -0.858808 , -0.699531
