0 , 5.85606e+190 , 1.03394e+186
3.33898e-06 , 5.85606e+190 , 1.03394e+186
6.67796e-06 , 5.85606e+190 , 1.03394e+186
1.00169e-05 , 5.85606e+190 , 1.03394e+186
1.33559e-05 , 5.85606e+190 , 1.03394e+186
1.66949e-05 , 5.85606e+190 , 1.03394e+186
2.00339e-05 , 5.85606e+190 , 1.03394e+186
2.33729e-05 , 5.85606e+190 , 1.03394e+186
2.67118e-05 , 5.85606e+190 , 1.03394e+186
3.00508e-05 , 5.85606e+190 , 1.03394e+186
3.33898e-05 , 5.85606e+190 , 1.03394e+186
3.67288e-05 , 5.85606e+190 , 1.03394e+186
4.00678e-05 , 5.85606e+190 , 1.03394e+186
4.34067e-05 , 5.85606e+190 , 1.03394e+186
4.67457e-05 , 5.85606e+190 , 1.03394e+186
5.00847e-05 , 5.85606e+190 , 1.03394e+186
5.34237e-05 , 5.85606e+190 , 1.03394e+186
5.67627e-05 , 5.85606e+190 , 1.03394e+186
6.01016e-05 , 5.85606e+190 , 1.03394e+186
6.34406e-05 , 5.85606e+190 , 1.03394e+186
6.67796e-05 , 5.85606e+190 , 1.03394e+186
7.01186e-05 , 5.85606e+190 , 1.03394e+186
7.34576e-05 , 5.85606e+190 , 1.03394e+186
7.67965e-05 , 5.85606e+190 , 1.03394e+186
8.01355e-05 , 5.85606e+190 , 1.03394e+186
8.34745e-05 , 5.85606e+190 , 1.03394e+186
8.68135e-05 , 5.85606e+190 , 1.03394e+186
9.01525e-05 , 5.85606e+190 , 1.03394e+186
9.34914e-05 , 5.85606e+190 , 1.03394e+186
9.68304e-05 , 5.85606e+190 , 1.03394e+186
0.000100169 , 5.85606e+190 , 1.03394e+186
0.000103508 , 5.85605e+190 , 1.03394e+186
0.000106847 , 5.85605e+190 , 1.03394e+186
0.000110186 , 5.85605e+190 , 1.03394e+186
0.000113525 , 5.85605e+190 , 1.03394e+186
0.000116864 , 5.85605e+190 , 1.03394e+186
0.000120203 , 5.85605e+190 , 1.03394e+186
0.000123542 , 5.85605e+190 , 1.03394e+186
0.000126881 , 5.85605e+190 , 1.03394e+186
0.00013022 , 5.85605e+190 , 1.03394e+186
0.000133559 , 5.85605e+190 , 1.03394e+186
0.000136898 , 5.85605e+190 , 1.03394e+186
0.000140237 , 5.85605e+190 , 1.03393e+186
0.000143576 , 5.85605e+190 , 1.03393e+186
0.000146915 , 5.85605e+190 , 1.03393e+186
0.000150254 , 5.85604e+190 , 1.03393e+186
0.000153593 , 5.85604e+190 , 1.03393e+186
0.000156932 , 5.85604e+190 , 1.03393e+186
0.000160271 , 5.85604e+190 , 1.03393e+186
0.00016361 , 5.85604e+190 , 1.03393e+186
0.000166949 , 5.85604e+190 , 1.03393e+186
0.000170288 , 5.85604e+190 , 1.03393e+186
0.000173627 , 5.85604e+190 , 1.03393e+186
0.000176966 , 5.85604e+190 , 1.03393e+186
0.000180305 , 5.85604e+190 , 1.03393e+186
0.000183644 , 5.85604e+190 , 1.03393e+186
0.000186983 , 5.85604e+190 , 1.03393e+186
0.000190322 , 5.85603e+190 , 1.03393e+186
0.000193661 , 5.85603e+190 , 1.03393e+186
0.000197 , 5.85603e+190 , 1.03393e+186
0.000200339 , 5.85603e+190 , 1.03393e+186
0.000203678 , 5.85603e+190 , 1.03393e+186
0.000207017 , 5.85603e+190 , 1.03393e+186
0.000210356 , 5.85603e+190 , 1.03393e+186
0.000213695 , 5.85603e+190 , 1.03393e+186
0.000217034 , 5.85603e+190 , 1.03393e+186
0.000220373 , 5.85602e+190 , 1.03393e+186
0.000223712 , 5.85602e+190 , 1.03393e+186
0.000227051 , 5.85602e+190 , 1.03393e+186
0.00023039 , 5.85602e+190 , 1.03393e+186
0.000233729 , 5.85602e+190 , 1.03393e+186
0.000237068 , 5.85602e+190 , 1.03393e+186
0.000240407 , 5.85602e+190 , 1.03393e+186
0.000243746 , 5.85602e+190 , 1.03393e+186
0.000247085 , 5.85601e+190 , 1.03393e+186
0.000250423 , 5.85601e+190 , 1.03393e+186
0.000253762 , 5.85601e+190 , 1.03393e+186
0.000257101 , 5.85601e+190 , 1.03393e+186
0.00026044 , 5.85601e+190 , 1.03393e+186
0.000263779 , 5.85601e+190 , 1.03393e+186
0.000267118 , 5.85601e+190 , 1.03393e+186
0.000270457 , 5.85601e+190 , 1.03393e+186
0.000273796 , 5.856e+190 , 1.03393e+186
0.000277135 , 5.856e+190 , 1.03393e+186
0.000280474 , 5.856e+190 , 1.03393e+186
0.000283813 , 5.856e+190 , 1.03393e+186
0.000287152 , 5.856e+190 , 1.03393e+186
0.000290491 , 5.856e+190 , 1.03393e+186
0.00029383 , 5.85599e+190 , 1.03393e+186
0.000297169 , 5.85599e+190 , 1.03393e+186
0.000300508 , 5.85599e+190 , 1.03393e+186
0.000303847 , 5.85599e+190 , 1.03393e+186
0.000307186 , 5.85599e+190 , 1.03393e+186
0.000310525 , 5.85599e+190 , 1.03393e+186
0.000313864 , 5.85599e+190 , 1.03392e+186
0.000317203 , 5.85598e+190 , 1.03392e+186
0.000320542 , 5.85598e+190 , 1.03392e+186
0.000323881 , 5.85598e+190 , 1.03392e+186
0.00032722 , 5.85598e+190 , 1.03392e+186
0.000330559 , 5.85598e+190 , 1.03392e+186
0.000333898 , 5.85598e+190 , 1.03392e+186
0.000337237 , 5.85597e+190 , 1.03392e+186
0.000340576 , 5.85597e+190 , 1.03392e+186
0.000343915 , 5.85597e+190 , 1.03392e+186
0.000347254 , 5.85597e+190 , 1.03392e+186
0.000350593 , 5.85597e+190 , 1.03392e+186
0.000353932 , 5.85596e+190 , 1.03392e+186
0.000357271 , 5.85596e+190 , 1.03392e+186
0.00036061 , 5.85596e+190 , 1.03392e+186
0.000363949 , 5.85596e+190 , 1.03392e+186
0.000367288 , 5.85596e+190 , 1.03392e+186
0.000370627 , 5.85595e+190 , 1.03392e+186
0.000373966 , 5.85595e+190 , 1.03392e+186
0.000377305 , 5.85595e+190 , 1.03392e+186
0.000380644 , 5.85595e+190 , 1.03392e+186
0.000383983 , 5.85595e+190 , 1.03392e+186
0.000387322 , 5.85595e+190 , 1.03392e+186
0.000390661 , 5.85594e+190 , 1.03392e+186
0.000394 , 5.85594e+190 , 1.03392e+186
0.000397339 , 5.85594e+190 , 1.03392e+186
0.000400678 , 5.85594e+190 , 1.03392e+186
0.000404017 , 5.85593e+190 , 1.03392e+186
0.000407356 , 5.85593e+190 , 1.03392e+186
0.000410695 , 5.85593e+190 , 1.03392e+186
0.000414034 , 5.85593e+190 , 1.03392e+186
0.000417372 , 5.85593e+190 , 1.03392e+186
0.000420711 , 5.85592e+190 , 1.03391e+186
0.00042405 , 5.85592e+190 , 1.03391e+186
0.000427389 , 5.85592e+190 , 1.03391e+186
0.000430728 , 5.85592e+190 , 1.03391e+186
0.000434067 , 5.85592e+190 , 1.03391e+186
0.000437406 , 5.85591e+190 , 1.03391e+186
0.000440745 , 5.85591e+190 , 1.03391e+186
0.000444084 , 5.85591e+190 , 1.03391e+186
0.000447423 , 5.85591e+190 , 1.03391e+186
0.000450762 , 5.8559e+190 , 1.03391e+186
0.000454101 , 5.8559e+190 , 1.03391e+186
0.00045744 , 5.8559e+190 , 1.03391e+186
0.000460779 , 5.8559e+190 , 1.03391e+186
0.000464118 , 5.85589e+190 , 1.03391e+186
0.000467457 , 5.85589e+190 , 1.03391e+186
0.000470796 , 5.85589e+190 , 1.03391e+186
0.000474135 , 5.85589e+190 , 1.03391e+186
0.000477474 , 5.85588e+190 , 1.03391e+186
0.000480813 , 5.85588e+190 , 1.03391e+186
0.000484152 , 5.85588e+190 , 1.03391e+186
0.000487491 , 5.85588e+190 , 1.03391e+186
0.00049083 , 5.85587e+190 , 1.03391e+186
0.000494169 , 5.85587e+190 , 1.03391e+186
0.000497508 , 5.85587e+190 , 1.03391e+186
0.000500847 , 5.85587e+190 , 1.03391e+186
0.000504186 , 5.85586e+190 , 1.0339e+186
0.000507525 , 5.85586e+190 , 1.0339e+186
0.000510864 , 5.85586e+190 , 1.0339e+186
0.000514203 , 5.85586e+190 , 1.0339e+186
0.000517542 , 5.85585e+190 , 1.0339e+186
0.000520881 , 5.85585e+190 , 1.0339e+186
0.00052422 , 5.85585e+190 , 1.0339e+186
0.000527559 , 5.85585e+190 , 1.0339e+186
0.000530898 , 5.85584e+190 , 1.0339e+186
0.000534237 , 5.85584e+190 , 1.0339e+186
0.000537576 , 5.85584e+190 , 1.0339e+186
0.000540915 , 5.85583e+190 , 1.0339e+186
0.000544254 , 5.85583e+190 , 1.0339e+186
0.000547593 , 5.85583e+190 , 1.0339e+186
0.000550932 , 5.85583e+190 , 1.0339e+186
0.000554271 , 5.85582e+190 , 1.0339e+186
0.00055761 , 5.85582e+190 , 1.0339e+186
0.000560949 , 5.85582e+190 , 1.0339e+186
0.000564288 , 5.85581e+190 , 1.0339e+186
0.000567627 , 5.85581e+190 , 1.0339e+186
0.000570966 , 5.85581e+190 , 1.0339e+186
0.000574305 , 5.85581e+190 , 1.0339e+186
0.000577644 , 5.8558e+190 , 1.03389e+186
0.000580983 , 5.8558e+190 , 1.03389e+186
0.000584321 , 5.8558e+190 , 1.03389e+186
0.00058766 , 5.85579e+190 , 1.03389e+186
0.000590999 , 5.85579e+190 , 1.03389e+186
0.000594338 , 5.85579e+190 , 1.03389e+186
0.000597677 , 5.85578e+190 , 1.03389e+186
0.000601016 , 5.85578e+190 , 1.03389e+186
0.000604355 , 5.85578e+190 , 1.03389e+186
0.000607694 , 5.85577e+190 , 1.03389e+186
0.000611033 , 5.85577e+190 , 1.03389e+186
0.000614372 , 5.85577e+190 , 1.03389e+186
0.000617711 , 5.85577e+190 , 1.03389e+186
0.00062105 , 5.85576e+190 , 1.03389e+186
0.000624389 , 5.85576e+190 , 1.03389e+186
0.000627728 , 5.85576e+190 , 1.03389e+186
0.000631067 , 5.85575e+190 , 1.03389e+186
0.000634406 , 5.85575e+190 , 1.03389e+186
0.000637745 , 5.85575e+190 , 1.03389e+186
0.000641084 , 5.85574e+190 , 1.03388e+186
0.000644423 , 5.85574e+190 , 1.03388e+186
0.000647762 , 5.85574e+190 , 1.03388e+186
0.000651101 , 5.85573e+190 , 1.03388e+186
0.00065444 , 5.85573e+190 , 1.03388e+186
0.000657779 , 5.85573e+190 , 1.03388e+186
0.000661118 , 5.85572e+190 , 1.03388e+186
0.000664457 , 5.85572e+190 , 1.03388e+186
0.000667796 , 5.85572e+190 , 1.03388e+186
0.000671135 , 5.85571e+190 , 1.03388e+186
0.000674474 , 5.85571e+190 , 1.03388e+186
0.000677813 , 5.85571e+190 , 1.03388e+186
0.000681152 , 5.8557e+190 , 1.03388e+186
0.000684491 , 5.8557e+190 , 1.03388e+186
0.00068783 , 5.85569e+190 , 1.03388e+186
0.000691169 , 5.85569e+190 , 1.03388e+186
0.000694508 , 5.85569e+190 , 1.03388e+186
0.000697847 , 5.85568e+190 , 1.03388e+186
0.000701186 , 5.85568e+190 , 1.03387e+186
0.000704525 , 5.85568e+190 , 1.03387e+186
0.000707864 , 5.85567e+190 , 1.03387e+186
0.000711203 , 5.85567e+190 , 1.03387e+186
0.000714542 , 5.85567e+190 , 1.03387e+186
0.000717881 , 5.85566e+190 , 1.03387e+186
0.00072122 , 5.85566e+190 , 1.03387e+186
0.000724559 , 5.85565e+190 , 1.03387e+186
0.000727898 , 5.85565e+190 , 1.03387e+186
0.000731237 , 5.85565e+190 , 1.03387e+186
0.000734576 , 5.85564e+190 , 1.03387e+186
0.000737915 , 5.85564e+190 , 1.03387e+186
0.000741254 , 5.85564e+190 , 1.03387e+186
0.000744593 , 5.85563e+190 , 1.03387e+186
0.000747932 , 5.85563e+190 , 1.03387e+186
0.00075127 , 5.85562e+190 , 1.03387e+186
0.000754609 , 5.85562e+190 , 1.03386e+186
0.000757948 , 5.85562e+190 , 1.03386e+186
0.000761287 , 5.85561e+190 , 1.03386e+186
0.000764626 , 5.85561e+190 , 1.03386e+186
0.000767965 , 5.8556e+190 , 1.03386e+186
0.000771304 , 5.8556e+190 , 1.03386e+186
0.000774643 , 5.8556e+190 , 1.03386e+186
0.000777982 , 5.85559e+190 , 1.03386e+186
0.000781321 , 5.85559e+190 , 1.03386e+186
0.00078466 , 5.85558e+190 , 1.03386e+186
0.000787999 , 5.85558e+190 , 1.03386e+186
0.000791338 , 5.85558e+190 , 1.03386e+186
0.000794677 , 5.85557e+190 , 1.03386e+186
0.000798016 , 5.85557e+190 , 1.03386e+186
0.000801355 , 5.85556e+190 , 1.03386e+186
0.000804694 , 5.85556e+190 , 1.03385e+186
0.000808033 , 5.85556e+190 , 1.03385e+186
0.000811372 , 5.85555e+190 , 1.03385e+186
0.000814711 , 5.85555e+190 , 1.03385e+186
0.00081805 , 5.85554e+190 , 1.03385e+186
0.000821389 , 5.85554e+190 , 1.03385e+186
0.000824728 , 5.85553e+190 , 1.03385e+186
0.000828067 , 5.85553e+190 , 1.03385e+186
0.000831406 , 5.85553e+190 , 1.03385e+186
0.000834745 , 5.85552e+190 , 1.03385e+186
0.000838084 , 5.85552e+190 , 1.03385e+186
0.000841423 , 5.85551e+190 , 1.03385e+186
0.000844762 , 5.85551e+190 , 1.03385e+186
0.000848101 , 5.8555e+190 , 1.03385e+186
0.00085144 , 5.8555e+190 , 1.03384e+186
0.000854779 , 5.8555e+190 , 1.03384e+186
0.000858118 , 5.85549e+190 , 1.03384e+186
0.000861457 , 5.85549e+190 , 1.03384e+186
0.000864796 , 5.85548e+190 , 1.03384e+186
0.000868135 , 5.85548e+190 , 1.03384e+186
0.000871474 , 5.85547e+190 , 1.03384e+186
0.000874813 , 5.85547e+190 , 1.03384e+186
0.000878152 , 5.85546e+190 , 1.03384e+186
0.000881491 , 5.85546e+190 , 1.03384e+186
0.00088483 , 5.85546e+190 , 1.03384e+186
0.000888169 , 5.85545e+190 , 1.03384e+186
0.000891508 , 5.85545e+190 , 1.03384e+186
0.000894847 , 5.85544e+190 , 1.03383e+186
0.000898186 , 5.85544e+190 , 1.03383e+186
0.000901525 , 5.85543e+190 , 1.03383e+186
0.000904864 , 5.85543e+190 , 1.03383e+186
0.000908203 , 5.85542e+190 , 1.03383e+186
0.000911542 , 5.85542e+190 , 1.03383e+186
0.000914881 , 5.85541e+190 , 1.03383e+186
0.000918219 , 5.85541e+190 , 1.03383e+186
0.000921558 , 5.8554e+190 , 1.03383e+186
0.000924897 , 5.8554e+190 , 1.03383e+186
0.000928236 , 5.85539e+190 , 1.03383e+186
0.000931575 , 5.85539e+190 , 1.03383e+186
0.000934914 , 5.85538e+190 , 1.03383e+186
0.000938253 , 5.85538e+190 , 1.03382e+186
0.000941592 , 5.85538e+190 , 1.03382e+186
0.000944931 , 5.85537e+190 , 1.03382e+186
0.00094827 , 5.85537e+190 , 1.03382e+186
0.000951609 , 5.85536e+190 , 1.03382e+186
0.000954948 , 5.85536e+190 , 1.03382e+186
0.000958287 , 5.85535e+190 , 1.03382e+186
0.000961626 , 5.85535e+190 , 1.03382e+186
0.000964965 , 5.85534e+190 , 1.03382e+186
0.000968304 , 5.85534e+190 , 1.03382e+186
0.000971643 , 5.85533e+190 , 1.03382e+186
0.000974982 , 5.85533e+190 , 1.03382e+186
0.000978321 , 5.85532e+190 , 1.03381e+186
0.00098166 , 5.85532e+190 , 1.03381e+186
0.000984999 , 5.85531e+190 , 1.03381e+186
0.000988338 , 5.85531e+190 , 1.03381e+186
0.000991677 , 5.8553e+190 , 1.03381e+186
0.000995016 , 5.8553e+190 , 1.03381e+186
0.000998355 , 5.85529e+190 , 1.03381e+186
0.00100169 , 5.85528e+190 , 1.03381e+186
0.00100503 , 5.85528e+190 , 1.03381e+186
0.00100837 , 5.85527e+190 , 1.03381e+186
0.00101171 , 5.85527e+190 , 1.03381e+186
0.00101505 , 5.85526e+190 , 1.03381e+186
0.00101839 , 5.85526e+190 , 1.0338e+186
0.00102173 , 5.85525e+190 , 1.0338e+186
0.00102507 , 5.85525e+190 , 1.0338e+186
0.00102841 , 5.85524e+190 , 1.0338e+186
0.00103174 , 5.85524e+190 , 1.0338e+186
0.00103508 , 5.85523e+190 , 1.0338e+186
0.00103842 , 5.85523e+190 , 1.0338e+186
0.00104176 , 5.85522e+190 , 1.0338e+186
0.0010451 , 5.85522e+190 , 1.0338e+186
0.00104844 , 5.85521e+190 , 1.0338e+186
0.00105178 , 5.85521e+190 , 1.0338e+186
0.00105512 , 5.8552e+190 , 1.03379e+186
0.00105846 , 5.85519e+190 , 1.03379e+186
0.0010618 , 5.85519e+190 , 1.03379e+186
0.00106513 , 5.85518e+190 , 1.03379e+186
0.00106847 , 5.85518e+190 , 1.03379e+186
0.00107181 , 5.85517e+190 , 1.03379e+186
0.00107515 , 5.85517e+190 , 1.03379e+186
0.00107849 , 5.85516e+190 , 1.03379e+186
0.00108183 , 5.85516e+190 , 1.03379e+186
0.00108517 , 5.85515e+190 , 1.03379e+186
0.00108851 , 5.85515e+190 , 1.03379e+186
0.00109185 , 5.85514e+190 , 1.03378e+186
0.00109519 , 5.85513e+190 , 1.03378e+186
0.00109852 , 5.85513e+190 , 1.03378e+186
0.00110186 , 5.85512e+190 , 1.03378e+186
0.0011052 , 5.85512e+190 , 1.03378e+186
0.00110854 , 5.85511e+190 , 1.03378e+186
0.00111188 , 5.85511e+190 , 1.03378e+186
0.00111522 , 5.8551e+190 , 1.03378e+186
0.00111856 , 5.85509e+190 , 1.03378e+186
0.0011219 , 5.85509e+190 , 1.03378e+186
0.00112524 , 5.85508e+190 , 1.03377e+186
0.00112858 , 5.85508e+190 , 1.03377e+186
0.00113191 , 5.85507e+190 , 1.03377e+186
0.00113525 , 5.85506e+190 , 1.03377e+186
0.00113859 , 5.85506e+190 , 1.03377e+186
0.00114193 , 5.85505e+190 , 1.03377e+186
0.00114527 , 5.85505e+190 , 1.03377e+186
0.00114861 , 5.85504e+190 , 1.03377e+186
0.00115195 , 5.85504e+190 , 1.03377e+186
0.00115529 , 5.85503e+190 , 1.03377e+186
0.00115863 , 5.85502e+190 , 1.03376e+186
0.00116197 , 5.85502e+190 , 1.03376e+186
0.0011653 , 5.85501e+190 , 1.03376e+186
0.00116864 , 5.85501e+190 , 1.03376e+186
0.00117198 , 5.855e+190 , 1.03376e+186
0.00117532 , 5.85499e+190 , 1.03376e+186
0.00117866 , 5.85499e+190 , 1.03376e+186
0.001182 , 5.85498e+190 , 1.03376e+186
0.00118534 , 5.85498e+190 , 1.03376e+186
0.00118868 , 5.85497e+190 , 1.03376e+186
0.00119202 , 5.85496e+190 , 1.03375e+186
0.00119535 , 5.85496e+190 , 1.03375e+186
0.00119869 , 5.85495e+190 , 1.03375e+186
0.00120203 , 5.85494e+190 , 1.03375e+186
0.00120537 , 5.85494e+190 , 1.03375e+186
0.00120871 , 5.85493e+190 , 1.03375e+186
0.00121205 , 5.85493e+190 , 1.03375e+186
0.00121539 , 5.85492e+190 , 1.03375e+186
0.00121873 , 5.85491e+190 , 1.03375e+186
0.00122207 , 5.85491e+190 , 1.03375e+186
0.00122541 , 5.8549e+190 , 1.03374e+186
0.00122874 , 5.85489e+190 , 1.03374e+186
0.00123208 , 5.85489e+190 , 1.03374e+186
0.00123542 , 5.85488e+190 , 1.03374e+186
0.00123876 , 5.85488e+190 , 1.03374e+186
0.0012421 , 5.85487e+190 , 1.03374e+186
0.00124544 , 5.85486e+190 , 1.03374e+186
0.00124878 , 5.85486e+190 , 1.03374e+186
0.00125212 , 5.85485e+190 , 1.03374e+186
0.00125546 , 5.85484e+190 , 1.03373e+186
0.0012588 , 5.85484e+190 , 1.03373e+186
0.00126213 , 5.85483e+190 , 1.03373e+186
0.00126547 , 5.85482e+190 , 1.03373e+186
0.00126881 , 5.85482e+190 , 1.03373e+186
0.00127215 , 5.85481e+190 , 1.03373e+186
0.00127549 , 5.8548e+190 , 1.03373e+186
0.00127883 , 5.8548e+190 , 1.03373e+186
0.00128217 , 5.85479e+190 , 1.03373e+186
0.00128551 , 5.85478e+190 , 1.03373e+186
0.00128885 , 5.85478e+190 , 1.03372e+186
0.00129219 , 5.85477e+190 , 1.03372e+186
0.00129552 , 5.85476e+190 , 1.03372e+186
0.00129886 , 5.85476e+190 , 1.03372e+186
0.0013022 , 5.85475e+190 , 1.03372e+186
0.00130554 , 5.85474e+190 , 1.03372e+186
0.00130888 , 5.85474e+190 , 1.03372e+186
0.00131222 , 5.85473e+190 , 1.03372e+186
0.00131556 , 5.85472e+190 , 1.03372e+186
0.0013189 , 5.85472e+190 , 1.03371e+186
0.00132224 , 5.85471e+190 , 1.03371e+186
0.00132558 , 5.8547e+190 , 1.03371e+186
0.00132891 , 5.8547e+190 , 1.03371e+186
0.00133225 , 5.85469e+190 , 1.03371e+186
0.00133559 , 5.85468e+190 , 1.03371e+186
0.00133893 , 5.85468e+190 , 1.03371e+186
0.00134227 , 5.85467e+190 , 1.03371e+186
0.00134561 , 5.85466e+190 , 1.0337e+186
0.00134895 , 5.85466e+190 , 1.0337e+186
0.00135229 , 5.85465e+190 , 1.0337e+186
0.00135563 , 5.85464e+190 , 1.0337e+186
0.00135896 , 5.85464e+190 , 1.0337e+186
0.0013623 , 5.85463e+190 , 1.0337e+186
0.00136564 , 5.85462e+190 , 1.0337e+186
0.00136898 , 5.85461e+190 , 1.0337e+186
0.00137232 , 5.85461e+190 , 1.0337e+186
0.00137566 , 5.8546e+190 , 1.03369e+186
0.001379 , 5.85459e+190 , 1.03369e+186
0.00138234 , 5.85459e+190 , 1.03369e+186
0.00138568 , 5.85458e+190 , 1.03369e+186
0.00138902 , 5.85457e+190 , 1.03369e+186
0.00139235 , 5.85456e+190 , 1.03369e+186
0.00139569 , 5.85456e+190 , 1.03369e+186
0.00139903 , 5.85455e+190 , 1.03369e+186
0.00140237 , 5.85454e+190 , 1.03368e+186
0.00140571 , 5.85454e+190 , 1.03368e+186
0.00140905 , 5.85453e+190 , 1.03368e+186
0.00141239 , 5.85452e+190 , 1.03368e+186
0.00141573 , 5.85451e+190 , 1.03368e+186
0.00141907 , 5.85451e+190 , 1.03368e+186
0.00142241 , 5.8545e+190 , 1.03368e+186
0.00142574 , 5.85449e+190 , 1.03368e+186
0.00142908 , 5.85448e+190 , 1.03367e+186
0.00143242 , 5.85448e+190 , 1.03367e+186
0.00143576 , 5.85447e+190 , 1.03367e+186
0.0014391 , 5.85446e+190 , 1.03367e+186
0.00144244 , 5.85446e+190 , 1.03367e+186
0.00144578 , 5.85445e+190 , 1.03367e+186
0.00144912 , 5.85444e+190 , 1.03367e+186
0.00145246 , 5.85443e+190 , 1.03367e+186
0.0014558 , 5.85443e+190 , 1.03367e+186
0.00145913 , 5.85442e+190 , 1.03366e+186
0.00146247 , 5.85441e+190 , 1.03366e+186
0.00146581 , 5.8544e+190 , 1.03366e+186
0.00146915 , 5.8544e+190 , 1.03366e+186
0.00147249 , 5.85439e+190 , 1.03366e+186
0.00147583 , 5.85438e+190 , 1.03366e+186
0.00147917 , 5.85437e+190 , 1.03366e+186
0.00148251 , 5.85437e+190 , 1.03365e+186
0.00148585 , 5.85436e+190 , 1.03365e+186
0.00148919 , 5.85435e+190 , 1.03365e+186
0.00149252 , 5.85434e+190 , 1.03365e+186
0.00149586 , 5.85433e+190 , 1.03365e+186
0.0014992 , 5.85433e+190 , 1.03365e+186
0.00150254 , 5.85432e+190 , 1.03365e+186
0.00150588 , 5.85431e+190 , 1.03365e+186
0.00150922 , 5.8543e+190 , 1.03364e+186
0.00151256 , 5.8543e+190 , 1.03364e+186
0.0015159 , 5.85429e+190 , 1.03364e+186
0.00151924 , 5.85428e+190 , 1.03364e+186
0.00152257 , 5.85427e+190 , 1.03364e+186
0.00152591 , 5.85426e+190 , 1.03364e+186
0.00152925 , 5.85426e+190 , 1.03364e+186
0.00153259 , 5.85425e+190 , 1.03364e+186
0.00153593 , 5.85424e+190 , 1.03363e+186
0.00153927 , 5.85423e+190 , 1.03363e+186
0.00154261 , 5.85423e+190 , 1.03363e+186
0.00154595 , 5.85422e+190 , 1.03363e+186
0.00154929 , 5.85421e+190 , 1.03363e+186
0.00155263 , 5.8542e+190 , 1.03363e+186
0.00155596 , 5.85419e+190 , 1.03363e+186
0.0015593 , 5.85419e+190 , 1.03362e+186
0.00156264 , 5.85418e+190 , 1.03362e+186
0.00156598 , 5.85417e+190 , 1.03362e+186
0.00156932 , 5.85416e+190 , 1.03362e+186
0.00157266 , 5.85415e+190 , 1.03362e+186
0.001576 , 5.85415e+190 , 1.03362e+186
0.00157934 , 5.85414e+190 , 1.03362e+186
0.00158268 , 5.85413e+190 , 1.03362e+186
0.00158602 , 5.85412e+190 , 1.03361e+186
0.00158935 , 5.85411e+190 , 1.03361e+186
0.00159269 , 5.8541e+190 , 1.03361e+186
0.00159603 , 5.8541e+190 , 1.03361e+186
0.00159937 , 5.85409e+190 , 1.03361e+186
0.00160271 , 5.85408e+190 , 1.03361e+186
0.00160605 , 5.85407e+190 , 1.03361e+186
0.00160939 , 5.85406e+190 , 1.0336e+186
0.00161273 , 5.85405e+190 , 1.0336e+186
0.00161607 , 5.85405e+190 , 1.0336e+186
0.00161941 , 5.85404e+190 , 1.0336e+186
0.00162274 , 5.85403e+190 , 1.0336e+186
0.00162608 , 5.85402e+190 , 1.0336e+186
0.00162942 , 5.85401e+190 , 1.0336e+186
0.00163276 , 5.854e+190 , 1.03359e+186
0.0016361 , 5.854e+190 , 1.03359e+186
0.00163944 , 5.85399e+190 , 1.03359e+186
0.00164278 , 5.85398e+190 , 1.03359e+186
0.00164612 , 5.85397e+190 , 1.03359e+186
0.00164946 , 5.85396e+190 , 1.03359e+186
0.0016528 , 5.85395e+190 , 1.03359e+186
0.00165613 , 5.85395e+190 , 1.03358e+186
0.00165947 , 5.85394e+190 , 1.03358e+186
0.00166281 , 5.85393e+190 , 1.03358e+186
0.00166615 , 5.85392e+190 , 1.03358e+186
0.00166949 , 5.85391e+190 , 1.03358e+186
0.00167283 , 5.8539e+190 , 1.03358e+186
0.00167617 , 5.85389e+190 , 1.03358e+186
0.00167951 , 5.85389e+190 , 1.03357e+186
0.00168285 , 5.85388e+190 , 1.03357e+186
0.00168618 , 5.85387e+190 , 1.03357e+186
0.00168952 , 5.85386e+190 , 1.03357e+186
0.00169286 , 5.85385e+190 , 1.03357e+186
0.0016962 , 5.85384e+190 , 1.03357e+186
0.00169954 , 5.85383e+190 , 1.03357e+186
0.00170288 , 5.85383e+190 , 1.03356e+186
0.00170622 , 5.85382e+190 , 1.03356e+186
0.00170956 , 5.85381e+190 , 1.03356e+186
0.0017129 , 5.8538e+190 , 1.03356e+186
0.00171624 , 5.85379e+190 , 1.03356e+186
0.00171957 , 5.85378e+190 , 1.03356e+186
0.00172291 , 5.85377e+190 , 1.03356e+186
0.00172625 , 5.85376e+190 , 1.03355e+186
0.00172959 , 5.85375e+190 , 1.03355e+186
0.00173293 , 5.85375e+190 , 1.03355e+186
0.00173627 , 5.85374e+190 , 1.03355e+186
0.00173961 , 5.85373e+190 , 1.03355e+186
0.00174295 , 5.85372e+190 , 1.03355e+186
0.00174629 , 5.85371e+190 , 1.03355e+186
0.00174963 , 5.8537e+190 , 1.03354e+186
0.00175296 , 5.85369e+190 , 1.03354e+186
0.0017563 , 5.85368e+190 , 1.03354e+186
0.00175964 , 5.85367e+190 , 1.03354e+186
0.00176298 , 5.85366e+190 , 1.03354e+186
0.00176632 , 5.85366e+190 , 1.03354e+186
0.00176966 , 5.85365e+190 , 1.03353e+186
0.001773 , 5.85364e+190 , 1.03353e+186
0.00177634 , 5.85363e+190 , 1.03353e+186
0.00177968 , 5.85362e+190 , 1.03353e+186
0.00178302 , 5.85361e+190 , 1.03353e+186
0.00178635 , 5.8536e+190 , 1.03353e+186
0.00178969 , 5.85359e+190 , 1.03353e+186
0.00179303 , 5.85358e+190 , 1.03352e+186
0.00179637 , 5.85357e+190 , 1.03352e+186
0.00179971 , 5.85356e+190 , 1.03352e+186
0.00180305 , 5.85356e+190 , 1.03352e+186
0.00180639 , 5.85355e+190 , 1.03352e+186
0.00180973 , 5.85354e+190 , 1.03352e+186
0.00181307 , 5.85353e+190 , 1.03351e+186
0.00181641 , 5.85352e+190 , 1.03351e+186
0.00181974 , 5.85351e+190 , 1.03351e+186
0.00182308 , 5.8535e+190 , 1.03351e+186
0.00182642 , 5.85349e+190 , 1.03351e+186
0.00182976 , 5.85348e+190 , 1.03351e+186
0.0018331 , 5.85347e+190 , 1.03351e+186
0.00183644 , 5.85346e+190 , 1.0335e+186
0.00183978 , 5.85345e+190 , 1.0335e+186
0.00184312 , 5.85344e+190 , 1.0335e+186
0.00184646 , 5.85343e+190 , 1.0335e+186
0.00184979 , 5.85342e+190 , 1.0335e+186
0.00185313 , 5.85341e+190 , 1.0335e+186
0.00185647 , 5.8534e+190 , 1.03349e+186
0.00185981 , 5.8534e+190 , 1.03349e+186
0.00186315 , 5.85339e+190 , 1.03349e+186
0.00186649 , 5.85338e+190 , 1.03349e+186
0.00186983 , 5.85337e+190 , 1.03349e+186
0.00187317 , 5.85336e+190 , 1.03349e+186
0.00187651 , 5.85335e+190 , 1.03348e+186
0.00187985 , 5.85334e+190 , 1.03348e+186
0.00188318 , 5.85333e+190 , 1.03348e+186
0.00188652 , 5.85332e+190 , 1.03348e+186
0.00188986 , 5.85331e+190 , 1.03348e+186
0.0018932 , 5.8533e+190 , 1.03348e+186
0.00189654 , 5.85329e+190 , 1.03347e+186
0.00189988 , 5.85328e+190 , 1.03347e+186
0.00190322 , 5.85327e+190 , 1.03347e+186
0.00190656 , 5.85326e+190 , 1.03347e+186
0.0019099 , 5.85325e+190 , 1.03347e+186
0.00191324 , 5.85324e+190 , 1.03347e+186
0.00191657 , 5.85323e+190 , 1.03347e+186
0.00191991 , 5.85322e+190 , 1.03346e+186
0.00192325 , 5.85321e+190 , 1.03346e+186
0.00192659 , 5.8532e+190 , 1.03346e+186
0.00192993 , 5.85319e+190 , 1.03346e+186
0.00193327 , 5.85318e+190 , 1.03346e+186
0.00193661 , 5.85317e+190 , 1.03346e+186
0.00193995 , 5.85316e+190 , 1.03345e+186
0.00194329 , 5.85315e+190 , 1.03345e+186
0.00194663 , 5.85314e+190 , 1.03345e+186
0.00194996 , 5.85313e+190 , 1.03345e+186
0.0019533 , 5.85312e+190 , 1.03345e+186
0.00195664 , 5.85311e+190 , 1.03345e+186
0.00195998 , 5.8531e+190 , 1.03344e+186
0.00196332 , 5.85309e+190 , 1.03344e+186
0.00196666 , 5.85308e+190 , 1.03344e+186
0.00197 , 5.85307e+190 , 1.03344e+186
0.00197334 , 5.85306e+190 , 1.03344e+186
0.00197668 , 5.85305e+190 , 1.03343e+186
0.00198002 , 5.85304e+190 , 1.03343e+186
0.00198335 , 5.85303e+190 , 1.03343e+186
0.00198669 , 5.85302e+190 , 1.03343e+186
0.00199003 , 5.85301e+190 , 1.03343e+186
0.00199337 , 5.853e+190 , 1.03343e+186
0.00199671 , 5.85299e+190 , 1.03342e+186
0.00200005 , 5.85298e+190 , 1.03342e+186
0.00200339 , 5.85297e+190 , 1.03342e+186
0.00200673 , 5.85296e+190 , 1.03342e+186
0.00201007 , 5.85295e+190 , 1.03342e+186
0.0020134 , 5.85294e+190 , 1.03342e+186
0.00201674 , 5.85293e+190 , 1.03341e+186
0.00202008 , 5.85292e+190 , 1.03341e+186
0.00202342 , 5.85291e+190 , 1.03341e+186
0.00202676 , 5.8529e+190 , 1.03341e+186
0.0020301 , 5.85289e+190 , 1.03341e+186
0.00203344 , 5.85288e+190 , 1.03341e+186
0.00203678 , 5.85287e+190 , 1.0334e+186
0.00204012 , 5.85285e+190 , 1.0334e+186
0.00204346 , 5.85284e+190 , 1.0334e+186
0.00204679 , 5.85283e+190 , 1.0334e+186
0.00205013 , 5.85282e+190 , 1.0334e+186
0.00205347 , 5.85281e+190 , 1.0334e+186
0.00205681 , 5.8528e+190 , 1.03339e+186
0.00206015 , 5.85279e+190 , 1.03339e+186
0.00206349 , 5.85278e+190 , 1.03339e+186
0.00206683 , 5.85277e+190 , 1.03339e+186
0.00207017 , 5.85276e+190 , 1.03339e+186
0.00207351 , 5.85275e+190 , 1.03338e+186
0.00207685 , 5.85274e+190 , 1.03338e+186
0.00208018 , 5.85273e+190 , 1.03338e+186
0.00208352 , 5.85272e+190 , 1.03338e+186
0.00208686 , 5.85271e+190 , 1.03338e+186
0.0020902 , 5.8527e+190 , 1.03338e+186
0.00209354 , 5.85269e+190 , 1.03337e+186
0.00209688 , 5.85267e+190 , 1.03337e+186
0.00210022 , 5.85266e+190 , 1.03337e+186
0.00210356 , 5.85265e+190 , 1.03337e+186
0.0021069 , 5.85264e+190 , 1.03337e+186
0.00211024 , 5.85263e+190 , 1.03336e+186
0.00211357 , 5.85262e+190 , 1.03336e+186
0.00211691 , 5.85261e+190 , 1.03336e+186
0.00212025 , 5.8526e+190 , 1.03336e+186
0.00212359 , 5.85259e+190 , 1.03336e+186
0.00212693 , 5.85258e+190 , 1.03336e+186
0.00213027 , 5.85257e+190 , 1.03335e+186
0.00213361 , 5.85256e+190 , 1.03335e+186
0.00213695 , 5.85254e+190 , 1.03335e+186
0.00214029 , 5.85253e+190 , 1.03335e+186
0.00214363 , 5.85252e+190 , 1.03335e+186
0.00214696 , 5.85251e+190 , 1.03334e+186
0.0021503 , 5.8525e+190 , 1.03334e+186
0.00215364 , 5.85249e+190 , 1.03334e+186
0.00215698 , 5.85248e+190 , 1.03334e+186
0.00216032 , 5.85247e+190 , 1.03334e+186
0.00216366 , 5.85246e+190 , 1.03334e+186
0.002167 , 5.85244e+190 , 1.03333e+186
0.00217034 , 5.85243e+190 , 1.03333e+186
0.00217368 , 5.85242e+190 , 1.03333e+186
0.00217701 , 5.85241e+190 , 1.03333e+186
0.00218035 , 5.8524e+190 , 1.03333e+186
0.00218369 , 5.85239e+190 , 1.03332e+186
0.00218703 , 5.85238e+190 , 1.03332e+186
0.00219037 , 5.85237e+190 , 1.03332e+186
0.00219371 , 5.85236e+190 , 1.03332e+186
0.00219705 , 5.85234e+190 , 1.03332e+186
0.00220039 , 5.85233e+190 , 1.03331e+186
0.00220373 , 5.85232e+190 , 1.03331e+186
0.00220707 , 5.85231e+190 , 1.03331e+186
0.0022104 , 5.8523e+190 , 1.03331e+186
0.00221374 , 5.85229e+190 , 1.03331e+186
0.00221708 , 5.85228e+190 , 1.03331e+186
0.00222042 , 5.85227e+190 , 1.0333e+186
0.00222376 , 5.85225e+190 , 1.0333e+186
0.0022271 , 5.85224e+190 , 1.0333e+186
0.00223044 , 5.85223e+190 , 1.0333e+186
0.00223378 , 5.85222e+190 , 1.0333e+186
0.00223712 , 5.85221e+190 , 1.03329e+186
0.00224046 , 5.8522e+190 , 1.03329e+186
0.00224379 , 5.85218e+190 , 1.03329e+186
0.00224713 , 5.85217e+190 , 1.03329e+186
0.00225047 , 5.85216e+190 , 1.03329e+186
0.00225381 , 5.85215e+190 , 1.03328e+186
0.00225715 , 5.85214e+190 , 1.03328e+186
0.00226049 , 5.85213e+190 , 1.03328e+186
0.00226383 , 5.85212e+190 , 1.03328e+186
0.00226717 , 5.8521e+190 , 1.03328e+186
0.00227051 , 5.85209e+190 , 1.03327e+186
0.00227385 , 5.85208e+190 , 1.03327e+186
0.00227718 , 5.85207e+190 , 1.03327e+186
0.00228052 , 5.85206e+190 , 1.03327e+186
0.00228386 , 5.85205e+190 , 1.03327e+186
0.0022872 , 5.85203e+190 , 1.03326e+186
0.00229054 , 5.85202e+190 , 1.03326e+186
0.00229388 , 5.85201e+190 , 1.03326e+186
0.00229722 , 5.852e+190 , 1.03326e+186
0.00230056 , 5.85199e+190 , 1.03326e+186
0.0023039 , 5.85198e+190 , 1.03325e+186
0.00230724 , 5.85196e+190 , 1.03325e+186
0.00231057 , 5.85195e+190 , 1.03325e+186
0.00231391 , 5.85194e+190 , 1.03325e+186
0.00231725 , 5.85193e+190 , 1.03325e+186
0.00232059 , 5.85192e+190 , 1.03324e+186
0.00232393 , 5.8519e+190 , 1.03324e+186
0.00232727 , 5.85189e+190 , 1.03324e+186
0.00233061 , 5.85188e+190 , 1.03324e+186
0.00233395 , 5.85187e+190 , 1.03324e+186
0.00233729 , 5.85186e+190 , 1.03323e+186
0.00234062 , 5.85184e+190 , 1.03323e+186
0.00234396 , 5.85183e+190 , 1.03323e+186
0.0023473 , 5.85182e+190 , 1.03323e+186
0.00235064 , 5.85181e+190 , 1.03323e+186
0.00235398 , 5.8518e+190 , 1.03322e+186
0.00235732 , 5.85178e+190 , 1.03322e+186
0.00236066 , 5.85177e+190 , 1.03322e+186
0.002364 , 5.85176e+190 , 1.03322e+186
0.00236734 , 5.85175e+190 , 1.03322e+186
0.00237068 , 5.85174e+190 , 1.03321e+186
0.00237401 , 5.85172e+190 , 1.03321e+186
0.00237735 , 5.85171e+190 , 1.03321e+186
0.00238069 , 5.8517e+190 , 1.03321e+186
0.00238403 , 5.85169e+190 , 1.03321e+186
0.00238737 , 5.85167e+190 , 1.0332e+186
0.00239071 , 5.85166e+190 , 1.0332e+186
0.00239405 , 5.85165e+190 , 1.0332e+186
0.00239739 , 5.85164e+190 , 1.0332e+186
0.00240073 , 5.85163e+190 , 1.0332e+186
0.00240407 , 5.85161e+190 , 1.03319e+186
0.0024074 , 5.8516e+190 , 1.03319e+186
0.00241074 , 5.85159e+190 , 1.03319e+186
0.00241408 , 5.85158e+190 , 1.03319e+186
0.00241742 , 5.85156e+190 , 1.03319e+186
0.00242076 , 5.85155e+190 , 1.03318e+186
0.0024241 , 5.85154e+190 , 1.03318e+186
0.00242744 , 5.85153e+190 , 1.03318e+186
0.00243078 , 5.85151e+190 , 1.03318e+186
0.00243412 , 5.8515e+190 , 1.03318e+186
0.00243746 , 5.85149e+190 , 1.03317e+186
0.00244079 , 5.85148e+190 , 1.03317e+186
0.00244413 , 5.85146e+190 , 1.03317e+186
0.00244747 , 5.85145e+190 , 1.03317e+186
0.00245081 , 5.85144e+190 , 1.03316e+186
0.00245415 , 5.85143e+190 , 1.03316e+186
0.00245749 , 5.85141e+190 , 1.03316e+186
0.00246083 , 5.8514e+190 , 1.03316e+186
0.00246417 , 5.85139e+190 , 1.03316e+186
0.00246751 , 5.85138e+190 , 1.03315e+186
0.00247085 , 5.85136e+190 , 1.03315e+186
0.00247418 , 5.85135e+190 , 1.03315e+186
0.00247752 , 5.85134e+190 , 1.03315e+186
0.00248086 , 5.85133e+190 , 1.03315e+186
0.0024842 , 5.85131e+190 , 1.03314e+186
0.00248754 , 5.8513e+190 , 1.03314e+186
0.00249088 , 5.85129e+190 , 1.03314e+186
0.00249422 , 5.85127e+190 , 1.03314e+186
0.00249756 , 5.85126e+190 , 1.03314e+186
0.0025009 , 5.85125e+190 , 1.03313e+186
0.00250423 , 5.85124e+190 , 1.03313e+186
0.00250757 , 5.85122e+190 , 1.03313e+186
0.00251091 , 5.85121e+190 , 1.03313e+186
0.00251425 , 5.8512e+190 , 1.03312e+186
0.00251759 , 5.85118e+190 , 1.03312e+186
0.00252093 , 5.85117e+190 , 1.03312e+186
0.00252427 , 5.85116e+190 , 1.03312e+186
0.00252761 , 5.85115e+190 , 1.03312e+186
0.00253095 , 5.85113e+190 , 1.03311e+186
0.00253429 , 5.85112e+190 , 1.03311e+186
0.00253762 , 5.85111e+190 , 1.03311e+186
0.00254096 , 5.85109e+190 , 1.03311e+186
0.0025443 , 5.85108e+190 , 1.0331e+186
0.00254764 , 5.85107e+190 , 1.0331e+186
0.00255098 , 5.85105e+190 , 1.0331e+186
0.00255432 , 5.85104e+190 , 1.0331e+186
0.00255766 , 5.85103e+190 , 1.0331e+186
0.002561 , 5.85102e+190 , 1.03309e+186
0.00256434 , 5.851e+190 , 1.03309e+186
0.00256768 , 5.85099e+190 , 1.03309e+186
0.00257101 , 5.85098e+190 , 1.03309e+186
0.00257435 , 5.85096e+190 , 1.03308e+186
0.00257769 , 5.85095e+190 , 1.03308e+186
0.00258103 , 5.85094e+190 , 1.03308e+186
0.00258437 , 5.85092e+190 , 1.03308e+186
0.00258771 , 5.85091e+190 , 1.03308e+186
0.00259105 , 5.8509e+190 , 1.03307e+186
0.00259439 , 5.85088e+190 , 1.03307e+186
0.00259773 , 5.85087e+190 , 1.03307e+186
0.00260107 , 5.85086e+190 , 1.03307e+186
0.0026044 , 5.85084e+190 , 1.03306e+186
0.00260774 , 5.85083e+190 , 1.03306e+186
0.00261108 , 5.85082e+190 , 1.03306e+186
0.00261442 , 5.8508e+190 , 1.03306e+186
0.00261776 , 5.85079e+190 , 1.03306e+186
0.0026211 , 5.85078e+190 , 1.03305e+186
0.00262444 , 5.85076e+190 , 1.03305e+186
0.00262778 , 5.85075e+190 , 1.03305e+186
0.00263112 , 5.85074e+190 , 1.03305e+186
0.00263446 , 5.85072e+190 , 1.03304e+186
0.00263779 , 5.85071e+190 , 1.03304e+186
0.00264113 , 5.8507e+190 , 1.03304e+186
0.00264447 , 5.85068e+190 , 1.03304e+186
0.00264781 , 5.85067e+190 , 1.03304e+186
0.00265115 , 5.85065e+190 , 1.03303e+186
0.00265449 , 5.85064e+190 , 1.03303e+186
0.00265783 , 5.85063e+190 , 1.03303e+186
0.00266117 , 5.85061e+190 , 1.03303e+186
0.00266451 , 5.8506e+190 , 1.03302e+186
0.00266784 , 5.85059e+190 , 1.03302e+186
0.00267118 , 5.85057e+190 , 1.03302e+186
0.00267452 , 5.85056e+190 , 1.03302e+186
0.00267786 , 5.85055e+190 , 1.03302e+186
0.0026812 , 5.85053e+190 , 1.03301e+186
0.00268454 , 5.85052e+190 , 1.03301e+186
0.00268788 , 5.8505e+190 , 1.03301e+186
0.00269122 , 5.85049e+190 , 1.03301e+186
0.00269456 , 5.85048e+190 , 1.033e+186
0.0026979 , 5.85046e+190 , 1.033e+186
0.00270123 , 5.85045e+190 , 1.033e+186
0.00270457 , 5.85044e+190 , 1.033e+186
0.00270791 , 5.85042e+190 , 1.03299e+186
0.00271125 , 5.85041e+190 , 1.03299e+186
0.00271459 , 5.85039e+190 , 1.03299e+186
0.00271793 , 5.85038e+190 , 1.03299e+186
0.00272127 , 5.85037e+190 , 1.03298e+186
0.00272461 , 5.85035e+190 , 1.03298e+186
0.00272795 , 5.85034e+190 , 1.03298e+186
0.00273129 , 5.85032e+190 , 1.03298e+186
0.00273462 , 5.85031e+190 , 1.03298e+186
0.00273796 , 5.8503e+190 , 1.03297e+186
0.0027413 , 5.85028e+190 , 1.03297e+186
0.00274464 , 5.85027e+190 , 1.03297e+186
0.00274798 , 5.85025e+190 , 1.03297e+186
0.00275132 , 5.85024e+190 , 1.03296e+186
0.00275466 , 5.85023e+190 , 1.03296e+186
0.002758 , 5.85021e+190 , 1.03296e+186
0.00276134 , 5.8502e+190 , 1.03296e+186
0.00276468 , 5.85018e+190 , 1.03295e+186
0.00276801 , 5.85017e+190 , 1.03295e+186
0.00277135 , 5.85015e+190 , 1.03295e+186
0.00277469 , 5.85014e+190 , 1.03295e+186
0.00277803 , 5.85013e+190 , 1.03294e+186
0.00278137 , 5.85011e+190 , 1.03294e+186
0.00278471 , 5.8501e+190 , 1.03294e+186
0.00278805 , 5.85008e+190 , 1.03294e+186
0.00279139 , 5.85007e+190 , 1.03294e+186
0.00279473 , 5.85005e+190 , 1.03293e+186
0.00279807 , 5.85004e+190 , 1.03293e+186
0.0028014 , 5.85003e+190 , 1.03293e+186
0.00280474 , 5.85001e+190 , 1.03293e+186
0.00280808 , 5.85e+190 , 1.03292e+186
0.00281142 , 5.84998e+190 , 1.03292e+186
0.00281476 , 5.84997e+190 , 1.03292e+186
0.0028181 , 5.84995e+190 , 1.03292e+186
0.00282144 , 5.84994e+190 , 1.03291e+186
0.00282478 , 5.84993e+190 , 1.03291e+186
0.00282812 , 5.84991e+190 , 1.03291e+186
0.00283145 , 5.8499e+190 , 1.03291e+186
0.00283479 , 5.84988e+190 , 1.0329e+186
0.00283813 , 5.84987e+190 , 1.0329e+186
0.00284147 , 5.84985e+190 , 1.0329e+186
0.00284481 , 5.84984e+190 , 1.0329e+186
0.00284815 , 5.84982e+190 , 1.03289e+186
0.00285149 , 5.84981e+190 , 1.03289e+186
0.00285483 , 5.84979e+190 , 1.03289e+186
0.00285817 , 5.84978e+190 , 1.03289e+186
0.00286151 , 5.84977e+190 , 1.03288e+186
0.00286484 , 5.84975e+190 , 1.03288e+186
0.00286818 , 5.84974e+190 , 1.03288e+186
0.00287152 , 5.84972e+190 , 1.03288e+186
0.00287486 , 5.84971e+190 , 1.03287e+186
0.0028782 , 5.84969e+190 , 1.03287e+186
0.00288154 , 5.84968e+190 , 1.03287e+186
0.00288488 , 5.84966e+190 , 1.03287e+186
0.00288822 , 5.84965e+190 , 1.03286e+186
0.00289156 , 5.84963e+190 , 1.03286e+186
0.0028949 , 5.84962e+190 , 1.03286e+186
0.00289823 , 5.8496e+190 , 1.03286e+186
0.00290157 , 5.84959e+190 , 1.03285e+186
0.00290491 , 5.84957e+190 , 1.03285e+186
0.00290825 , 5.84956e+190 , 1.03285e+186
0.00291159 , 5.84954e+190 , 1.03285e+186
0.00291493 , 5.84953e+190 , 1.03284e+186
0.00291827 , 5.84951e+190 , 1.03284e+186
0.00292161 , 5.8495e+190 , 1.03284e+186
0.00292495 , 5.84948e+190 , 1.03284e+186
0.00292829 , 5.84947e+190 , 1.03283e+186
0.00293162 , 5.84945e+190 , 1.03283e+186
0.00293496 , 5.84944e+190 , 1.03283e+186
0.0029383 , 5.84942e+190 , 1.03283e+186
0.00294164 , 5.84941e+190 , 1.03282e+186
0.00294498 , 5.84939e+190 , 1.03282e+186
0.00294832 , 5.84938e+190 , 1.03282e+186
0.00295166 , 5.84936e+190 , 1.03282e+186
0.002955 , 5.84935e+190 , 1.03281e+186
0.00295834 , 5.84933e+190 , 1.03281e+186
0.00296168 , 5.84932e+190 , 1.03281e+186
0.00296501 , 5.8493e+190 , 1.03281e+186
0.00296835 , 5.84929e+190 , 1.0328e+186
0.00297169 , 5.84927e+190 , 1.0328e+186
0.00297503 , 5.84926e+190 , 1.0328e+186
0.00297837 , 5.84924e+190 , 1.0328e+186
0.00298171 , 5.84923e+190 , 1.03279e+186
0.00298505 , 5.84921e+190 , 1.03279e+186
0.00298839 , 5.8492e+190 , 1.03279e+186
0.00299173 , 5.84918e+190 , 1.03279e+186
0.00299506 , 5.84917e+190 , 1.03278e+186
0.0029984 , 5.84915e+190 , 1.03278e+186
0.00300174 , 5.84914e+190 , 1.03278e+186
0.00300508 , 5.84912e+190 , 1.03278e+186
0.00300842 , 5.8491e+190 , 1.03277e+186
0.00301176 , 5.84909e+190 , 1.03277e+186
0.0030151 , 5.84907e+190 , 1.03277e+186
0.00301844 , 5.84906e+190 , 1.03277e+186
0.00302178 , 5.84904e+190 , 1.03276e+186
0.00302512 , 5.84903e+190 , 1.03276e+186
0.00302845 , 5.84901e+190 , 1.03276e+186
0.00303179 , 5.849e+190 , 1.03276e+186
0.00303513 , 5.84898e+190 , 1.03275e+186
0.00303847 , 5.84897e+190 , 1.03275e+186
0.00304181 , 5.84895e+190 , 1.03275e+186
0.00304515 , 5.84893e+190 , 1.03274e+186
0.00304849 , 5.84892e+190 , 1.03274e+186
0.00305183 , 5.8489e+190 , 1.03274e+186
0.00305517 , 5.84889e+190 , 1.03274e+186
0.00305851 , 5.84887e+190 , 1.03273e+186
0.00306184 , 5.84886e+190 , 1.03273e+186
0.00306518 , 5.84884e+190 , 1.03273e+186
0.00306852 , 5.84882e+190 , 1.03273e+186
0.00307186 , 5.84881e+190 , 1.03272e+186
0.0030752 , 5.84879e+190 , 1.03272e+186
0.00307854 , 5.84878e+190 , 1.03272e+186
0.00308188 , 5.84876e+190 , 1.03272e+186
0.00308522 , 5.84875e+190 , 1.03271e+186
0.00308856 , 5.84873e+190 , 1.03271e+186
0.0030919 , 5.84871e+190 , 1.03271e+186
0.00309523 , 5.8487e+190 , 1.03271e+186
0.00309857 , 5.84868e+190 , 1.0327e+186
0.00310191 , 5.84867e+190 , 1.0327e+186
0.00310525 , 5.84865e+190 , 1.0327e+186
0.00310859 , 5.84863e+190 , 1.03269e+186
0.00311193 , 5.84862e+190 , 1.03269e+186
0.00311527 , 5.8486e+190 , 1.03269e+186
0.00311861 , 5.84859e+190 , 1.03269e+186
0.00312195 , 5.84857e+190 , 1.03268e+186
0.00312529 , 5.84855e+190 , 1.03268e+186
0.00312862 , 5.84854e+190 , 1.03268e+186
0.00313196 , 5.84852e+190 , 1.03268e+186
0.0031353 , 5.84851e+190 , 1.03267e+186
0.00313864 , 5.84849e+190 , 1.03267e+186
0.00314198 , 5.84847e+190 , 1.03267e+186
0.00314532 , 5.84846e+190 , 1.03267e+186
0.00314866 , 5.84844e+190 , 1.03266e+186
0.003152 , 5.84843e+190 , 1.03266e+186
0.00315534 , 5.84841e+190 , 1.03266e+186
0.00315868 , 5.84839e+190 , 1.03265e+186
0.00316201 , 5.84838e+190 , 1.03265e+186
0.00316535 , 5.84836e+190 , 1.03265e+186
0.00316869 , 5.84835e+190 , 1.03265e+186
0.00317203 , 5.84833e+190 , 1.03264e+186
0.00317537 , 5.84831e+190 , 1.03264e+186
0.00317871 , 5.8483e+190 , 1.03264e+186
0.00318205 , 5.84828e+190 , 1.03264e+186
0.00318539 , 5.84826e+190 , 1.03263e+186
0.00318873 , 5.84825e+190 , 1.03263e+186
0.00319206 , 5.84823e+190 , 1.03263e+186
0.0031954 , 5.84822e+190 , 1.03262e+186
0.00319874 , 5.8482e+190 , 1.03262e+186
0.00320208 , 5.84818e+190 , 1.03262e+186
0.00320542 , 5.84817e+190 , 1.03262e+186
0.00320876 , 5.84815e+190 , 1.03261e+186
0.0032121 , 5.84813e+190 , 1.03261e+186
0.00321544 , 5.84812e+190 , 1.03261e+186
0.00321878 , 5.8481e+190 , 1.0326e+186
0.00322212 , 5.84808e+190 , 1.0326e+186
0.00322545 , 5.84807e+190 , 1.0326e+186
0.00322879 , 5.84805e+190 , 1.0326e+186
0.00323213 , 5.84803e+190 , 1.03259e+186
0.00323547 , 5.84802e+190 , 1.03259e+186
0.00323881 , 5.848e+190 , 1.03259e+186
0.00324215 , 5.84798e+190 , 1.03259e+186
0.00324549 , 5.84797e+190 , 1.03258e+186
0.00324883 , 5.84795e+190 , 1.03258e+186
0.00325217 , 5.84794e+190 , 1.03258e+186
0.00325551 , 5.84792e+190 , 1.03257e+186
0.00325884 , 5.8479e+190 , 1.03257e+186
0.00326218 , 5.84789e+190 , 1.03257e+186
0.00326552 , 5.84787e+190 , 1.03257e+186
0.00326886 , 5.84785e+190 , 1.03256e+186
0.0032722 , 5.84783e+190 , 1.03256e+186
0.00327554 , 5.84782e+190 , 1.03256e+186
0.00327888 , 5.8478e+190 , 1.03255e+186
0.00328222 , 5.84778e+190 , 1.03255e+186
0.00328556 , 5.84777e+190 , 1.03255e+186
0.0032889 , 5.84775e+190 , 1.03255e+186
0.00329223 , 5.84773e+190 , 1.03254e+186
0.00329557 , 5.84772e+190 , 1.03254e+186
0.00329891 , 5.8477e+190 , 1.03254e+186
0.00330225 , 5.84768e+190 , 1.03254e+186
0.00330559 , 5.84767e+190 , 1.03253e+186
0.00330893 , 5.84765e+190 , 1.03253e+186
0.00331227 , 5.84763e+190 , 1.03253e+186
0.00331561 , 5.84762e+190 , 1.03252e+186
0.00331895 , 5.8476e+190 , 1.03252e+186
0.00332229 , 5.84758e+190 , 1.03252e+186
0.00332562 , 5.84756e+190 , 1.03252e+186
0.00332896 , 5.84755e+190 , 1.03251e+186
0.0033323 , 5.84753e+190 , 1.03251e+186
0.00333564 , 5.84751e+190 , 1.03251e+186
