0 21.5605 0
3.33564e-07 21.9791 0.690721
6.67128e-07 22.3827 1.4082
1.00069e-06 22.7703 2.15243
1.33426e-06 23.1406 2.92334
1.66782e-06 23.4925 3.72084
2.00138e-06 23.8246 4.54479
2.33495e-06 24.1357 5.39498
2.66851e-06 24.4247 6.2712
3.00208e-06 24.6901 7.17315
3.33564e-06 24.9307 8.10049
3.66921e-06 25.1452 9.05285
4.00277e-06 25.3323 10.0298
4.33633e-06 25.4907 11.0308
4.6699e-06 25.619 12.0554
5.00346e-06 25.7159 13.1029
5.33703e-06 25.78 14.1727
5.67059e-06 25.8101 15.2641
6.00415e-06 25.8048 16.3762
6.33772e-06 25.7628 17.5084
6.67128e-06 25.6827 18.6596
7.00485e-06 25.5633 19.8289
7.33841e-06 25.4032 21.0154
7.67197e-06 25.2012 22.2179
8.00554e-06 24.9559 23.4352
8.3391e-06 24.6662 24.6662
8.67267e-06 24.3308 25.9097
9.00623e-06 23.9484 27.1642
9.33979e-06 23.518 28.4284
9.67336e-06 23.0383 29.7009
1.00069e-05 22.5082 30.98
1.03405e-05 21.9267 32.2642
1.06741e-05 21.2926 33.5519
1.10076e-05 20.605 34.8413
1.13412e-05 19.8629 36.1307
1.16747e-05 19.0654 37.4181
1.20083e-05 18.2116 38.7017
1.23419e-05 17.3007 39.9796
1.26754e-05 16.3318 41.2496
1.3009e-05 15.3044 42.5097
1.33426e-05 14.2177 43.7578
1.36761e-05 13.0712 44.9916
1.40097e-05 11.8644 46.2089
1.43433e-05 10.5967 47.4073
1.46768e-05 9.26792 48.5845
1.50104e-05 7.87767 49.7381
1.53439e-05 6.42573 50.8655
1.56775e-05 4.912 51.9643
1.60111e-05 3.33641 53.0319
1.63446e-05 1.699 54.0657
1.66782e-05 -8.64929e-05 55.063
1.70118e-05 -1.76063 56.0212
1.73453e-05 -3.5823 56.9376
1.76789e-05 -5.46468 57.8093
1.80125e-05 -7.40724 58.6336
1.8346e-05 -9.40936 59.4077
1.86796e-05 -11.4703 60.1288
1.90132e-05 -13.5892 60.794
1.93467e-05 -15.7651 61.4004
1.96803e-05 -17.9969 61.9453
2.00138e-05 -20.2834 62.4256
2.03474e-05 -22.6234 62.8386
2.0681e-05 -25.0154 63.1813
2.10145e-05 -27.4578 63.4509
2.13481e-05 -29.949 63.6444
2.16817e-05 -32.4871 63.7591
2.20152e-05 -35.0702 63.7922
2.23488e-05 -37.6963 63.7407
2.26824e-05 -40.3632 63.6019
2.30159e-05 -43.0685 63.3731
2.33495e-05 -45.8098 63.0515
2.36831e-05 -48.5846 62.6346
2.40166e-05 -51.39 62.1196
2.43502e-05 -54.2234 61.5041
2.46837e-05 -57.0816 60.7854
2.50173e-05 -59.9616 59.9613
2.53509e-05 -62.8601 59.0292
2.56844e-05 -65.7737 57.9871
2.6018e-05 -68.6991 56.8325
2.63516e-05 -71.6325 55.5635
2.66851e-05 -74.5701 54.1781
2.70187e-05 -77.5081 52.6742
2.73523e-05 -80.4426 51.0501
2.76858e-05 -83.3692 49.3041
2.80194e-05 -86.2839 47.4347
2.83529e-05 -89.1823 45.4403
2.86865e-05 -92.0598 43.3197
2.90201e-05 -94.9119 41.0717
2.93536e-05 -97.7338 38.6952
2.96872e-05 -100.521 36.1894
3.00208e-05 -103.268 33.5535
3.03543e-05 -105.97 30.7869
3.06879e-05 -108.623 27.8893
3.10215e-05 -111.22 24.8603
3.1355e-05 -113.757 21.7
3.16886e-05 -116.229 18.4084
3.20222e-05 -118.629 14.9859
3.23557e-05 -120.952 11.433
3.26893e-05 -123.194 7.75033
3.30228e-05 -125.348 3.93882
3.33564e-05 -127.408 -0.000400265
3.369e-05 -129.37 -4.06602
3.40235e-05 -131.227 -8.2565
3.43571e-05 -132.973 -12.5701
3.46907e-05 -134.603 -17.0048
3.50242e-05 -136.111 -21.5583
3.53578e-05 -137.492 -26.2284
3.56914e-05 -138.738 -31.0122
3.60249e-05 -139.846 -35.9069
3.63585e-05 -140.809 -40.9093
3.66921e-05 -141.621 -46.016
3.70256e-05 -142.277 -51.2233
3.73592e-05 -142.771 -56.5274
3.76927e-05 -143.097 -61.9242
3.80263e-05 -143.25 -67.4092
3.83599e-05 -143.226 -72.9777
3.86934e-05 -143.017 -78.625
3.9027e-05 -142.62 -84.3459
3.93606e-05 -142.029 -90.1349
3.96941e-05 -141.239 -95.9865
4.00277e-05 -140.245 -101.895
4.03613e-05 -139.043 -107.854
4.06948e-05 -137.628 -113.856
4.10284e-05 -135.995 -119.897
4.13619e-05 -134.141 -125.968
4.16955e-05 -132.061 -132.062
4.20291e-05 -129.752 -138.173
4.23626e-05 -127.21 -144.293
4.26962e-05 -124.431 -150.413
4.30298e-05 -121.413 -156.526
4.33633e-05 -118.152 -162.624
4.36969e-05 -114.646 -168.698
4.40305e-05 -110.892 -174.74
4.4364e-05 -106.888 -180.74
4.46976e-05 -102.633 -186.69
4.50312e-05 -98.1236 -192.58
4.53647e-05 -93.3599 -198.402
4.56983e-05 -88.3405 -204.145
4.60318e-05 -83.0648 -209.801
4.63654e-05 -77.5325 -215.358
4.6699e-05 -71.7435 -220.807
4.70325e-05 -65.6982 -226.138
4.73661e-05 -59.3973 -231.342
4.76997e-05 -52.842 -236.406
4.80332e-05 -46.0335 -241.322
4.83668e-05 -38.9738 -246.078
4.87004e-05 -31.6652 -250.665
4.90339e-05 -24.1101 -255.071
4.93675e-05 -16.3117 -259.286
4.97011e-05 -8.27325 -263.298
5.00346e-05 0.00125867 -267.099
5.03682e-05 8.50762 -270.676
5.07017e-05 17.2412 -274.019
5.10353e-05 26.1967 -277.118
5.13689e-05 35.3689 -279.962
5.17024e-05 44.7515 -282.541
5.2036e-05 54.3383 -284.844
5.23696e-05 64.1223 -286.86
5.27031e-05 74.0963 -288.58
5.30367e-05 84.2525 -289.994
5.33703e-05 94.5828 -291.091
5.37038e-05 105.079 -291.862
5.40374e-05 115.731 -292.298
5.43709e-05 126.529 -292.388
5.47045e-05 137.465 -292.125
5.50381e-05 148.528 -291.498
5.53716e-05 159.706 -290.5
5.57052e-05 170.988 -289.122
5.60388e-05 182.363 -287.355
5.63723e-05 193.82 -285.194
5.67059e-05 205.344 -282.628
5.70395e-05 216.924 -279.653
5.7373e-05 228.546 -276.261
5.77066e-05 240.196 -272.446
5.80402e-05 251.861 -268.201
5.83737e-05 263.526 -263.523
5.87073e-05 275.176 -258.404
5.90408e-05 286.796 -252.842
5.93744e-05 298.371 -246.831
5.9708e-05 309.885 -240.369
6.00415e-05 321.323 -233.452
6.03751e-05 332.667 -226.077
6.07087e-05 343.901 -218.244
6.10422e-05 355.009 -209.949
6.13758e-05 365.972 -201.192
6.17094e-05 376.775 -191.974
6.20429e-05 387.4 -182.294
6.23765e-05 397.828 -172.153
6.271e-05 408.042 -161.553
6.30436e-05 418.024 -150.495
6.33772e-05 427.757 -138.984
6.37107e-05 437.221 -127.022
6.40443e-05 446.399 -114.613
6.43779e-05 455.272 -101.762
6.47114e-05 463.822 -88.4759
6.5045e-05 472.032 -74.7595
6.53786e-05 479.881 -60.6201
6.57121e-05 487.353 -46.0654
6.60457e-05 494.429 -31.1037
6.63793e-05 501.091 -15.7443
6.67128e-05 507.321 0.0031876
6.70464e-05 513.102 16.1281
6.73799e-05 518.415 32.6192
6.77135e-05 523.244 49.4645
6.80471e-05 527.572 66.6513
6.83806e-05 531.381 84.166
6.87142e-05 534.655 101.995
6.90478e-05 537.378 120.122
6.93813e-05 539.534 138.533
6.97149e-05 541.108 157.21
7.00485e-05 542.084 176.138
7.0382e-05 542.449 195.298
7.07156e-05 542.187 214.671
7.10492e-05 541.285 234.239
7.13827e-05 539.731 253.982
7.17163e-05 537.511 273.88
7.20498e-05 534.614 293.911
7.23834e-05 531.028 314.054
7.2717e-05 526.744 334.287
7.30505e-05 521.75 354.586
7.33841e-05 516.037 374.929
7.37177e-05 509.598 395.29
7.40512e-05 502.424 415.647
7.43848e-05 494.508 435.974
7.47184e-05 485.844 456.245
7.50519e-05 476.427 476.434
7.53855e-05 466.253 496.516
7.5719e-05 455.316 516.462
7.60526e-05 443.616 536.247
7.63862e-05 431.15 555.843
7.67197e-05 417.917 575.222
7.70533e-05 403.917 594.355
7.73869e-05 389.152 613.215
7.77204e-05 373.623 631.772
7.8054e-05 357.334 649.999
7.83876e-05 340.289 667.866
7.87211e-05 322.493 685.345
7.90547e-05 303.952 702.405
7.93883e-05 284.673 719.019
7.97218e-05 264.666 735.156
8.00554e-05 243.94 750.789
8.03889e-05 222.504 765.887
8.07225e-05 200.372 780.422
8.10561e-05 177.555 794.365
8.13896e-05 154.068 807.687
8.17232e-05 129.926 820.361
8.20568e-05 105.145 832.359
8.23903e-05 79.742 843.652
8.27239e-05 53.7358 854.213
8.30575e-05 27.146 864.016
8.3391e-05 -0.00685679 873.033
8.37246e-05 -27.701 881.24
8.40582e-05 -55.9136 888.61
8.43917e-05 -84.6208 895.118
8.47253e-05 -113.797 900.742
8.50588e-05 -143.418 905.456
8.53924e-05 -173.454 909.239
8.5726e-05 -203.879 912.067
8.60595e-05 -234.663 913.921
8.63931e-05 -265.776 914.779
8.67267e-05 -297.187 914.622
8.70602e-05 -328.864 913.432
8.73938e-05 -360.775 911.191
8.77274e-05 -392.884 907.882
8.80609e-05 -425.159 903.489
8.83945e-05 -457.563 897.999
8.8728e-05 -490.06 891.398
8.90616e-05 -522.613 883.673
8.93952e-05 -555.184 874.814
8.97287e-05 -587.736 864.812
9.00623e-05 -620.229 853.656
9.03959e-05 -652.623 841.342
9.07294e-05 -684.879 827.862
9.1063e-05 -716.955 813.212
9.13966e-05 -748.811 797.388
9.17301e-05 -780.404 780.391
9.20637e-05 -811.694 762.218
9.23973e-05 -842.638 742.872
9.27308e-05 -873.193 722.355
9.30644e-05 -903.316 700.671
9.33979e-05 -932.965 677.826
9.37315e-05 -962.097 653.828
9.40651e-05 -990.668 628.685
9.43986e-05 -1018.64 602.408
9.47322e-05 -1045.96 575.008
9.50658e-05 -1072.59 546.499
9.53993e-05 -1098.49 516.898
9.57329e-05 -1123.61 486.219
9.60665e-05 -1147.92 454.482
9.64e-05 -1171.37 421.707
9.67336e-05 -1193.92 387.916
9.70672e-05 -1215.53 353.131
9.74007e-05 -1236.15 317.378
9.77343e-05 -1255.76 280.683
9.80678e-05 -1274.3 243.073
9.84014e-05 -1291.74 204.58
9.8735e-05 -1308.05 165.233
9.90685e-05 -1323.18 125.065
9.94021e-05 -1337.1 84.1109
9.97357e-05 -1349.78 42.4059
0.000100069 -1361.18 -0.0128288
0.000100403 -1371.26 -43.1067
0.000100736 -1380.01 -86.8358
0.00010107 -1387.37 -131.159
0.000101403 -1393.34 -176.033
0.000101737 -1397.87 -221.414
0.000102071 -1400.94 -267.257
0.000102404 -1402.52 -313.516
0.000102738 -1402.6 -360.142
0.000103071 -1401.15 -407.087
0.000103405 -1398.15 -454.301
0.000103738 -1393.58 -501.734
0.000104072 -1387.42 -549.332
0.000104406 -1379.65 -597.044
0.000104739 -1370.27 -644.816
0.000105073 -1359.26 -692.592
0.000105406 -1346.6 -740.318
0.00010574 -1332.3 -787.938
0.000106073 -1316.34 -835.395
0.000106407 -1298.73 -882.632
0.000106741 -1279.45 -929.591
0.000107074 -1258.5 -976.214
0.000107408 -1235.9 -1022.44
0.000107741 -1211.63 -1068.22
0.000108075 -1185.71 -1113.48
0.000108408 -1158.15 -1158.17
0.000108742 -1128.95 -1202.23
0.000109075 -1098.12 -1245.6
0.000109409 -1065.69 -1288.23
0.000109743 -1031.66 -1330.04
0.000110076 -996.057 -1370.98
0.00011041 -958.897 -1411.01
0.000110743 -920.204 -1450.04
0.000111077 -880.003 -1488.04
0.00011141 -838.32 -1524.94
0.000111744 -795.186 -1560.68
0.000112078 -750.63 -1595.21
0.000112411 -704.687 -1628.48
0.000112745 -657.391 -1660.43
0.000113078 -608.78 -1691.01
0.000113412 -558.894 -1720.16
0.000113745 -507.774 -1747.84
0.000114079 -455.463 -1773.99
0.000114412 -402.008 -1798.57
0.000114746 -347.455 -1821.53
0.00011508 -291.854 -1842.82
0.000115413 -235.256 -1862.41
0.000115747 -177.714 -1880.24
0.00011608 -119.283 -1896.27
0.000116414 -60.0182 -1910.48
0.000116747 0.0211424 -1922.81
0.000117081 60.7758 -1933.24
0.000117415 122.185 -1941.73
0.000117748 184.185 -1948.24
0.000118082 246.712 -1952.76
0.000118415 309.702 -1955.24
0.000118749 373.087 -1955.67
0.000119082 436.8 -1954.03
0.000119416 500.771 -1950.28
0.00011975 564.931 -1944.42
0.000120083 629.209 -1936.43
0.000120417 693.532 -1926.29
0.00012075 757.828 -1913.99
0.000121084 822.025 -1899.53
0.000121417 886.047 -1882.89
0.000121751 949.82 -1864.07
0.000122084 1013.27 -1843.08
0.000122418 1076.32 -1819.91
0.000122752 1138.89 -1794.57
0.000123085 1200.92 -1767.06
0.000123419 1262.32 -1737.39
0.000123752 1323.02 -1705.58
0.000124086 1382.93 -1671.64
0.000124419 1442 -1635.59
0.000124753 1500.14 -1597.44
0.000125087 1557.27 -1557.23
0.00012542 1613.32 -1514.98
0.000125754 1668.23 -1470.71
0.000126087 1721.91 -1424.45
0.000126421 1774.29 -1376.25
0.000126754 1825.31 -1326.13
0.000127088 1874.89 -1274.14
0.000127421 1922.96 -1220.31
0.000127755 1969.46 -1164.7
0.000128089 2014.31 -1107.35
0.000128422 2057.46 -1048.3
0.000128756 2098.84 -987.607
0.000129089 2138.38 -925.331
0.000129423 2176.04 -861.524
0.000129756 2211.74 -796.245
0.00013009 2245.43 -729.555
0.000130424 2277.06 -661.518
0.000130757 2306.58 -592.198
0.000131091 2333.92 -521.664
0.000131424 2359.06 -449.984
0.000131758 2381.93 -377.23
0.000132091 2402.49 -303.475
0.000132425 2420.71 -228.794
0.000132759 2436.54 -153.264
0.000133092 2449.95 -76.9621
0.000133426 2460.9 0.0309247
0.000133759 2469.37 77.6342
0.000134093 2475.32 155.765
0.000134426 2478.73 234.34
0.00013476 2479.57 313.275
0.000135093 2477.83 392.483
0.000135427 2473.49 471.877
0.000135761 2466.54 551.37
0.000136094 2456.96 630.873
0.000136428 2444.74 710.298
0.000136761 2429.89 789.555
0.000137095 2412.4 868.554
0.000137428 2392.27 947.204
0.000137762 2369.51 1025.42
0.000138096 2344.12 1103.1
0.000138429 2316.12 1180.16
0.000138763 2285.52 1256.52
0.000139096 2252.34 1332.07
0.00013943 2216.59 1406.73
0.000139763 2178.31 1480.42
0.000140097 2137.52 1553.04
0.00014043 2094.24 1624.51
0.000140764 2048.52 1694.73
0.000141098 2000.39 1763.63
0.000141431 1949.88 1831.11
0.000141765 1897.05 1897.1
0.000142098 1841.94 1961.51
0.000142432 1784.58 2024.27
0.000142765 1725.05 2085.29
0.000143099 1663.39 2144.49
0.000143433 1599.65 2201.8
0.000143766 1533.91 2257.14
0.0001441 1466.21 2310.45
0.000144433 1396.63 2361.65
0.000144767 1325.24 2410.67
0.0001451 1252.09 2457.46
0.000145434 1177.28 2501.93
0.000145768 1100.87 2544.05
0.000146101 1022.93 2583.74
0.000146435 943.56 2620.95
0.000146768 862.827 2655.63
0.000147102 780.817 2687.73
0.000147435 697.618 2717.2
0.000147769 613.315 2743.99
0.000148102 527.997 2768.07
0.000148436 441.757 2789.39
0.00014877 354.684 2807.93
0.000149103 266.873 2823.64
0.000149437 178.418 2836.5
0.00014977 89.4143 2846.49
0.000150104 -0.0403415 2853.58
0.000150437 -89.8488 2857.75
0.000150771 -179.913 2858.98
0.000151105 -270.133 2857.27
0.000151438 -360.41 2852.61
0.000151772 -450.644 2844.99
0.000152105 -540.734 2834.4
0.000152439 -630.58 2820.86
0.000152772 -720.081 2804.36
0.000153106 -809.138 2784.92
0.000153439 -897.649 2762.54
0.000153773 -985.515 2737.25
0.000154107 -1072.64 2709.06
0.00015444 -1158.92 2677.99
0.000154774 -1244.25 2644.07
0.000155107 -1328.55 2607.34
0.000155441 -1411.72 2567.82
0.000155774 -1493.65 2525.54
0.000156108 -1574.26 2480.56
0.000156442 -1653.46 2432.91
0.000156775 -1731.14 2382.64
0.000157109 -1807.23 2329.8
0.000157442 -1881.64 2274.44
0.000157776 -1954.27 2216.62
0.000158109 -2025.05 2156.4
0.000158443 -2093.89 2093.83
0.000158777 -2160.72 2028.99
0.00015911 -2225.45 1961.94
0.000159444 -2288.01 1892.75
0.000159777 -2348.32 1821.49
0.000160111 -2406.33 1748.24
0.000160444 -2461.95 1673.08
0.000160778 -2515.12 1596.09
0.000161111 -2565.79 1517.35
0.000161445 -2613.88 1436.94
0.000161779 -2659.36 1354.96
0.000162112 -2702.15 1271.49
0.000162446 -2742.22 1186.61
0.000162779 -2779.51 1100.44
0.000163113 -2813.98 1013.05
0.000163446 -2845.59 924.54
0.00016378 -2874.3 835.015
0.000164114 -2900.09 744.568
0.000164447 -2922.91 653.3
0.000164781 -2942.74 561.311
0.000165114 -2959.56 468.702
0.000165448 -2973.35 375.575
0.000165781 -2984.1 282.033
0.000166115 -2991.78 188.18
0.000166448 -2996.39 94.1183
0.000166782 -2997.93 -0.0470914
0.000167116 -2996.39 -94.2125
0.000167449 -2991.77 -188.274
0.000167783 -2984.09 -282.127
0.000168116 -2973.34 -375.668
0.00016845 -2959.55 -468.795
0.000168783 -2942.73 -561.403
0.000169117 -2922.89 -653.392
0.000169451 -2900.06 -744.659
0.000169784 -2874.28 -835.105
0.000170118 -2845.56 -924.629
0.000170451 -2813.95 -1013.13
0.000170785 -2779.47 -1100.52
0.000171118 -2742.18 -1186.7
0.000171452 -2702.11 -1271.57
0.000171786 -2659.31 -1355.04
0.000172119 -2613.84 -1437.03
0.000172453 -2565.74 -1517.43
0.000172786 -2515.07 -1596.17
0.00017312 -2461.89 -1673.16
0.000173453 -2406.27 -1748.32
0.000173787 -2348.27 -1821.56
0.00017412 -2287.95 -1892.82
0.000174454 -2225.39 -1962.01
0.000174788 -2160.65 -2029.06
0.000175121 -2093.83 -2093.9
0.000175455 -2024.98 -2156.46
0.000175788 -1954.2 -2216.68
0.000176122 -1881.57 -2274.5
0.000176455 -1807.16 -2329.86
0.000176789 -1731.07 -2382.7
0.000177123 -1653.38 -2432.96
0.000177456 -1574.18 -2480.61
0.00017779 -1493.57 -2525.59
0.000178123 -1411.64 -2567.86
0.000178457 -1328.47 -2607.38
0.00017879 -1244.17 -2644.11
0.000179124 -1158.83 -2678.03
0.000179457 -1072.55 -2709.09
0.000179791 -985.429 -2737.28
0.000180125 -897.562 -2762.57
0.000180458 -809.05 -2784.95
0.000180792 -719.993 -2804.39
0.000181125 -630.491 -2820.88
0.000181459 -540.645 -2834.42
0.000181792 -450.554 -2845
0.000182126 -360.32 -2852.62
0.00018246 -270.043 -2857.28
0.000182793 -179.823 -2858.99
0.000183127 -89.759 -2857.75
0.00018346 0.0493063 -2853.58
0.000183794 89.5038 -2846.49
0.000184127 178.507 -2836.5
0.000184461 266.961 -2823.63
0.000184795 354.772 -2807.92
0.000185128 441.844 -2789.38
0.000185462 528.084 -2768.05
0.000185795 613.401 -2743.97
0.000186129 697.703 -2717.18
0.000186462 780.902 -2687.71
0.000186796 862.91 -2655.6
0.000187129 943.642 -2620.92
0.000187463 1023.02 -2583.71
0.000187797 1100.95 -2544.01
0.00018813 1177.36 -2501.9
0.000188464 1252.17 -2457.42
0.000188797 1325.31 -2410.63
0.000189131 1396.71 -2361.6
0.000189464 1466.28 -2310.4
0.000189798 1533.98 -2257.09
0.000190132 1599.72 -2201.75
0.000190465 1663.46 -2144.43
0.000190799 1725.12 -2085.23
0.000191132 1784.65 -2024.21
0.000191466 1842 -1961.46
0.000191799 1897.11 -1897.04
0.000192133 1949.94 -1831.05
0.000192466 2000.44 -1763.56
0.0001928 2048.57 -1694.67
0.000193134 2094.29 -1624.44
0.000193467 2137.57 -1552.97
0.000193801 2178.36 -1480.35
0.000194134 2216.64 -1406.66
0.000194468 2252.38 -1332
0.000194801 2285.56 -1256.44
0.000195135 2316.16 -1180.09
0.000195469 2344.16 -1103.03
0.000195802 2369.54 -1025.34
0.000196136 2392.3 -947.129
0.000196469 2412.43 -868.478
0.000196803 2429.92 -789.478
0.000197136 2444.77 -710.221
0.00019747 2456.98 -630.796
0.000197804 2466.56 -551.292
0.000198137 2473.51 -471.799
0.000198471 2477.85 -392.405
0.000198804 2479.58 -313.197
0.000199138 2478.74 -234.263
0.000199471 2475.32 -155.688
0.000199805 2469.37 -77.5566
0.000200138 2460.9 0.046387
0.000200472 2449.95 77.039
0.000200806 2436.54 153.34
0.000201139 2420.7 228.87
0.000201473 2402.48 303.55
0.000201806 2381.92 377.305
0.00020214 2359.04 450.058
0.000202473 2333.91 521.737
0.000202807 2306.56 592.271
0.000203141 2277.04 661.589
0.000203474 2245.41 729.626
0.000203808 2211.71 796.314
0.000204141 2176.01 861.592
0.000204475 2138.36 925.398
0.000204808 2098.81 987.673
0.000205142 2057.43 1048.36
0.000205475 2014.28 1107.41
0.000205809 1969.42 1164.76
0.000206143 1922.92 1220.38
0.000206476 1874.85 1274.2
0.00020681 1825.27 1326.19
0.000207143 1774.25 1376.3
0.000207477 1721.86 1424.51
0.00020781 1668.18 1470.76
0.000208144 1613.28 1515.03
0.000208478 1557.22 1557.28
0.000208811 1500.09 1597.49
0.000209145 1441.95 1635.63
0.000209478 1382.88 1671.68
0.000209812 1322.96 1705.62
0.000210145 1262.26 1737.43
0.000210479 1200.86 1767.09
0.000210813 1138.84 1794.6
0.000211146 1076.26 1819.94
0.00021148 1013.21 1843.11
0.000211813 949.761 1864.1
0.000212147 885.987 1882.92
0.00021248 821.965 1899.55
0.000212814 757.768 1914.02
0.000213147 693.472 1926.31
0.000213481 629.148 1936.45
0.000213815 564.87 1944.44
0.000214148 500.71 1950.3
0.000214482 436.739 1954.04
0.000214815 373.026 1955.69
0.000215149 309.641 1955.25
0.000215482 246.651 1952.76
0.000215816 184.124 1948.25
0.00021615 122.124 1941.73
0.000216483 60.7151 1933.24
0.000216817 -0.0392645 1922.81
0.00021715 -60.0782 1910.48
0.000217484 -119.342 1896.27
0.000217817 -177.773 1880.23
0.000218151 -235.315 1862.4
0.000218484 -291.912 1842.82
0.000218818 -347.512 1821.52
0.000219152 -402.065 1798.56
0.000219485 -455.519 1773.98
0.000219819 -507.829 1747.82
0.000220152 -558.948 1720.14
0.000220486 -608.833 1690.99
0.000220819 -657.443 1660.41
0.000221153 -704.738 1628.46
0.000221487 -750.68 1595.19
0.00022182 -795.235 1560.66
0.000222154 -838.368 1524.91
0.000222487 -880.05 1488.01
0.000222821 -920.249 1450.01
0.000223154 -958.941 1410.98
0.000223488 -996.1 1370.95
0.000223822 -1031.7 1330.01
0.000224155 -1065.73 1288.19
0.000224489 -1098.16 1245.57
0.000224822 -1128.99 1202.2
0.000225156 -1158.19 1158.14
0.000225489 -1185.75 1113.44
0.000225823 -1211.66 1068.18
0.000226156 -1235.93 1022.4
0.00022649 -1258.53 976.175
0.000226824 -1279.47 929.551
0.000227157 -1298.75 882.591
0.000227491 -1316.37 835.354
0.000227824 -1332.33 787.896
0.000228158 -1346.63 740.276
0.000228491 -1359.28 692.549
0.000228825 -1370.29 644.772
0.000229159 -1379.67 597.001
0.000229492 -1387.43 549.289
0.000229826 -1393.59 501.69
0.000230159 -1398.16 454.257
0.000230493 -1401.16 407.043
0.000230826 -1402.61 360.098
0.00023116 -1402.53 313.472
0.000231493 -1400.95 267.213
0.000231827 -1397.87 221.37
0.000232161 -1393.34 175.989
0.000232494 -1387.38 131.115
0.000232828 -1380.01 86.7924
0.000233161 -1371.27 43.0636
0.000233495 -1361.18 -0.0299339
0.000233828 -1349.78 -42.4483
0.000234162 -1337.1 -84.1529
0.000234496 -1323.18 -125.107
0.000234829 -1308.04 -165.274
0.000235163 -1291.74 -204.62
0.000235496 -1274.29 -243.114
0.00023583 -1255.75 -280.722
0.000236163 -1236.14 -317.417
0.000236497 -1215.52 -353.169
0.000236831 -1193.91 -387.953
0.000237164 -1171.36 -421.744
0.000237498 -1147.91 -454.518
0.000237831 -1123.6 -486.254
0.000238165 -1098.47 -516.932
0.000238498 -1072.57 -546.533
0.000238832 -1045.94 -575.041
0.000239165 -1018.62 -602.44
0.000239499 -990.649 -628.716
0.000239833 -962.076 -653.858
0.000240166 -932.944 -677.856
0.0002405 -903.294 -700.699
0.000240833 -873.17 -722.382
0.000241167 -842.614 -742.899
0.0002415 -811.67 -762.244
0.000241834 -780.38 -780.415
0.000242168 -748.786 -797.412
0.000242501 -716.929 -813.234
0.000242835 -684.853 -827.883
0.000243168 -652.597 -841.362
0.000243502 -620.202 -853.676
0.000243835 -587.709 -864.83
0.000244169 -555.157 -874.832
0.000244502 -522.585 -883.689
0.000244836 -490.032 -891.413
0.00024517 -457.534 -898.013
0.000245503 -425.13 -903.502
0.000245837 -392.856 -907.894
0.00024617 -360.746 -911.202
0.000246504 -328.836 -913.442
0.000246837 -297.158 -914.632
0.000247171 -265.747 -914.788
0.000247505 -234.634 -913.928
0.000247838 -203.85 -912.074
0.000248172 -173.426 -909.244
0.000248505 -143.389 -905.461
0.000248839 -113.769 -900.745
0.000249172 -84.5927 -895.121
0.000249506 -55.8857 -888.611
0.00024984 -27.6733 -881.24
0.000250173 0.0205704 -873.033
0.000250507 27.1732 -864.015
0.00025084 53.7627 -854.211
0.000251174 79.7685 -843.649
0.000251507 105.171 -832.356
0.000251841 129.952 -820.357
0.000252174 154.094 -807.683
0.000252508 177.58 -794.359
0.000252842 200.396 -780.415
0.000253175 222.528 -765.88
0.000253509 243.963 -750.781
0.000253842 264.689 -735.148
0.000254176 284.696 -719.01
0.000254509 303.974 -702.396
0.000254843 322.514 -685.335
0.000255177 340.31 -667.856
0.00025551 357.354 -649.988
0.000255844 373.643 -631.761
0.000256177 389.171 -613.202
0.000256511 403.936 -594.342
0.000256844 417.935 -575.208
0.000257178 431.167 -555.829
0.000257511 443.633 -536.233
0.000257845 455.332 -516.448
0.000258179 466.268 -496.501
0.000258512 476.442 -476.419
0.000258846 485.859 -456.229
0.000259179 494.522 -435.958
0.000259513 502.437 -415.631
0.000259846 509.61 -395.274
0.00026018 516.049 -374.912
0.000260514 521.761 -354.57
0.000260847 526.754 -334.27
0.000261181 531.038 -314.037
0.000261514 534.623 -293.894
0.000261848 537.52 -273.863
0.000262181 539.739 -253.965
0.000262515 541.293 -234.222
0.000262849 542.194 -214.654
0.000263182 542.455 -195.281
0.000263516 542.09 -176.121
0.000263849 541.113 -157.193
0.000264183 539.539 -138.516
0.000264516 537.382 -120.105
0.00026485 534.658 -101.978
0.000265183 531.384 -84.1493
0.000265517 527.574 -66.6347
0.000265851 523.246 -49.4481
0.000266184 518.416 -32.6029
0.000266518 513.102 -16.112
0.000266851 507.321 0.0127504
0.000267185 501.09 15.76
0.000267518 494.428 31.1193
0.000267852 487.351 46.0807
0.000268186 479.879 60.6352
0.000268519 472.029 74.7743
0.000268853 463.82 88.4905
0.000269186 455.269 101.777
0.00026952 446.395 114.627
0.000269853 437.217 127.035
0.000270187 427.752 138.997
0.00027052 418.02 150.508
0.000270854 408.037 161.565
0.000271188 397.822 172.165
0.000271521 387.394 182.306
0.000271855 376.769 191.986
0.000272188 365.966 201.204
0.000272522 355.002 209.96
0.000272855 343.894 218.254
0.000273189 332.66 226.088
0.000273523 321.315 233.462
0.000273856 309.878 240.379
0.00027419 298.363 246.841
0.000274523 286.788 252.851
0.000274857 275.168 258.413
0.00027519 263.517 263.531
0.000275524 251.852 268.209
0.000275858 240.187 272.453
0.000276191 228.537 276.268
0.000276525 216.915 279.66
0.000276858 205.335 282.635
0.000277192 193.811 285.2
0.000277525 182.354 287.361
0.000277859 170.979 289.127
0.000278192 159.696 290.505
0.000278526 148.518 291.503
0.00027886 137.456 292.129
0.000279193 126.52 292.392
0.000279527 115.721 292.301
0.00027986 105.069 291.865
0.000280194 94.5737 291.094
0.000280527 84.2434 289.996
0.000280861 74.0873 288.582
0.000281195 64.1133 286.862
0.000281528 54.3293 284.845
0.000281862 44.7426 282.542
0.000282195 35.3601 279.964
0.000282529 26.188 277.119
0.000282862 17.2325 274.02
0.000283196 8.49912 270.676
0.000283529 -0.00713249 267.099
0.000283863 -8.28152 263.298
0.000284197 -16.3198 259.285
0.00028453 -24.1181 255.07
0.000284864 -31.673 250.664
0.000285197 -38.9816 246.077
0.000285531 -46.0411 241.321
0.000285864 -52.8494 236.405
0.000286198 -59.4046 231.34
0.000286532 -65.7053 226.136
0.000286865 -71.7504 220.805
0.000287199 -77.5393 215.355
0.000287532 -83.0714 209.798
0.000287866 -88.3469 204.143
0.000288199 -93.3661 198.399
0.000288533 -98.1296 192.577
0.000288867 -102.638 186.687
0.0002892 -106.894 180.737
0.000289534 -110.898 174.736
0.000289867 -114.651 168.694
0.000290201 -118.157 162.62
0.000290534 -121.418 156.522
0.000290868 -124.436 150.409
0.000291201 -127.215 144.289
0.000291535 -129.757 138.169
0.000291869 -132.066 132.058
0.000292202 -134.145 125.964
0.000292536 -135.999 119.893
0.000292869 -137.631 113.852
0.000293203 -139.046 107.849
0.000293536 -140.248 101.89
0.00029387 -141.242 95.9821
0.000294204 -142.032 90.1305
0.000294537 -142.623 84.3414
0.000294871 -143.02 78.6205
0.000295204 -143.228 72.9732
0.000295538 -143.253 67.4047
0.000295871 -143.099 61.9197
0.000296205 -142.772 56.5229
0.000296538 -142.278 51.2188
0.000296872 -141.622 46.0115
0.000297206 -140.81 40.9049
0.000297539 -139.847 35.9025
0.000297873 -138.739 31.0079
0.000298206 -137.492 26.2241
0.00029854 -136.112 21.5541
0.000298873 -134.604 17.0005
0.000299207 -132.973 12.5659
0.000299541 -131.227 8.25237
0.000299874 -129.37 4.06196
0.000300208 -127.408 -0.00360239
0.000300541 -125.348 -3.94276
0.000300875 -123.194 -7.7542
0.000301208 -120.952 -11.4368
0.000301542 -118.628 -14.9897
0.000301876 -116.228 -18.4121
0.000302209 -113.757 -21.7036
0.000302543 -111.219 -24.8638
0.000302876 -108.622 -27.8927
0.00030321 -105.969 -30.7903
0.000303543 -103.267 -33.5567
0.000303877 -100.52 -36.1926
0.00030421 -97.7326 -38.6983
0.000304544 -94.9106 -41.0747
0.000304878 -92.0584 -43.3226
0.000305211 -89.1808 -45.4431
0.000305545 -86.2824 -47.4374
0.000305878 -83.3677 -49.3068
0.000306212 -80.441 -51.0526
0.000306545 -77.5065 -52.6766
0.000306879 -74.5684 -54.1804
0.000307213 -71.6307 -55.5658
0.000307546 -68.6973 -56.8347
0.00030788 -65.7719 -57.9891
0.000308213 -62.8582 -59.0312
0.000308547 -59.9597 -59.9632
0.00030888 -57.0797 -60.7872
0.000309214 -54.2214 -61.5058
0.000309547 -51.3881 -62.1212
0.000309881 -48.5826 -62.6361
0.000310215 -45.8079 -63.053
0.000310548 -43.0665 -63.3744
0.000310882 -40.3612 -63.6032
0.000311215 -37.6943 -63.7419
0.000311549 -35.0682 -63.7933
0.000311882 -32.4851 -63.7602
0.000312216 -29.947 -63.6454
0.00031255 -27.4558 -63.4517
0.000312883 -25.0134 -63.1821
0.000313217 -22.6214 -62.8393
0.00031355 -20.2815 -62.4262
0.000313884 -17.9949 -61.9458
0.000314217 -15.7631 -61.4009
0.000314551 -13.5873 -60.7944
0.000314885 -11.4684 -60.1291
0.000315218 -9.40749 -59.408
0.000315552 -7.4054 -58.6338
0.000315885 -5.46287 -57.8094
0.000316219 -3.58051 -56.9377
0.000316552 -1.75887 -56.0213
0.000316886 0.00164337 -55.063
0.000317219 1.7007 -54.0657
0.000317553 3.33807 -53.0318
0.000317887 4.91363 -51.9642
0.00031822 6.42733 -50.8653
0.000318554 7.87923 -49.7378
0.000318887 9.26945 -48.5842
0.000319221 10.5982 -47.407
0.000319554 11.8658 -46.2085
0.000319888 13.0726 -44.9912
0.000320222 14.2191 -43.7574
0.000320555 15.3057 -42.5093
0.000320889 16.3331 -41.2491
0.000321222 17.3019 -39.979
0.000321556 18.2128 -38.7012
0.000321889 19.0666 -37.4175
0.000322223 19.8641 -36.13
0.000322556 20.6061 -34.8407
0.00032289 21.2937 -33.5512
0.000323224 21.9277 -32.2635
0.000323557 22.5092 -30.9793
0.000323891 23.0393 -29.7002
0.000324224 23.5189 -28.4277
0.000324558 23.9493 -27.1635
0.000324891 24.3316 -25.9089
0.000325225 24.667 -24.6655
0.000325559 24.9567 -23.4344
0.000325892 25.2019 -22.2171
0.000326226 25.4039 -21.0146
0.000326559 25.5639 -19.8281
0.000326893 25.6833 -18.6588
0.000327226 25.7633 -17.5076
0.00032756 25.8053 -16.3754
0.000327894 25.8106 -15.2633
0.000328227 25.7805 -14.1719
0.000328561 25.7163 -13.1021
0.000328894 25.6194 -12.0546
0.000329228 25.491 -11.03
0.000329561 25.3327 -10.029
0.000329895 25.1455 -9.05206
0.000330228 24.931 -8.09971
0.000330562 24.6903 -7.17237
0.000330896 24.4249 -6.27043
0.000331229 24.1359 -5.39423
0.000331563 23.8247 -4.54404
0.000331896 23.4926 -3.7201
0.00033223 23.1407 -2.92261
0.000332563 22.7704 -2.15171
0.000332897 22.3828 -1.4075
0.000333231 21.9791 -0.69003
