-1.6021e-23 , -3.01428e-22 , -9.41755e-24 , -1.62482e-22 , -2.30234e-23 , -4.5987e-22 , -1.6021e-19 , -3.01428e-18 , -9.41755e-20 , -1.62482e-18 , -2.30234e-19 , -4.5987e-18 , -2.68981e-23 , -5.59921e-22 , 3.01951e-24 , 5.13918e-23 , 3.57591e-23 , 7.32422e-22 , -2.68981e-22 , -5.59921e-21 , 3.01951e-23 , 5.13918e-22 , 3.57591e-22 , 7.32422e-21
-2.18785e-20 , -1.91924e-19 , -1.62192e-21 , -5.58779e-22 , -3.12195e-20 , -2.4015e-19 , -2.18785e-16 , -1.91924e-15 , -1.62192e-17 , -5.58779e-18 , -3.12195e-16 , -2.4015e-15 , -6.43185e-20 , -5.91524e-19 , -1.1824e-20 , -1.47587e-19 , 5.47307e-20 , 4.26021e-19 , -6.43185e-19 , -5.91524e-18 , -1.1824e-19 , -1.47587e-18 , 5.47307e-19 , 4.26021e-18
-1.37345e-18 , -7.72329e-18 , 1.51625e-19 , 1.05675e-18 , -2.96776e-19 , 1.84147e-18 , -1.37345e-14 , -7.72329e-14 , 1.51625e-15 , 1.05675e-14 , -2.96776e-15 , 1.84147e-14 , -4.42302e-18 , -2.49898e-17 , -2.42018e-18 , -1.68755e-17 , 5.45643e-20 , -8.19977e-18 , -4.42302e-17 , -2.49898e-16 , -2.42018e-17 , -1.68755e-16 , 5.45643e-19 , -8.19977e-17
-2.58555e-17 , -1.0445e-16 , 3.86289e-18 , 1.63283e-17 , 2.98628e-17 , 1.84196e-16 , -2.58555e-13 , -1.0445e-12 , 3.86289e-14 , 1.63283e-13 , 2.98628e-13 , 1.84196e-12 , -8.14993e-17 , -3.23673e-16 , -7.86564e-17 , -3.79617e-16 , -1.01408e-16 , -6.2658e-16 , -8.14993e-16 , -3.23673e-15 , -7.86564e-16 , -3.79617e-15 , -1.01408e-15 , -6.2658e-15
-2.51475e-16 , -7.74801e-16 , 3.90002e-17 , 1.20347e-16 , 5.99183e-16 , 2.37989e-15 , -2.51475e-12 , -7.74801e-12 , 3.90002e-13 , 1.20347e-12 , 5.99183e-12 , 2.37989e-11 , -7.56803e-16 , -2.26497e-15 , -1.08323e-15 , -3.93228e-15 , -2.22178e-15 , -9.33824e-15 , -7.56803e-15 , -2.26497e-14 , -1.08323e-14 , -3.93228e-14 , -2.22178e-14 , -9.33824e-14
-1.60686e-15 , -3.91288e-15 , 2.46492e-16 , 5.91587e-16 , 5.50029e-15 , 1.62649e-14 , -1.60686e-11 , -3.91288e-11 , 2.46492e-12 , 5.91587e-12 , 5.50029e-11 , 1.62649e-10 , -4.60013e-15 , -1.07927e-14 , -8.9307e-15 , -2.55187e-14 , -2.32151e-14 , -7.4354e-14 , -4.60013e-14 , -1.07927e-13 , -8.9307e-14 , -2.55187e-13 , -2.32151e-13 , -7.4354e-13
-7.66051e-15 , -1.50702e-14 , 1.15136e-15 , 2.2155e-15 , 3.29152e-14 , 7.62772e-14 , -7.66051e-11 , -1.50702e-10 , 1.15136e-11 , 2.2155e-11 , 3.29152e-10 , 7.62772e-10 , -2.08931e-14 , -3.9326e-14 , -5.21153e-14 , -1.205e-13 , -1.5804e-13 , -4.03518e-13 , -2.08931e-13 , -3.9326e-13 , -5.21153e-13 , -1.205e-12 , -1.5804e-12 , -4.03518e-12
-2.93766e-14 , -4.72877e-14 , 4.32455e-15 , 6.77316e-15 , 1.47916e-13 , 2.75674e-13 , -2.93766e-10 , -4.72877e-10 , 4.32455e-11 , 6.77316e-11 , 1.47916e-09 , 2.75674e-09 , -7.65097e-14 , -1.16996e-13 , -2.36607e-13 , -4.5039e-13 , -8.0262e-13 , -1.67428e-12 , -7.65097e-13 , -1.16996e-12 , -2.36607e-12 , -4.5039e-12 , -8.0262e-12 , -1.67428e-11
-9.50609e-14 , -1.25919e-13 , 1.37307e-14 , 1.75984e-14 , 5.38682e-13 , 8.18354e-13 , -9.50609e-10 , -1.25919e-09 , 1.37307e-10 , 1.75984e-10 , 5.38682e-09 , 8.18354e-09 , -2.36895e-13 , -2.95618e-13 , -8.86244e-13 , -1.40305e-12 , -3.28015e-12 , -5.67059e-12 , -2.36895e-12 , -2.95618e-12 , -8.86244e-12 , -1.40305e-11 , -3.28015e-11 , -5.67059e-11
-2.6804e-13 , -2.91921e-13 , 3.80611e-14 , 3.98159e-14 , 1.66579e-12 , 2.07313e-12 , -2.6804e-09 , -2.91921e-09 , 3.80611e-10 , 3.98159e-10 , 1.66579e-08 , 2.07313e-08 , -6.39987e-13 , -6.49712e-13 , -2.8471e-12 , -3.766e-12 , -1.13126e-11 , -1.63303e-11 , -6.39987e-12 , -6.49712e-12 , -2.8471e-11 , -3.766e-11 , -1.13126e-10 , -1.63303e-10
-6.73423e-13 , -5.9826e-13 , 9.41551e-14 , 7.9502e-14 , 4.51048e-12 , 4.58732e-12 , -6.73423e-09 , -5.9826e-09 , 9.41551e-10 , 7.9502e-10 , 4.51048e-08 , 4.58732e-08 , -1.54139e-12 , -1.25808e-12 , -8.05837e-12 , -8.90169e-12 , -3.39927e-11 , -4.10625e-11 , -1.54139e-11 , -1.25808e-11 , -8.05837e-11 , -8.90169e-11 , -3.39927e-10 , -4.10625e-10
-1.53162e-12 , -1.09109e-12 , 2.11086e-13 , 1.40668e-13 , 1.09221e-11 , 8.98113e-12 , -1.53162e-08 , -1.09109e-08 , 2.11086e-09 , 1.40668e-09 , 1.09221e-07 , 8.98113e-08 , -3.35981e-12 , -2.15244e-12 , -2.04848e-11 , -1.87857e-11 , -9.10117e-11 , -9.17201e-11 , -3.35981e-11 , -2.15244e-11 , -2.04848e-10 , -1.87857e-10 , -9.10117e-10 , -9.17201e-10
-3.18948e-12 , -1.76613e-12 , 4.33566e-13 , 2.18896e-13 , 2.40068e-11 , 1.56161e-11 , -3.18948e-08 , -1.76613e-08 , 4.33566e-09 , 2.18896e-09 , 2.40068e-07 , 1.56161e-07 , -6.69764e-12 , -3.22144e-12 , -4.74294e-11 , -3.56538e-11 , -2.20664e-10 , -1.83875e-10 , -6.69764e-11 , -3.22144e-11 , -4.74294e-10 , -3.56538e-10 , -2.20664e-09 , -1.83875e-09
-6.13042e-12 , -2.49357e-12 , 8.22093e-13 , 2.91013e-13 , 4.84036e-11 , 2.39353e-11 , -6.13042e-08 , -2.49357e-08 , 8.22093e-09 , 2.91013e-09 , 4.84036e-07 , 2.39353e-07 , -1.22965e-11 , -4.07162e-12 , -1.01064e-10 , -6.09003e-11 , -4.90303e-10 , -3.32207e-10 , -1.22965e-10 , -4.07162e-11 , -1.01064e-09 , -6.09003e-10 , -4.90303e-09 , -3.32207e-09
-1.09352e-11 , -2.91547e-12 , 1.44618e-12 , 3.01697e-13 , 9.0182e-11 , 3.14448e-11 , -1.09352e-07 , -2.91547e-08 , 1.44618e-08 , 3.01697e-09 , 9.0182e-07 , 3.14448e-07 , -2.08787e-11 , -3.87511e-12 , -1.99703e-10 , -9.28604e-11 , -1.00721e-09 , -5.39268e-10 , -2.08787e-10 , -3.87511e-11 , -1.99703e-09 , -9.28604e-10 , -1.00721e-08 , -5.39268e-09
-1.81606e-11 , -2.33872e-12 , 2.36663e-12 , 1.50502e-13 , 1.56e-10 , 3.24791e-11 , -1.81606e-07 , -2.33872e-08 , 2.36663e-08 , 1.50502e-09 , 1.56e-06 , 3.24791e-07 , -3.28349e-11 , -1.27471e-12 , -3.67963e-10 , -1.23304e-10 , -1.92533e-09 , -7.75332e-10 , -3.28349e-10 , -1.27471e-11 , -3.67963e-09 , -1.23304e-09 , -1.92533e-08 , -7.75332e-09
-2.81114e-11 , 3.2622e-13 , 3.60445e-12 , -3.1379e-13 , 2.51177e-10 , 1.71646e-11 , -2.81114e-07 , 3.2622e-09 , 3.60445e-08 , -3.1379e-09 , 2.51177e-06 , 1.71646e-07 , -4.77605e-11 , 5.53617e-12 , -6.34569e-10 , -1.32982e-10 , -3.44038e-09 , -9.49302e-10 , -4.77605e-10 , 5.53617e-11 , -6.34569e-09 , -1.32982e-09 , -3.44038e-08 , -9.49302e-09
-4.05107e-11 , 6.50341e-12 , 5.09761e-12 , -1.28142e-12 , 3.76535e-10 , -2.86661e-11 , -4.05107e-07 , 6.50341e-08 , 5.09761e-08 , -1.28142e-08 , 3.76535e-06 , -2.86661e-07 , -6.39252e-11 , 1.8411e-11 , -1.02651e-09 , -8.74383e-11 , -5.76386e-09 , -8.75397e-10 , -6.39252e-10 , 1.8411e-10 , -1.02651e-08 , -8.74383e-10 , -5.76386e-08 , -8.75397e-09
-5.41254e-11 , 1.76763e-11 , 6.65402e-12 , -2.94149e-12 , 5.24361e-10 , -1.21599e-10 , -5.41254e-07 , 1.76763e-07 , 6.65402e-08 , -2.94149e-08 , 5.24361e-06 , -1.21599e-06 , -7.78817e-11 , 3.83936e-11 , -1.55872e-09 , 6.45268e-11 , -9.06736e-09 , -2.47663e-10 , -7.78817e-10 , 3.83936e-10 , -1.55872e-08 , 6.45268e-10 , -9.06736e-08 , -2.47663e-09
-6.64775e-11 , 3.48319e-11 , 7.91752e-12 , -5.40715e-12 , 6.74581e-10 , -2.75795e-10 , -6.64775e-07 , 3.48319e-07 , 7.91752e-08 , -5.40715e-08 , 6.74581e-06 , -2.75795e-06 , -8.45568e-11 , 6.43763e-11 , -2.21993e-09 , 3.86327e-10 , -1.33946e-08 , 1.35732e-09 , -8.45568e-10 , 6.43763e-10 , -2.21993e-08 , 3.86327e-09 , -1.33946e-07 , 1.35732e-08
-7.38438e-11 , 5.76389e-11 , 8.37241e-12 , -8.61341e-12 , 7.93201e-10 , -4.94722e-10 , -7.38438e-07 , 5.76389e-07 , 8.37241e-08 , -8.61341e-08 , 7.93201e-06 , -4.94722e-06 , -7.82745e-11 , 9.14404e-11 , -2.95773e-09 , 9.39143e-10 , -1.85513e-08 , 4.42291e-09 , -7.82745e-10 , 9.14404e-10 , -2.95773e-08 , 9.39143e-09 , -1.85513e-07 , 4.42291e-08
-7.1783e-11 , 8.35311e-11 , 7.41456e-12 , -1.22197e-11 , 8.35742e-10 , -7.6024e-10 , -7.1783e-07 , 8.35311e-07 , 7.41456e-08 , -1.22197e-07 , 8.35742e-06 , -7.6024e-06 , -5.51484e-11 , 1.09315e-10 , -3.66908e-09 , 1.7548e-09 , -2.40044e-08 , 9.35458e-09 , -5.51484e-10 , 1.09315e-09 , -3.66908e-08 , 1.7548e-08 , -2.40044e-07 , 9.35458e-08
-5.6369e-11 , 1.07084e-10 , 4.50423e-12 , -1.55786e-11 , 7.58465e-10 , -1.02183e-09 , -5.6369e-07 , 1.07084e-06 , 4.50423e-08 , -1.55786e-07 , 7.58465e-06 , -1.02183e-05 , -1.70711e-11 , 1.01601e-10 , -4.20561e-09 , 2.79657e-09 , -2.88438e-08 , 1.6251e-08 , -1.70711e-10 , 1.01601e-09 , -4.20561e-08 , 2.79657e-08 , -2.88438e-07 , 1.6251e-07
-2.60994e-11 , 1.20289e-10 , -6.24186e-13 , -1.78579e-11 , 5.38822e-10 , -1.1911e-09 , -2.60994e-07 , 1.20289e-06 , -6.24186e-09 , -1.78579e-07 , 5.38822e-06 , -1.1911e-05 , 2.29134e-11 , 4.63655e-11 , -4.4045e-09 , 3.91436e-09 , -3.18789e-08 , 2.46061e-08 , 2.29134e-10 , 4.63655e-10 , -4.4045e-08 , 3.91436e-08 , -3.18789e-07 , 2.46061e-07
1.59736e-11 , 1.14456e-10 , -7.79003e-12 , -1.84063e-11 , 2.03513e-10 , -1.14849e-09 , 1.59736e-07 , 1.14456e-06 , -7.79003e-08 , -1.84063e-07 , 2.03513e-06 , -1.14849e-05 , 3.45563e-11 , -8.17333e-11 , -4.15346e-09 , 4.80879e-09 , -3.19439e-08 , 3.30148e-08 , 3.45563e-10 , -8.17333e-10 , -4.15346e-08 , 4.80879e-08 , -3.19439e-07 , 3.30148e-07
6.09143e-11 , 8.43905e-11 , -1.64056e-11 , -1.74385e-11 , -1.42358e-10 , -7.69341e-10 , 6.09143e-07 , 8.43905e-07 , -1.64056e-07 , -1.74385e-07 , -1.42358e-06 , -7.69341e-06 , -3.55312e-11 , -3.08668e-10 , -3.49123e-09 , 5.02629e-09 , -2.84495e-08 , 3.90154e-08 , -3.55312e-10 , -3.08668e-09 , -3.49123e-08 , 5.02629e-08 , -2.84495e-07 , 3.90154e-07
9.49847e-11 , 3.51725e-11 , -2.59538e-11 , -1.70702e-11 , -2.97174e-10 , 2.67278e-11 , 9.49847e-07 , 3.51725e-07 , -2.59538e-07 , -1.70702e-07 , -2.97174e-06 , 2.67278e-07 , -2.69727e-10 , -6.60082e-10 , -2.73103e-09 , 4.01078e-09 , -2.21453e-08 , 3.92489e-08 , -2.69727e-09 , -6.60082e-09 , -2.73103e-08 , 4.01078e-08 , -2.21453e-07 , 3.92489e-07
1.05079e-10 , -8.68336e-12 , -3.71292e-11 , -2.26523e-11 , 2.75716e-11 , 1.20629e-09 , 1.05079e-06 , -8.68336e-08 , -3.71292e-07 , -2.26523e-07 , 2.75716e-07 , 1.20629e-05 , -7.87267e-10 , -1.16708e-09 , -2.57536e-09 , 1.23192e-09 , -1.59326e-08 , 3.01186e-08 , -7.87267e-09 , -1.16708e-08 , -2.57536e-08 , 1.23192e-08 , -1.59326e-07 , 3.01186e-07
9.03218e-11 , 7.44485e-12 , -5.38042e-11 , -4.42305e-11 , 1.1528e-09 , 2.54688e-09 , 9.03218e-07 , 7.44485e-08 , -5.38042e-07 , -4.42305e-07 , 1.1528e-05 , 2.54688e-05 , -1.75951e-09 , -1.88738e-09 , -4.17205e-09 , -3.60863e-09 , -1.54236e-08 , 9.06182e-09 , -1.75951e-08 , -1.88738e-08 , -4.17205e-08 , -3.60863e-08 , -1.54236e-07 , 9.06182e-08
8.09999e-11 , 1.7893e-10 , -8.58526e-11 , -9.78069e-11 , 3.32218e-09 , 3.58313e-09 , 8.09999e-07 , 1.7893e-06 , -8.58526e-07 , -9.78069e-07 , 3.32218e-05 , 3.58313e-05 , -3.44254e-09 , -2.95547e-09 , -9.05038e-09 , -1.03235e-08 , -2.88262e-08 , -2.36352e-08 , -3.44254e-08 , -2.95547e-08 , -9.05038e-08 , -1.03235e-07 , -2.88262e-07 , -2.36352e-07
1.64906e-10 , 6.50596e-10 , -1.52642e-10 , -2.05995e-10 , 6.54279e-09 , 3.61186e-09 , 1.64906e-06 , 6.50596e-06 , -1.52642e-06 , -2.05995e-06 , 6.54279e-05 , 3.61186e-05 , -6.24319e-09 , -4.68043e-09 , -1.88842e-08 , -1.80098e-08 , -6.57051e-08 , -6.28269e-08 , -6.24319e-08 , -4.68043e-08 , -1.88842e-07 , -1.80098e-07 , -6.5705e-07 , -6.28269e-07
5.19824e-10 , 1.62208e-09 , -2.8671e-10 , -3.97747e-10 , 1.04058e-08 , 1.79464e-09 , 5.19824e-06 , 1.62208e-05 , -2.8671e-06 , -3.97747e-06 , 0.000104058 , 1.79464e-05 , -1.08435e-08 , -7.71383e-09 , -3.50627e-08 , -2.49565e-08 , -1.3433e-07 , -9.69819e-08 , -1.08435e-07 , -7.71383e-08 , -3.50627e-07 , -2.49565e-07 , -1.3433e-06 , -9.69819e-07
1.4494e-09 , 3.35058e-09 , -5.36826e-10 , -7.0714e-10 , 1.39443e-08 , -2.61722e-09 , 1.4494e-05 , 3.35058e-05 , -5.36826e-06 , -7.0714e-06 , 0.000139443 , -2.61722e-05 , -1.84186e-08 , -1.3312e-08 , -5.81111e-08 , -2.88249e-08 , -2.37697e-07 , -1.08106e-07 , -1.84186e-07 , -1.3312e-07 , -5.81111e-07 , -2.88249e-07 , -2.37697e-06 , -1.08106e-06
3.41861e-09 , 6.156e-09 , -9.69431e-10 , -1.1717e-09 , 1.56073e-08 , -9.94342e-09 , 3.41861e-05 , 6.156e-05 , -9.69431e-06 , -1.1717e-05 , 0.000156073 , -9.94342e-05 , -3.09921e-08 , -2.37186e-08 , -8.70857e-08 , -2.7227e-08 , -3.68923e-07 , -7.41625e-08 , -3.09921e-07 , -2.37186e-07 , -8.70857e-07 , -2.7227e-07 , -3.68923e-06 , -7.41625e-07
7.08528e-09 , 1.04388e-08 , -1.66763e-09 , -1.83128e-09 , 1.34322e-08 , -1.96788e-08 , 7.08528e-05 , 0.000104388 , -1.66763e-05 , -1.83128e-05 , 0.000134322 , -0.000196788 , -5.19785e-08 , -4.27004e-08 , -1.19153e-07 , -1.87579e-08 , -5.07437e-07 , 2.5251e-08 , -5.19785e-07 , -4.27004e-07 , -1.19153e-06 , -1.87579e-07 , -5.07437e-06 , 2.5251e-07
1.33276e-08 , 1.67262e-08 , -2.72758e-09 , -2.72875e-09 , 5.47229e-09 , -3.01551e-08 , 0.000133276 , 0.000167262 , -2.72758e-05 , -2.72875e-05 , 5.47229e-05 , -0.000301551 , -8.69558e-08 , -7.628e-08 , -1.49614e-07 , -4.40535e-09 , -6.18036e-07 , 1.99989e-07 , -8.69558e-07 , -7.628e-07 , -1.49614e-06 , -4.40535e-08 , -6.18036e-06 , 1.99989e-06
2.32733e-08 , 2.57651e-08 , -4.25315e-09 , -3.91393e-09 , -9.52767e-09 , -3.84189e-08 , 0.000232733 , 0.000257651 , -4.25315e-05 , -3.91393e-05 , -9.52767e-05 , -0.000384189 , -1.44705e-07 , -1.3373e-07 , -1.72637e-07 , 1.09253e-08 , -6.55069e-07 , 4.38478e-07 , -1.44705e-06 , -1.3373e-06 , -1.72637e-06 , 1.09253e-07 , -6.55069e-06 , 4.38478e-06
3.83463e-08 , 3.86774e-08 , -6.35113e-09 , -5.45169e-09 , -3.13114e-08 , -4.04949e-08 , 0.000383463 , 0.000386774 , -6.35113e-05 , -5.45169e-05 , -0.000313114 , -0.000404949 , -2.38542e-07 , -2.28901e-07 , -1.82822e-07 , 1.72279e-08 , -5.73526e-07 , 6.97653e-07 , -2.38542e-06 , -2.28901e-06 , -1.82822e-06 , 1.72279e-07 , -5.73526e-06 , 6.97653e-06
6.03523e-08 , 5.71844e-08 , -9.13017e-09 , -7.43485e-09 , -5.73558e-08 , -3.21565e-08 , 0.000603523 , 0.000571844 , -9.13017e-05 , -7.43485e-05 , -0.000573558 , -0.000321565 , -3.87949e-07 , -3.81974e-07 , -1.7751e-07 , -8.54424e-10 , -3.47256e-07 , 8.97813e-07 , -3.87949e-06 , -3.81974e-06 , -1.7751e-06 , -8.54423e-09 , -3.47256e-06 , 8.97813e-06
9.16316e-08 , 8.38974e-08 , -1.27072e-08 , -1.00025e-08 , -8.24787e-08 , -1.02089e-08 , 0.000916316 , 0.000838974 , -0.000127072 , -0.000100025 , -0.000824787 , -0.000102089 , -6.20536e-07 , -6.21679e-07 , -1.59396e-07 , -6.27531e-08 , 7.87368e-09 , 9.27008e-07 , -6.20536e-06 , -6.21679e-06 , -1.59396e-06 , -6.27531e-07 , 7.87368e-08 , 9.27008e-06
1.353e-07 , 1.22649e-07 , -1.72245e-08 , -1.33638e-08 , -9.91296e-08 , 2.58814e-08 , 0.001353 , 0.00122649 , -0.000172245 , -0.000133638 , -0.000991296 , 0.000258814 , -9.74309e-07 , -9.87992e-07 , -1.38664e-07 , -1.8878e-07 , 4.11076e-07 , 6.5858e-07 , -9.74309e-06 , -9.87992e-06 , -1.38664e-06 , -1.8878e-06 , 4.11076e-06 , 6.5858e-06
1.95586e-07 , 1.78828e-07 , -2.28806e-08 , -1.78267e-08 , -9.86099e-08 , 7.23753e-08 , 0.00195586 , 0.00178828 , -0.000228806 , -0.000178267 , -0.000986099 , 0.000723753 , -1.50025e-06 , -1.53523e-06 , -1.33584e-07 , -3.95039e-07 , 7.0186e-07 , -1.73247e-08 , -1.50025e-05 , -1.53523e-05 , -1.33584e-06 , -3.95039e-06 , 7.0186e-06 , -1.73247e-07
2.78255e-07 , 2.59656e-07 , -2.9976e-08 , -2.38314e-08 , -7.32691e-08 , 1.20194e-07 , 0.00278255 , 0.00259656 , -0.00029976 , -0.000238314 , -0.000732691 , 0.00120194 , -2.26516e-06 , -2.33527e-06 , -1.68511e-07 , -6.87071e-07 , 6.42474e-07 , -1.15214e-06 , -2.26516e-05 , -2.33527e-05 , -1.68511e-06 , -6.87071e-06 , 6.42474e-06 , -1.15214e-05
3.91071e-07 , 3.74354e-07 , -3.89744e-08 , -3.19894e-08 , -1.94327e-08 , 1.54976e-07 , 0.00391071 , 0.00374354 , -0.000389744 , -0.000319894 , -0.000194327 , 0.00154976 , -3.35453e-06 , -3.48064e-06 , -2.68526e-07 , -1.05349e-06 , -5.46809e-08 , -2.69666e-06 , -3.35453e-05 , -3.48064e-05 , -2.68526e-06 , -1.05349e-05 , -5.46808e-07 , -2.69666e-05
5.4423e-07 , 5.34147e-07 , -5.0578e-08 , -4.31273e-08 , 5.95244e-08 , 1.58729e-07 , 0.0054423 , 0.00534147 , -0.00050578 , -0.000431273 , 0.000595244 , 0.00158729 , -4.87533e-06 , -5.08675e-06 , -4.50663e-07 , -1.46146e-06 , -1.67164e-06 , -4.47306e-06 , -4.87532e-05 , -5.08675e-05 , -4.50662e-06 , -1.46146e-05 , -1.67164e-05 , -4.47306e-05
7.50676e-07 , 7.52076e-07 , -6.58133e-08 , -5.83421e-08 , 1.50825e-07 , 1.13245e-07 , 0.00750676 , 0.00752076 , -0.000658133 , -0.000583421 , 0.00150825 , 0.00113245 , -6.95816e-06 , -7.29277e-06 , -7.12683e-07 , -1.85589e-06 , -4.40635e-06 , -6.17876e-06 , -6.95816e-05 , -7.29276e-05 , -7.12683e-06 , -1.85589e-05 , -4.40634e-05 , -6.17876e-05
1.02618e-06 , 1.04267e-06 , -8.61241e-08 , -7.90732e-08 , 2.31639e-07 , 4.95337e-09 , 0.0102618 , 0.0104267 , -0.000861241 , -0.000790732 , 0.00231639 , 4.95337e-05 , -9.75824e-06 , -1.02604e-05 , -1.02146e-06 , -2.16413e-06 , -8.28583e-06 , -7.43874e-06 , -9.75823e-05 , -0.000102604 , -1.02146e-05 , -2.16413e-05 , -8.28583e-05 , -7.43873e-05
1.38913e-06 , 1.42151e-06 , -1.13468e-07 , -1.07197e-07 , 2.70984e-07 , -1.69616e-07 , 0.0138913 , 0.0142151 , -0.00113468 , -0.00107197 , 0.00270984 , -0.00169616 , -1.34545e-05 , -1.41699e-05 , -1.30405e-06 , -2.30652e-06 , -1.30955e-05 , -7.91547e-06 , -0.000134545 , -0.000141699 , -1.30405e-05 , -2.30652e-05 , -0.000130955 , -7.91546e-05
1.85998e-06 , 1.90485e-06 , -1.50418e-07 , -1.45154e-07 , 2.34545e-07 , -3.99114e-07 , 0.0185998 , 0.0190485 , -0.00150418 , -0.00145154 , 0.00234545 , -0.00399114 , -1.82458e-05 , -1.92132e-05 , -1.44479e-06 , -2.2119e-06 , -1.83551e-05 , -7.47377e-06 , -0.000182458 , -0.000192132 , -1.44479e-05 , -2.2119e-05 , -0.00018355 , -7.47376e-05
2.46037e-06 , 2.50931e-06 , -2.00272e-07 , -1.961e-07 , 9.21265e-08 , -6.54929e-07 , 0.0246037 , 0.0250931 , -0.00200272 , -0.001961 , 0.000921265 , -0.00654929 , -2.4344e-05 , -2.55836e-05 , -1.29158e-06 , -1.83504e-06 , -2.33711e-05 , -6.38087e-06 , -0.00024344 , -0.000255835 , -1.29158e-05 , -1.83504e-05 , -0.000233711 , -6.38086e-05
3.21209e-06 , 3.25187e-06 , -2.67171e-07 , -2.64092e-07 , -1.73445e-07 , -8.92436e-07 , 0.0321209 , 0.0325187 , -0.00267171 , -0.00264092 , -0.00173445 , -0.00892436 , -3.19627e-05 , -3.34632e-05 , -6.72763e-07 , -1.17153e-06 , -2.73875e-05 , -5.50568e-06 , -0.000319626 , -0.000334631 , -6.7276e-06 , -1.17153e-05 , -0.000273874 , -5.50567e-05
4.13601e-06 , 4.15009e-06 , -3.56233e-07 , -3.54277e-07 , -5.57834e-07 , -1.05673e-06 , 0.0413601 , 0.0415009 , -0.00356233 , -0.00354277 , -0.00557834 , -0.0105673 , -4.1302e-05 , -4.30087e-05 , 5.76278e-07 , -2.64572e-07 , -2.98356e-05 , -6.46874e-06 , -0.000413018 , -0.000430085 , 5.76283e-06 , -2.64564e-06 , -0.000298355 , -6.46873e-05
5.25118e-06 , 5.22247e-06 , -4.73695e-07 , -4.73086e-07 , -1.02945e-06 , -1.09267e-06 , 0.0525118 , 0.0522247 , -0.00473695 , -0.00473086 , -0.0102945 , -0.0109267 , -5.253e-05 , -5.43364e-05 , 2.58054e-06 , 8.01119e-07 , -3.06636e-05 , -1.16914e-05 , -0.000525298 , -0.000543361 , 2.58055e-05 , 8.01133e-06 , -0.000306635 , -0.000116914
6.57424e-06 , 6.48899e-06 , -6.27057e-07 , -6.28384e-07 , -1.5286e-06 , -9.57816e-07 , 0.0657424 , 0.0648899 , -0.00627057 , -0.00628384 , -0.015286 , -0.00957816 , -6.57623e-05 , -6.75087e-05 , 5.39336e-06 , 1.92144e-06 , -3.0694e-05 , -2.43025e-05 , -0.000657619 , -0.000675082 , 5.39339e-05 , 1.92146e-05 , -0.000306938 , -0.000243024
8.11934e-06 , 7.97136e-06 , -8.25214e-07 , -8.29555e-07 , -1.97306e-06 , -6.35892e-07 , 0.0811934 , 0.0797136 , -0.00825214 , -0.00829555 , -0.0197306 , -0.00635892 , -8.10406e-05 , -8.2522e-05 , 8.97303e-06 , 3.01079e-06 , -3.19397e-05 , -4.78847e-05 , -0.0008104 , -0.000825213 , 8.97307e-05 , 3.01082e-05 , -0.000319395 , -0.000478844
9.89837e-06 , 9.69293e-06 , -1.07854e-06 , -1.08749e-06 , -2.2702e-06 , -1.47524e-07 , 0.0989837 , 0.0969293 , -0.0107854 , -0.0108749 , -0.022702 , -0.00147524 , -9.83142e-05 , -9.92988e-05 , 1.31762e-05 , 4.05127e-06 , -3.77981e-05 , -8.60751e-05 , -0.000983132 , -0.000992978 , 0.000131763 , 4.05133e-05 , -0.000377979 , -0.000860743
1.19216e-05 , 1.16778e-05 , -1.39889e-06 , -1.41444e-06 , -2.33422e-06 , 4.44828e-07 , 0.119216 , 0.116778 , -0.0139889 , -0.0141444 , -0.0233422 , 0.00444828 , -0.000117426 , -0.000117683 , 1.77743e-05 , 5.14479e-06 , -5.30494e-05 , -0.000142076 , -0.00117424 , -0.00117682 , 0.000177744 , 5.14488e-05 , -0.00053049 , -0.00142074
1.41983e-05 , 1.39493e-05 , -1.79951e-06 , -1.82375e-06 , -2.10578e-06 , 1.04015e-06 , 0.141983 , 0.139493 , -0.0179951 , -0.0182375 , -0.0210578 , 0.0104015 , -0.000138103 , -0.000137439 , 2.24943e-05 , 6.55628e-06 , -8.36124e-05 , -0.000218165 , -0.00138101 , -0.00137437 , 0.000224945 , 6.55642e-05 , -0.000836115 , -0.0021816
1.6737e-05 , 1.65272e-05 , -2.29476e-06 , -2.32948e-06 , -1.56975e-06 , 1.51121e-06 , 0.16737 , 0.165272 , -0.0229476 , -0.0232948 , -0.0156975 , 0.0151121 , -0.000159962 , -0.000158254 , 2.70814e-05 , 8.7355e-06 , -0.000136055 , -0.000315308 , -0.00159959 , -0.00158251 , 0.000270817 , 8.7357e-05 , -0.00136053 , -0.00315297
1.95449e-05 , 1.94251e-05 , -2.89969e-06 , -2.94586e-06 , -7.67176e-07 , 1.72487e-06 , 0.195449 , 0.194251 , -0.0289969 , -0.0294586 , -0.00767176 , 0.0172487 , -0.000182514 , -0.000179741 , 3.13736e-05 , 1.23062e-05 , -0.00021691 , -0.000432989 , -0.00182511 , -0.00179738 , 0.00031374 , 0.000123065 , -0.00216905 , -0.00432969
2.26272e-05 , 2.26465e-05 , -3.62941e-06 , -3.68671e-06 , 2.02356e-07 , 1.56726e-06 , 0.226272 , 0.226465 , -0.0362941 , -0.0368671 , 0.00202356 , 0.0156726 , -0.000205186 , -0.000201449 , 3.53738e-05 , 1.80162e-05 , -0.000331889 , -0.000569341 , -0.00205182 , -0.00201445 , 0.000353744 , 0.000180166 , -0.00331877 , -0.00569308
2.59845e-05 , 2.61815e-05 , -4.49832e-06 , -4.56483e-06 , 1.18961e-06 , 9.693e-07 , 0.259845 , 0.261815 , -0.0449832 , -0.0456483 , 0.0118961 , 0.009693 , -0.000227346 , -0.000222863 , 3.93044e-05 , 2.66486e-05 , -0.000485135 , -0.000721603 , -0.0022734 , -0.00222858 , 0.000393051 , 0.000266493 , -0.0048511 , -0.0072155
2.96097e-05 , 3.00047e-05 , -5.51924e-06 , -5.5913e-06 , 2.01574e-06 , -7.26441e-08 , 0.296097 , 0.300047 , -0.0551924 , -0.055913 , 0.0201574 , -0.000726441 , -0.000248328 , -0.000243419 , 4.36258e-05 , 3.89018e-05 , -0.000678668 , -0.000886875 , -0.00248322 , -0.00243413 , 0.000436268 , 0.000389028 , -0.00678621 , -0.00886795
3.3485e-05 , 3.40732e-05 , -6.7024e-06 , -6.77485e-06 , 2.50062e-06 , -1.48578e-06 , 0.33485 , 0.340732 , -0.067024 , -0.0677485 , 0.0250062 , -0.0148578 , -0.000267471 , -0.000262509 , 4.901e-05 , 5.52534e-05 , -0.000912143 , -0.00106307 , -0.00267464 , -0.00262502 , 0.000490114 , 0.000552549 , -0.00912058 , -0.0106296
3.75781e-05 , 3.83263e-05 , -8.05448e-06 , -8.12118e-06 , 2.49492e-06 , -3.12271e-06 , 0.375781 , 0.383263 , -0.0805448 , -0.0812118 , 0.0249492 , -0.0312271 , -0.00028414 , -0.000279498 , 5.62622e-05 , 7.58286e-05 , -0.00118301 , -0.00124993 , -0.00284132 , -0.00279491 , 0.000562641 , 0.000758308 , -0.0118286 , -0.0124977
4.18393e-05 , 4.26875e-05 , -9.57767e-06 , -9.63239e-06 , 1.91014e-06 , -4.77705e-06 , 0.418393 , 0.426875 , -0.0957767 , -0.0963239 , 0.0191014 , -0.0477705 , -0.000297758 , -0.000293744 , 6.61965e-05 , 0.000100294 , -0.00148708 , -0.00144983 , -0.00297749 , -0.00293735 , 0.00066199 , 0.00100297 , -0.0148686 , -0.0144962
4.62e-05 , 4.70665e-05 , -1.12689e-05 , -1.13062e-05 , 7.40737e-07 , -6.21106e-06 , 0.462 , 0.470665 , -0.112689 , -0.113062 , 0.00740737 , -0.0621106 , -0.000307826 , -0.000304616 , 7.94786e-05 , 0.000127798 , -0.00181948 , -0.00166837 , -0.00307816 , -0.00304607 , 0.000794819 , 0.00127803 , -0.0181915 , -0.0166808
5.05719e-05 , 5.13629e-05 , -1.31189e-05 , -1.31356e-05 , -9.26118e-07 , -7.1913e-06 , 0.505719 , 0.513629 , -0.131189 , -0.131356 , -0.00926118 , -0.071913 , -0.000313941 , -0.000311535 , 9.64578e-05 , 0.00015697 , -0.00217578 , -0.00191431 , -0.00313931 , -0.00311525 , 0.000964622 , 0.00156976 , -0.021753 , -0.0191394
5.48493e-05 , 5.54709e-05 , -1.51121e-05 , -1.51078e-05 , -2.91578e-06 , -7.52653e-06 , 0.548493 , 0.554709 , -0.151121 , -0.151078 , -0.0291578 , -0.0752653 , -0.000315808 , -0.000314005 , 0.000117013 , 0.000185985 , -0.00255309 , -0.00219913 , -0.00315798 , -0.00313995 , 0.00117019 , 0.00185993 , -0.0255243 , -0.0219864
5.89115e-05 , 5.92826e-05 , -1.7226e-05 , -1.72038e-05 , -4.98619e-06 , -7.10154e-06 , 0.589115 , 0.592826 , -0.17226 , -0.172038 , -0.0498619 , -0.0710154 , -0.00031325 , -0.000311656 , 0.000140441 , 0.000212691 , -0.00295106 , -0.00253586 , -0.0031324 , -0.00311646 , 0.00140448 , 0.00212702 , -0.0295018 , -0.0253521
6.26282e-05 , 6.26923e-05 , -1.94309e-05 , -1.93976e-05 , -6.86017e-06 , -5.9011e-06 , 0.626282 , 0.626923 , -0.194309 , -0.193976 , -0.0686017 , -0.059011 , -0.000306215 , -0.000304285 , 0.000165403 , 0.000234781 , -0.00337231 , -0.00293758 , -0.00306205 , -0.00304276 , 0.00165413 , 0.00234794 , -0.0337117 , -0.0293671
6.58651e-05 , 6.55988e-05 , -2.16901e-05 , -2.16561e-05 , -8.26509e-06 , -4.0198e-06 , 0.658651 , 0.655988 , -0.216901 , -0.216561 , -0.0826509 , -0.040198 , -0.000294776 , -0.00029189 , 0.000189957 , 0.000249993 , -0.00382247 , -0.00341559 , -0.00294767 , -0.00291882 , 0.00189969 , 0.00250007 , -0.03821 , -0.0341441
6.84901e-05 , 6.79072e-05 , -2.396e-05 , -2.39379e-05 , -8.97397e-06 , -1.65586e-06 , 0.684901 , 0.679072 , -0.2396 , -0.239379 , -0.0897397 , -0.0165586 , -0.000279139 , -0.000274695 , 0.000211663 , 0.000256308 , -0.00430938 , -0.00397756 , -0.00279131 , -0.00274687 , 0.00211677 , 0.00256324 , -0.0430752 , -0.0397597
7.0379e-05 , 6.95293e-05 , -2.61904e-05 , -2.6194e-05 , -8.84164e-06 , 9.10658e-07 , 0.70379 , 0.695293 , -0.261904 , -0.26194 , -0.0884164 , 0.00910658 , -0.000259637 , -0.000253156 , 0.000227771 , 0.000252133 , -0.00484193 , -0.00462595 , -0.0025963 , -0.00253149 , 0.00227787 , 0.00252149 , -0.0483958 , -0.0462381
7.14215e-05 , 7.03842e-05 , -2.83249e-05 , -2.83677e-05 , -7.83046e-06 , 3.35237e-06 , 0.714215 , 0.703842 , -0.283249 , -0.283677 , -0.0783046 , 0.0335237 , -0.000236719 , -0.000227951 , 0.00023546 , 0.000236428 , -0.00542824 , -0.00535688 , -0.00236713 , -0.00227946 , 0.00235477 , 0.00236444 , -0.0542529 , -0.0535401
7.15246e-05 , 7.03972e-05 , -3.03019e-05 , -3.03948e-05 , -6.02163e-06 , 5.337e-06 , 0.715246 , 0.703972 , -0.303019 , -0.303948 , -0.0602163 , 0.05337 , -0.000210939 , -0.000199944 , 0.000232113 , 0.000208785 , -0.00607374 , -0.0061596 , -0.00210934 , -0.00199939 , 0.00232131 , 0.00208801 , -0.0607006 , -0.0615581
7.06153e-05 , 6.94997e-05 , -3.20557e-05 , -3.22053e-05 , -3.60997e-06 , 6.57194e-06 , 0.706153 , 0.694997 , -0.320557 , -0.322053 , -0.0360997 , 0.0657194 , -0.000182926 , -0.000170121 , 0.000215598 , 0.000169444 , -0.00677931 , -0.00701677 , -0.00182922 , -0.00170117 , 0.00215616 , 0.00169459 , -0.0677472 , -0.0701186
6.86421e-05 , 6.76294e-05 , -3.35172e-05 , -3.37242e-05 , -8.82682e-07 , 6.84494e-06 , 0.686421 , 0.676294 , -0.335172 , -0.337242 , -0.00882682 , 0.0684494 , -0.000153346 , -0.000139517 , 0.000184515 , 0.000119245 , -0.00753963 , -0.00790539 , -0.00153343 , -0.00139514 , 0.00184531 , 0.00119258 , -0.0753397 , -0.0789916
6.55744e-05 , 6.47316e-05 , -3.4616e-05 , -3.48741e-05 , 1.81555e-06 , 6.05503e-06 , 0.655744 , 0.647316 , -0.34616 , -0.348741 , 0.0181555 , 0.0605503 , -0.000122851 , -0.000109113 , 0.000138389 , 5.95424e-05 , -0.00834231 , -0.00879832 , -0.00122849 , -0.00109111 , 0.00138404 , 0.000595548 , -0.0833538 , -0.0879062
6.14013e-05 , 6.07616e-05 , -3.5282e-05 , -3.55768e-05 , 4.12675e-06 , 4.22953e-06 , 0.614013 , 0.607616 , -0.35282 , -0.355768 , 0.0412675 , 0.0422953 , -9.20204e-05 , -7.97347e-05 , 7.77976e-05 , -7.90103e-06 , -0.00916763 , -0.00966616 , -0.000920181 , -0.000797325 , 0.000778102 , -7.88974e-05 , -0.0915928 , -0.0965688
5.61299e-05 , 5.56888e-05 , -3.54471e-05 , -3.57565e-05 , 5.7275e-06 , 1.52434e-06 , 0.561299 , 0.556888 , -0.354471 , -0.357565 , 0.057275 , 0.0152434 , -6.12896e-05 , -5.1946e-05 , 4.3974e-06 , -8.10317e-05 , -0.00998924 , -0.0104792 , -0.000612874 , -0.000519437 , 4.40816e-05 , -0.00081021 , -0.0997934 , -0.104683
4.97837e-05 , 4.95014e-05 , -3.50477e-05 , -3.53427e-05 , 6.37407e-06 , -1.79308e-06 , 0.497837 , 0.495014 , -0.350477 , -0.353427 , 0.0637407 , -0.0179308 , -3.08837e-05 , -2.59557e-05 , -7.91223e-05 , -0.000157595 , -0.0107756 , -0.0112091 , -0.000308815 , -0.000259531 , -0.000791126 , -0.00157584 , -0.107641 , -0.111966
4.24015e-05 , 4.22127e-05 , -3.4027e-05 , -3.42728e-05 , 5.93866e-06 , -5.37628e-06 , 0.424015 , 0.422127 , -0.34027 , -0.342728 , 0.0593866 , -0.0537628 , -7.51878e-07 , -1.54468e-06 , -0.000169171 , -0.00023519 , -0.0114921 , -0.0118302 , -7.49399e-06 , -1.54153e-05 , -0.00169161 , -0.00235178 , -0.11479 , -0.118164
3.40379e-05 , 3.38663e-05 , -3.23366e-05 , -3.24957e-05 , 4.43125e-06 , -8.84419e-06 , 0.340379 , 0.338663 , -0.323366 , -0.324957 , 0.0443125 , -0.0884419 , 2.94832e-05 , 2.19759e-05 , -0.000261446 , -0.000311281 , -0.0121035 , -0.0123205 , 0.000294862 , 0.000219798 , -0.00261434 , -0.00311268 , -0.12089 , -0.123055
2.47643e-05 , 2.45417e-05 , -2.99396e-05 , -2.99741e-05 , 2.0033e-06 , -1.18317e-05 , 0.247643 , 0.245417 , -0.299396 , -0.299741 , 0.020033 , -0.118317 , 6.05546e-05 , 4.57694e-05 , -0.000351154 , -0.000383161 , -0.0125762 , -0.0126609 , 0.000605583 , 0.000457742 , -0.0035114 , -0.00383147 , -0.125606 , -0.12645
1.46719e-05 , 1.43572e-05 , -2.68122e-05 , -2.66879e-05 , -1.0683e-06 , -1.40392e-05 , 0.146719 , 0.143572 , -0.268122 , -0.266879 , -0.010683 , -0.140392 , 9.35507e-05 , 7.14351e-05 , -0.000433249 , -0.000447884 , -0.0128808 , -0.0128353 , 0.000935555 , 0.000714408 , -0.00433232 , -0.00447867 , -0.128644 , -0.12819
3.87528e-06 , 3.47081e-06 , -2.29459e-05 , -2.26357e-05 , -4.41604e-06 , -1.52748e-05 , 0.0387528 , 0.0347081 , -0.229459 , -0.226357 , -0.0441604 , -0.152748 , 0.000129881 , 0.000100927 , -0.000502652 , -0.000502184 , -0.012993 , -0.0128293 , 0.00129887 , 0.00100933 , -0.0050263 , -0.00502164 , -0.129763 , -0.128131
-7.4841e-06 , -7.92325e-06 , -1.8349e-05 , -1.7837e-05 , -7.63147e-06 , -1.5481e-05 , -0.074841 , -0.0792325 , -0.18349 , -0.17837 , -0.0763147 , -0.15481 , 0.0001712 , 0.000136429 , -0.000554437 , -0.000542411 , -0.0128946 , -0.0126293 , 0.00171209 , 0.00136437 , -0.00554412 , -0.00542388 , -0.128782 , -0.126135
-1.92348e-05 , -1.96008e-05 , -1.30482e-05 , -1.23329e-05 , -1.03235e-05 , -1.47422e-05 , -0.192348 , -0.196008 , -0.130482 , -0.123329 , -0.103235 , -0.147422 , 0.000219303 , 0.000180203 , -0.000583985 , -0.000564517 , -0.0125732 , -0.0122214 , 0.00219314 , 0.00180212 , -0.00583958 , -0.00564492 , -0.125576 , -0.122067
-3.11747e-05 , -3.13184e-05 , -7.08971e-06 , -6.18636e-06 , -1.21769e-05 , -1.32694e-05 , -0.311747 , -0.313184 , -0.0708971 , -0.0618636 , -0.121769 , -0.132694 , 0.000275975 , 0.0002344 , -0.00058709 , -0.000564122 , -0.0120211 , -0.0115921 , 0.00275989 , 0.00234411 , -0.00587062 , -0.00564096 , -0.120069 , -0.115788
-4.30735e-05 , -4.28268e-05 , -5.39633e-07 , 5.18275e-07 , -1.30023e-05 , -1.13638e-05 , -0.430734 , -0.428268 , -0.00539633 , 0.00518276 , -0.130023 , -0.113638 , 0.000342828 , 0.000300873 , -0.000560039 , -0.00053668 , -0.0112342 , -0.0107285 , 0.00342846 , 0.00300886 , -0.00560013 , -0.00536656 , -0.112217 , -0.107171
-5.4679e-05 , -5.38866e-05 , 6.51565e-06 , 7.67688e-06 , -1.27683e-05 , -9.36256e-06 , -0.54679 , -0.538866 , 0.0651565 , 0.0767688 , -0.127683 , -0.0936256 , 0.000421117 , 0.000380977 , -0.000499692 , -0.00047776 , -0.0102102 , -0.00962058 , 0.00421142 , 0.00380995 , -0.0049967 , -0.0047774 , -0.101999 , -0.0961141
-6.57281e-05 , -6.42837e-05 , 1.39701e-05 , 1.51677e-05 , -1.16103e-05 , -7.57485e-06 , -0.657281 , -0.642837 , 0.139701 , 0.151677 , -0.116103 , -0.0757485 , 0.000511566 , 0.000475398 , -0.000403567 , -0.000383431 , -0.00894815 , -0.00826415 , 0.00511599 , 0.00475423 , -0.00403549 , -0.00383418 , -0.0894022 , -0.0825738
-7.59613e-05 , -7.38438e-05 , 2.1699e-05 , 2.28546e-05 , -9.81095e-06 , -6.21808e-06 , -0.759613 , -0.738438 , 0.21699 , 0.228546 , -0.0981095 , -0.0621808 , 0.000614205 , 0.000584002 , -0.000269973 , -0.000250733 , -0.00744817 , -0.00666401 , 0.00614248 , 0.00584038 , -0.00269962 , -0.00250728 , -0.0744267 , -0.066596
-8.51414e-05 , -8.24424e-05 , 2.95611e-05 , 3.05902e-05 , -7.75369e-06 , -5.36516e-06 , -0.851414 , -0.824424 , 0.295611 , 0.305902 , -0.0775369 , -0.0536516 , 0.000728243 , 0.000705733 , -9.82015e-05 , -7.81768e-05 , -0.00571286 , -0.0048374 , 0.00728299 , 0.00705786 , -0.000981956 , -0.000781763 , -0.0570962 , -0.0483507
-9.30723e-05 , -9.00102e-05 , 3.7401e-05 , 3.82206e-05 , -5.85447e-06 , -4.91361e-06 , -0.930723 , -0.900102 , 0.37401 , 0.382206 , -0.0585447 , -0.0491361 , 0.000851989 , 0.000838556 , 0.000111224 , 0.000133775 , -0.00374976 , -0.00281664 , 0.00852063 , 0.00838629 , 0.00111229 , 0.00133777 , -0.0374836 , -0.0281585
-9.96178e-05 , -9.65322e-05 , 4.5053e-05 , 4.55888e-05 , -4.4805e-06 , -4.58461e-06 , -0.996178 , -0.965322 , 0.45053 , 0.455888 , -0.044805 , -0.0458461 , 0.000982832 , 0.000979458 , 0.000356248 , 0.000382315 , -0.00157491 , -0.000650276 , 0.00982929 , 0.00979559 , 0.00356264 , 0.0038233 , -0.0157465 , -0.0065023
-0.000104717 , -0.00010204 , 5.23451e-05 , 5.25397e-05 , -3.86896e-06 , -3.95631e-06 , -1.04717 , -1.0204 , 0.523451 , 0.525397 , -0.0386896 , -0.0395631 , 0.00111728 , 0.00112452 , 0.000632971 , 0.000662054 , 0.000783134 , 0.00159781 , 0.0111741 , 0.0112465 , 0.00633013 , 0.00662098 , 0.00783203 , 0.0159807
-0.000108391 , -0.000106598 , 5.91042e-05 , 5.89237e-05 , -4.05987e-06 , -2.53028e-06 , -1.08391 , -1.06598 , 0.591042 , 0.589237 , -0.0405987 , -0.0253028 , 0.00125106 , 0.00126902 , 0.000935362 , 0.000964999 , 0.00327955 , 0.00385173 , 0.0125123 , 0.0126919 , 0.00935451 , 0.00965094 , 0.0328064 , 0.0385322
-0.000110748 , -0.000110286 , 6.51616e-05 , 6.46003e-05 , -4.85662e-06 , 1.75399e-07 , -1.10748 , -1.10286 , 0.651616 , 0.646003 , -0.0485662 , 0.00175399 , 0.0013793 , 0.00140763 , 0.00125507 , 0.00128078 , 0.00585083 , 0.0060293 , 0.0137951 , 0.0140784 , 0.0125523 , 0.0128095 , 0.0585429 , 0.0603297
-0.00011197 , -0.000113182 , 7.0359e-05 , 6.94417e-05 , -5.82537e-06 , 4.51886e-06 , -1.1197 , -1.13182 , 0.70359 , 0.694417 , -0.0582537 , 0.0451886 , 0.00149674 , 0.00153465 , 0.0015814 , 0.00159713 , 0.00841447 , 0.00804976 , 0.0149699 , 0.015349 , 0.0158167 , 0.0159739 , 0.0842162 , 0.0805631
-0.000112294 , -0.000115343 , 7.45541e-05 , 7.3335e-05 , -6.33896e-06 , 1.06291e-05 , -1.12294 , -1.15343 , 0.745541 , 0.73335 , -0.0633895 , 0.106291 , 0.00159794 , 0.00164423 , 0.00190152 , 0.00190059 , 0.0108716 , 0.00984256 , 0.0159824 , 0.0164451 , 0.019019 , 0.0190098 , 0.108835 , 0.0985237
-0.000111991 , -0.000116789 , 7.76265e-05 , 7.61848e-05 , -5.66502e-06 , 1.83212e-05 , -1.11991 , -1.16789 , 0.776265 , 0.761848 , -0.0566502 , 0.183212 , 0.00167764 , 0.0017307 , 0.00220088 , 0.00217742 , 0.0131128 , 0.011356 , 0.0167797 , 0.0173102 , 0.022014 , 0.0217794 , 0.131302 , 0.113691
-0.000111326 , -0.000117502 , 7.94826e-05 , 7.79145e-05 , -3.09006e-06 , 2.70503e-05 , -1.11326 , -1.17502 , 0.794826 , 0.779145 , -0.0309006 , 0.270503 , 0.00173096 , 0.00178886 , 0.00246402 , 0.00241454 , 0.0150273 , 0.0125645 , 0.0173131 , 0.0178921 , 0.0246467 , 0.0241521 , 0.150503 , 0.125806
-0.00011053 , -0.000117429 , 8.00598e-05 , 7.84681e-05 , 1.9355e-06 , 3.59181e-05 , -1.1053 , -1.17429 , 0.800598 , 0.784681 , 0.019355 , 0.359181 , 0.00175369 , 0.00181427 , 0.00267548 , 0.0026005 , 0.0165143 , 0.0134727 , 0.0175404 , 0.0181463 , 0.0267626 , 0.026013 , 0.16542 , 0.134911
-0.000109765 , -0.000116488 , 7.93292e-05 , 7.78118e-05 , 9.65253e-06 , 4.37417e-05 , -1.09765 , -1.16488 , 0.793292 , 0.778118 , 0.0965253 , 0.437417 , 0.00174257 , 0.0018035 , 0.00282108 , 0.00272629 , 0.0174953 , 0.0141154 , 0.0174291 , 0.0180387 , 0.0282195 , 0.0272719 , 0.175264 , 0.141357
-0.000109099 , -0.000114597 , 7.7297e-05 , 7.59352e-05 , 1.98726e-05 , 4.9183e-05 , -1.09099 , -1.14597 , 0.77297 , 0.759352 , 0.198726 , 0.49183 , 0.00169545 , 0.00175438 , 0.00288912 , 0.0027859 , 0.0179264 , 0.0145534 , 0.0169578 , 0.0175474 , 0.0289006 , 0.0278685 , 0.179592 , 0.14575
-0.000108494 , -0.000111693 , 7.40043e-05 , 7.28533e-05 , 3.19064e-05 , 5.0929e-05 , -1.08494 , -1.11693 , 0.740043 , 0.728533 , 0.319064 , 0.50929 , 0.00161152 , 0.00166611 , 0.00287161 , 0.00277657 , 0.0178078 , 0.014864 , 0.0161183 , 0.0166644 , 0.0287259 , 0.0277751 , 0.178401 , 0.148865
-0.000107809 , -0.000107764 , 6.95257e-05 , 6.86084e-05 , 4.45613e-05 , 4.79043e-05 , -1.07809 , -1.07764 , 0.695257 , 0.686084 , 0.445613 , 0.479043 , 0.00149132 , 0.00153937 , 0.00276534 , 0.00269872 , 0.0171883 , 0.0151279 , 0.014916 , 0.0153965 , 0.0276631 , 0.0269959 , 0.172184 , 0.151512
-0.000106815 , -0.000102871 , 6.39655e-05 , 6.32715e-05 , 5.62207e-05 , 3.94863e-05 , -1.06815 , -1.02871 , 0.639655 , 0.632715 , 0.562207 , 0.394863 , 0.00133686 , 0.0013763 , 0.00257242 , 0.00255553 , 0.0161651 , 0.0154138 , 0.0133711 , 0.0137652 , 0.0257335 , 0.0255629 , 0.161918 , 0.15438
-0.000105226 , -9.71628e-05 , 5.74547e-05 , 5.69446e-05 , 6.50089e-05 , 2.56909e-05 , -1.05226 , -0.971628 , 0.574547 , 0.569446 , 0.650089 , 0.256909 , 0.00115149 , 0.00118041 , 0.00230051 , 0.00235226 , 0.0148757 , 0.0157632 , 0.011517 , 0.0118059 , 0.0230133 , 0.0235288 , 0.148982 , 0.157885
-0.000102744 , -9.08813e-05 , 5.01455e-05 , 4.97608e-05 , 6.90276e-05 , 7.29425e-06 , -1.02744 , -0.908813 , 0.501455 , 0.497608 , 0.690276 , 0.0729425 , 0.000939816 , 0.000956473 , 0.00196231 , 0.00209546 , 0.0134835 , 0.0161779 , 0.00939974 , 0.00956633 , 0.0196297 , 0.0209597 , 0.13502 , 0.162045
-9.91084e-05 , -8.4345e-05 , 4.22067e-05 , 4.18842e-05 , 6.66429e-05 , -1.41393e-05 , -0.991084 , -0.84345 , 0.422067 , 0.418842 , 0.666429 , -0.141393 , 0.000707433 , 0.000710266 , 0.00157458 , 0.00179218 , 0.0121581 , 0.0166119 , 0.00707527 , 0.00710434 , 0.0157503 , 0.0179261 , 0.121731 , 0.1664
-9.41391e-05 , -7.7921e-05 , 3.38189e-05 , 3.35079e-05 , 5.67854e-05 , -3.63439e-05 , -0.941391 , -0.77921 , 0.338189 , 0.335079 , 0.567854 , -0.363439 , 0.000460672 , 0.000448354 , 0.00115659 , 0.00144932 , 0.0110518 , 0.016972 , 0.00460708 , 0.00448551 , 0.0115683 , 0.0144971 , 0.110642 , 0.170013
-8.77794e-05 , -7.19812e-05 , 2.51695e-05 , 2.48491e-05 , 3.92184e-05 , -5.65589e-05 , -0.877794 , -0.719812 , 0.251695 , 0.248491 , 0.392184 , -0.565589 , 0.000206276 , 0.000177792 , 0.000728296 , 0.00107327 , 0.0102766 , 0.0171251 , 0.00206286 , 0.00178016 , 0.00728374 , 0.0107363 , 0.102873 , 0.171549
-8.01168e-05 , -6.68476e-05 , 1.6449e-05 , 1.61422e-05 , 1.47292e-05 , -7.18455e-05 , -0.801168 , -0.668476 , 0.16449 , 0.161422 , 0.147292 , -0.718455 , -4.89228e-05 , -9.41783e-05 , 0.00030837 , 0.000669865 , 0.00988344 , 0.0169149 , -0.00048878 , -0.00093953 , 0.00308395 , 0.00670167 , 0.0989332 , 0.16944
-7.13867e-05 , -6.27361e-05 , 7.8464e-06 , 7.62907e-06 , -1.48008e-05 , -7.94824e-05 , -0.713867 , -0.627361 , 0.078464 , 0.0762907 , -0.148008 , -0.794824 , -0.000298301 , -0.000360408 , -8.75922e-05 , 0.00024479 , 0.00985013 , 0.0161851 , -0.0029815 , -0.0036022 , -0.000874809 , 0.00244993 , 0.0985993 , 0.162117
-6.19514e-05 , -5.97041e-05 , -4.54279e-07 , -4.53748e-07 , -4.64777e-05 , -7.73932e-05 , -0.619514 , -0.597041 , -0.00454279 , -0.00453747 , -0.464777 , -0.773932 , -0.000535719 , -0.000614089 , -0.000448474 , -0.000195743 , 0.0100778 , 0.0148061 , -0.0053541 , -0.00613964 , -0.00448159 , -0.00195652 , 0.10088 , 0.148283
-5.22582e-05 , -5.76135e-05 , -8.2779e-06 , -7.88986e-06 , -7.66413e-05 , -6.45466e-05 , -0.522582 , -0.576135 , -0.082779 , -0.0788986 , -0.766413 , -0.645466 , -0.000755746 , -0.000848925 , -0.000768428 , -0.000644054 , 0.0103995 , 0.012703 , -0.0075528 , -0.00848843 , -0.00767873 , -0.00644012 , 0.104104 , 0.127193
-4.27797e-05 , -5.61155e-05 , -1.54626e-05 , -1.44987e-05 , -0.000101266 , -4.12635e-05 , -0.427797 , -0.561155 , -0.154626 , -0.144987 , -1.01266 , -0.412635 , -0.000953849 , -0.00105922 , -0.00104692 , -0.00109005 , 0.0106005 , 0.00987884 , -0.00953295 , -0.0105911 , -0.010462 , -0.010899 , 0.106119 , 0.0988872
-3.39435e-05 , -5.46645e-05 , -2.18651e-05 , -2.01508e-05 , -0.000116476 , -9.36892e-06 , -0.339435 , -0.546645 , -0.218651 , -0.201508 , -1.16476 , -0.0936892 , -0.00112651 , -0.00123991 , -0.001288 , -0.00152052 , 0.010448 , 0.00642985 , -0.0112598 , -0.0123965 , -0.0128727 , -0.0152004 , 0.10459 , 0.0643405
-2.60617e-05 , -5.25627e-05 , -2.7367e-05 , -2.47796e-05 , -0.000119127 , 2.7856e-05 , -0.260617 , -0.525627 , -0.27367 , -0.247796 , -1.19127 , 0.27856 , -0.00127124 , -0.00138658 , -0.00149876 , -0.00191895 , 0.00972708 , 0.00254887 , -0.0127084 , -0.0138608 , -0.0149819 , -0.0191795 , 0.0973664 , 0.0254958
-1.92704e-05 , -4.90344e-05 , -3.18823e-05 , -2.83896e-05 , -0.00010735 , 6.59466e-05 , -0.192704 , -0.490344 , -0.318823 , -0.283896 , -1.0735 , 0.659466 , -0.00138651 , -0.00149553 , -0.00168735 , -0.0022661 , 0.0082784 , -0.0014853 , -0.0138625 , -0.0149477 , -0.0168697 , -0.0226455 , 0.0828532 , -0.01485
-1.34908e-05 , -4.33223e-05 , -3.53654e-05 , -3.10567e-05 , -8.10042e-05 , 9.97412e-05 , -0.134908 , -0.433223 , -0.353654 , -0.310567 , -0.810042 , 0.997412 , -0.00147146 , -0.001564 , -0.00186058 , -0.00254155 , 0.00603129 , -0.00533315 , -0.0147125 , -0.0156309 , -0.0186023 , -0.0253962 , 0.0603495 , -0.0533023
-8.42028e-06 , -3.47949e-05 , -3.78185e-05 , -3.29223e-05 , -4.19194e-05 , 0.000124039 , -0.0842027 , -0.347949 , -0.378185 , -0.329223 , -0.419194 , 1.24039 , -0.00152569 , -0.00159043 , -0.00202176 , -0.00272597 , 0.0030275 , -0.00863231 , -0.0152531 , -0.0158956 , -0.0202114 , -0.0272402 , 0.0302842 , -0.0862483
-3.55787e-06 , -2.30505e-05 , -3.92964e-05 , -3.41798e-05 , 6.10828e-06 , 0.000134351 , -0.0355786 , -0.230505 , -0.392964 , -0.341798 , 0.0610828 , 1.34351 , -0.00154886 , -0.00157486 , -0.00216915 , -0.00280403 , -0.000569298 , -0.0110439 , -0.0154811 , -0.0157422 , -0.0216792 , -0.0280245 , -0.00569242 , -0.110318
1.7343e-06 , -8.00312e-06 , -3.99085e-05 , -3.5055e-05 , 5.76209e-05 , 0.000127639 , 0.0173431 , -0.0800312 , -0.399085 , -0.35055 , 0.576209 , 1.27639 , -0.00154066 , -0.00151924 , -0.00229541 , -0.00276739 , -0.0044814 , -0.0123014 , -0.0153946 , -0.015189 , -0.0229344 , -0.0276636 , -0.0447935 , -0.122865
8.14097e-06 , 1.00645e-05 , -3.98142e-05 , -3.57822e-05 , 0.000106086 , 0.000102935 , 0.0814097 , 0.100645 , -0.398142 , -0.357822 , 1.06086 , 1.02935 , -0.00150083 , -0.00142759 , -0.00238848 , -0.00261715 , -0.00834309 , -0.0122546 , -0.0149933 , -0.0142739 , -0.0238596 , -0.0261648 , -0.0833613 , -0.122398
1.62856e-05 , 3.04898e-05 , -3.92144e-05 , -3.65783e-05 , 0.000144716 , 6.17149e-05 , 0.162856 , 0.304898 , -0.392144 , -0.365783 , 1.44716 , 0.617149 , -0.00142965 , -0.00130589 , -0.00243372 , -0.0023654 , -0.011743 , -0.0109011 , -0.0142818 , -0.0130549 , -0.0243117 , -0.0236455 , -0.117293 , -0.108894
2.66195e-05 , 5.22662e-05 , -3.8337e-05 , -3.76171e-05 , 0.000167421 , 7.9566e-06 , 0.266195 , 0.522662 , -0.38337 , -0.376171 , 1.67421 , 0.0795661 , -0.0013284 , -0.0011618 , -0.0024171 , -0.00203545 , -0.0142781 , -0.00840032 , -0.0132734 , -0.0116083 , -0.0241512 , -0.0203378 , -0.14258 , -0.0839328
3.93256e-05 , 7.41264e-05 , -3.74187e-05 , -3.90072e-05 , 0.000169761 , -5.21795e-05 , 0.393256 , 0.741264 , -0.374187 , -0.390072 , 1.69761 , -0.521795 , -0.00119999 , -0.00100416 , -0.00232876 , -0.00166055 , -0.0156124 , -0.00506459 , -0.0119951 , -0.0100248 , -0.0232765 , -0.0165769 , -0.155884 , -0.0506191
5.42514e-05 , 9.4664e-05 , -3.66842e-05 , -4.07754e-05 , 0.000149755 , -0.000111033 , 0.542514 , 0.94664 , -0.366842 , -0.407754 , 1.49755 , -1.11033 , -0.00104919 , -0.000842577 , -0.00216618 , -0.0012813 , -0.0155313 , -0.00132855 , -0.0104908 , -0.00840409 , -0.021657 , -0.0127746 , -0.155076 , -0.0132816
7.0884e-05 , 0.000112483 , -3.63245e-05 , -4.28594e-05 , 0.000108401 , -0.000160424 , 0.70884 , 1.12483 , -0.363245 , -0.428594 , 1.08401 , -1.60424 , -0.000882648 , -0.000686912 , -0.00193642 , -0.000941791 , -0.0139839 , 0.00230119 , -0.00882358 , -0.00684794 , -0.0193576 , -0.00937784 , -0.139646 , 0.0230202
8.83733e-05 , 0.000126356 , -3.64762e-05 , -4.5111e-05 , 4.97934e-05 , -0.000192812 , 0.883733 , 1.26356 , -0.364762 , -0.45111 , 0.497934 , -1.92812 , -0.000708503 , -0.000546715 , -0.0016569 , -0.000684747 , -0.0111035 , 0.00530973 , -0.0070741 , -0.0054524 , -0.0165504 , -0.00681602 , -0.110912 , 0.0531288
0.000105603 , 0.000135375 , -3.7203e-05 , -4.73115e-05 , -1.9214e-05 , -0.000202465 , 1.05603 , 1.35375 , -0.37203 , -0.473115 , -0.19214 , -2.02465 , -0.000535903 , -0.00043047 , -0.00135462 , -0.000546077 , -0.00720425 , 0.00724238 , -0.00533697 , -0.00429894 , -0.0135095 , -0.00544453 , -0.0719894 , 0.0724794
0.000121307 , 0.00013907 , -3.84836e-05 , -4.91964e-05 , -8.98002e-05 , -0.000186457 , 1.21307 , 1.3907 , -0.384836 , -0.491964 , -0.898002 , -1.86457 , -0.000374506 , -0.000344574 , -0.00106396 , -0.000549386 , -0.00275051 , 0.00776899 , -0.00371462 , -0.00344548 , -0.0105874 , -0.00549067 , -0.0274949 , 0.0777525
0.000134207 , 0.00013748 , -4.02069e-05 , -5.04886e-05 , -0.000152331 , -0.000145322 , 1.34207 , 1.3748 , -0.402069 , -0.504886 , -1.52331 , -1.45322 , -0.000234014 , -0.000292207 , -0.000823083 , -0.000701336 , 0.00169708 , 0.00673473 , -0.00230938 , -0.00291849 , -0.00817499 , -0.00701184 , 0.0169772 , 0.0673937
0.000143178 , 0.000131161 , -4.2177e-05 , -5.0934e-05 , -0.00019773 , -8.32234e-05 , 1.43179 , 1.31161 , -0.42177 , -0.50934 , -1.9773 , -0.832234 , -0.000123619 , -0.000272439 , -0.000669289 , -0.000988923 , 0.00555194 , 0.00418987 , -0.00121424 , -0.00270777 , -0.00664848 , -0.00987406 , 0.0555543 , 0.0419164
0.000147395 , 0.000121125 , -4.41294e-05 , -5.03354e-05 , -0.000218866 , -7.5834e-06 , 1.47395 , 1.21125 , -0.441294 , -0.503354 , -2.18866 , -0.0758339 , -5.114e-05 , -0.000280034 , -0.000633415 , -0.00137967 , 0.00827929 , 0.000393246 , -0.000502503 , -0.00276612 , -0.00631094 , -0.0137574 , 0.0828653 , 0.0039327
0.00014645 , 0.000108725 , -4.57562e-05 , -4.85803e-05 , -0.000211734 , 7.18249e-05 , 1.4645 , 1.08725 , -0.457562 , -0.485803 , -2.11734 , 0.718249 , -2.17732e-05 , -0.000306225 , -0.000734089 , -0.00182522 , 0.00947028 , -0.00421297 , -0.000217325 , -0.00301496 , -0.00733605 , -0.0181904 , 0.0947955 , -0.0421114
0.000140433 , 9.54915e-05 , -4.67388e-05 , -4.56594e-05 , -0.000176227 , 0.000144204 , 1.40433 , 0.954915 , -0.467388 , -0.456594 , -1.76227 , 1.44204 , -3.66758e-05 , -0.000340395 , -0.00097273 , -0.002268 , 0.00890253 , -0.00905556 , -0.000362659 , -0.00335604 , -0.00972514 , -0.02261 , 0.0891061 , -0.090473
0.000129938 , 8.2941e-05 , -4.67835e-05 , -4.16733e-05 , -0.000116351 , 0.000199299 , 1.29938 , 0.82941 , -0.467835 , -0.416733 , -1.16351 , 1.99299 , -9.18969e-05 , -0.0003722 , -0.00133069 , -0.00264979 , 0.0065779 , -0.0135043 , -0.000897897 , -0.00368722 , -0.0132867 , -0.0264391 , 0.0658226 , -0.134862
0.000116007 , 7.23979e-05 , -4.56559e-05 , -3.68263e-05 , -3.98014e-05 , 0.000228969 , 1.16007 , 0.723979 , -0.456559 , -0.368263 , -0.398014 , 2.28969 , -0.000178256 , -0.000393457 , -0.00176972 , -0.00292039 , 0.00273169 , -0.0169585 , -0.00173863 , -0.00391941 , -0.0176454 , -0.0291692 , 0.0273245 , -0.169301
0.000100016 , 6.48371e-05 , -4.32102e-05 , -3.14073e-05 , 4.3048e-05 , 0.000228506 , 1.00016 , 0.648371 , -0.432102 , -0.314073 , 0.43048 , 2.28506 , -0.000282515 , -0.000399259 , -0.00223629 , -0.00304483 , -0.00218969 , -0.0189336 , -0.00276488 , -0.00399116 , -0.0222826 , -0.0304349 , -0.0218913 , -0.188984
8.35124e-05 , 6.07771e-05 , -3.94105e-05 , -2.57597e-05 , 0.000120633 , 0.000197472 , 0.835124 , 0.607771 , -0.394105 , -0.257597 , 1.20633 , 1.97472 , -0.000389647 , -0.00038821 , -0.00266926 , -0.00300784 , -0.00758153 , -0.0191356 , -0.00383649 , -0.00387839 , -0.0266033 , -0.0300677 , -0.0757565 , -0.190997
6.8032e-05 , 6.02343e-05 , -3.43404e-05 , -2.02417e-05 , 0.000181929 , 0.000139901 , 0.68032 , 0.602343 , -0.343404 , -0.202417 , 1.81929 , 1.39901 , -0.000485544 , -0.000362089 , -0.00300931 , -0.00281542 , -0.0127584 , -0.0175096 , -0.00481312 , -0.00359801 , -0.0300199 , -0.0281222 , -0.127421 , -0.174795
5.49189e-05 , 6.27431e-05 , -2.82003e-05 , -1.51833e-05 , 0.000218153 , 6.38021e-05 , 0.549189 , 0.627431 , -0.282003 , -0.151833 , 2.18153 , 0.638021 , -0.000559257 , -0.000325444 , -0.00320798 , -0.00249366 , -0.0170473 , -0.0142553 , -0.00557503 , -0.00320562 , -0.0320381 , -0.0248689 , -0.170186 , -0.142352
4.51737e-05 , 6.74382e-05 , -2.12916e-05 , -1.08436e-05 , 0.000224166 , -1.99944e-05 , 0.451737 , 0.674382 , -0.212916 , -0.108436 , 2.24166 , -0.199944 , -0.000604222 , -0.000285385 , -0.00323463 , -0.00208527 , -0.0198827 , -0.00980521 , -0.00604078 , -0.00278796 , -0.0323313 , -0.0207553 , -0.198438 , -0.0979545
3.93492e-05 , 7.31873e-05 , -1.39882e-05 , -7.37436e-06 , 0.000199323 , -9.94612e-05 , 0.393492 , 0.731873 , -0.139882 , -0.0737435 , 1.99323 , -0.994612 , -0.000618425 , -0.000251376 , -0.00308021 , -0.00164408 , -0.0208897 , -0.00476741 , -0.00617878 , -0.00245089 , -0.0307901 , -0.0163387 , -0.20847 , -0.0476473
3.75058e-05 , 7.87556e-05 , -6.6983e-06 , -4.79672e-06 , 0.00014762 , -0.000163232 , 0.375058 , 0.787556 , -0.066983 , -0.0479672 , 1.4762 , -1.63232 , -0.000604022 , -0.000234482 , -0.00275783 , -0.00122769 , -0.0199422 , 0.000157655 , -0.00601143 , -0.00230395 , -0.0275409 , -0.0121995 , -0.199032 , 0.00158202
3.92313e-05 , 8.29791e-05 , 1.7983e-07 , -2.99239e-06 , 7.70888e-05 , -0.000202379 , 0.392313 , 0.829791 , 0.00179832 , -0.0299239 , 0.770888 , -2.02379 , -0.000566968 , -0.000245618 , -0.00230069 , -0.000888531 , -0.0171846 , 0.00427572 , -0.00561201 , -0.00244234 , -0.0229293 , -0.00884836 , -0.171555 , 0.0427809
4.37194e-05 , 8.4923e-05 , 6.30398e-06 , -1.7137e-06 , -1.4703e-06 , -0.000211818 , 0.437194 , 0.84923 , 0.0630398 , -0.0171369 , -0.014703 , -2.11818 , -0.000516862 , -0.000292912 , -0.00175792 , -0.000664523 , -0.0130142 , 0.00699699 , -0.00509482 , -0.00292893 , -0.0174711 , -0.00663958 , -0.129972 , 0.0700231
4.98948e-05 , 8.40029e-05 , 1.14294e-05 , -6.11596e-07 , -7.62178e-05 , -0.000191095 , 0.498948 , 0.840029 , 0.114294 , -0.00611595 , -0.762178 , -1.91095 , -0.00046659 , -0.000379015 , -0.00118845 , -0.000571355 , -0.00802591 , 0.00792064 , -0.00459963 , -0.00377949 , -0.0117758 , -0.00570969 , -0.0801903 , 0.0792716
5.65661e-05 , 8.00526e-05 , 1.54411e-05 , 7.20497e-07 , -0.000136181 , -0.000144404 , 0.565661 , 0.800526 , 0.154411 , 0.00720497 , -1.36181 , -1.44404 , -0.000431092 , -0.000499547 , -0.000653052 , -0.000598554 , -0.00292666 , 0.00689357 , -0.00427144 , -0.00495497 , -0.00645315 , -0.00595174 , -0.0292518 , 0.0689838
6.25855e-05 , 7.33313e-05 , 1.83706e-05 , 2.69226e-06 , -0.00017301 , -7.98461e-05 , 0.625855 , 0.733313 , 0.183706 , 0.0269226 , -1.7301 , -0.798461 , -0.000424861 , -0.000643527 , -0.000204918 , -0.000711021 , 0.00156651 , 0.00403499 , -0.00423761 , -0.0063636 , -0.00201635 , -0.00703304 , 0.0156736 , 0.0403664
6.69933e-05 , 6.44699e-05 , 2.03948e-05 , 5.65837e-06 , -0.000182285 , -8.03533e-06 , 0.669933 , 0.644699 , 0.203948 , 0.0565837 , -1.82285 , -0.0803533 , -0.000458568 , -0.000795753 , 0.000119882 , -0.000855965 , 0.0048297 , -0.000276724 , -0.00458538 , -0.00787321 , 0.00120176 , -0.00845329 , 0.0483246 , -0.00276587
6.91292e-05 , 5.43684e-05 , 2.18133e-05 , 9.86461e-06 , -0.000164143 , 5.97035e-05 , 0.691292 , 0.543684 , 0.218133 , 0.0986462 , -1.64143 , 0.597035 , -0.000535982 , -0.000940152 , 0.000309666 , -0.000973417 , 0.00642168 , -0.00545425 , -0.00534437 , -0.00933146 , 0.00310353 , -0.00963177 , 0.06426 , -0.0545099
6.86952e-05 , 4.40607e-05 , 2.30074e-05 , 1.54053e-05 , -0.00012312 , 0.000113225 , 0.686952 , 0.440607 , 0.230074 , 0.154053 , -1.2312 , 1.13225 , -0.000652515 , -0.00106277 , 0.000379815 , -0.00100742 , 0.00614686 , -0.0107824 , -0.00647799 , -0.0105896 , 0.00384015 , -0.0100066 , 0.0615067 , -0.107705
6.57658e-05 , 3.45711e-05 , 2.43857e-05 , 2.2197e-05 , -6.72437e-05 , 0.000145218 , 0.657658 , 0.345711 , 0.243857 , 0.22197 , -0.672437 , 1.45218 , -0.000796101 , -0.00115344 , 0.000369525 , -0.000915186 , 0.00408306 , -0.0155192 , -0.00788639 , -0.0115251 , 0.00378053 , -0.00912731 , 0.0408477 , -0.154951
6.07435e-05 , 2.67827e-05 , 2.63228e-05 , 2.9972e-05 , -6.53713e-06 , 0.000152326 , 0.607435 , 0.267827 , 0.263228 , 0.29972 , -0.0653713 , 1.52326 , -0.000950028 , -0.00120611 , 0.000333281 , -0.000672691 , 0.000570071 , -0.0190026 , -0.00942071 , -0.0120591 , 0.003441 , -0.00672592 , 0.00570333 , -0.189669
5.42714e-05 , 2.13377e-05 , 2.9102e-05 , 3.8293e-05 , 4.87824e-05 , 0.000135549 , 0.542714 , 0.213377 , 0.29102 , 0.38293 , 0.487824 , 1.35549 , -0.00109644 , -0.00121864 , 0.000329479 , -0.000276729 , -0.00383966 , -0.020746 , -0.0109056 , -0.0121662 , 0.00339055 , -0.00275563 , -0.0383773 , -0.207038
4.71186e-05 , 1.8579e-05 , 3.28666e-05 , 4.6589e-05 , 9.00879e-05 , 9.98608e-05 , 0.471186 , 0.18579 , 0.328666 , 0.46589 , 0.900879 , 0.998608 , -0.00121916 , -0.00119269 , 0.000409382 , 0.000255775 , -0.00846179 , -0.0205078 , -0.0121651 , -0.0118769 , 0.00415025 , 0.00260612 , -0.0845409 , -0.204666
4.00596e-05 , 1.85342e-05 , 3.75867e-05 , 5.42124e-05 , 0.000111782 , 5.31291e-05 , 0.400596 , 0.185342 , 0.375867 , 0.542124 , 1.11782 , 0.531291 , -0.0013052 , -0.00113412 , 0.000608926 , 0.000890406 , -0.0125808 , -0.0183228 , -0.0130478 , -0.0112711 , 0.00610548 , 0.00898988 , -0.125646 , -0.182897
3.37677e-05 , 2.0936e-05 , 4.30452e-05 , 6.05113e-05 , 0.000112138 , 4.54749e-06 , 0.337677 , 0.20936 , 0.430452 , 0.605113 , 1.12138 , 0.0454749 , -0.00134524 , -0.00105309 , 0.000944366 , 0.00157971 , -0.0155558 , -0.014491 , -0.0134465 , -0.0104644 , 0.00944464 , 0.0158961 , -0.155316 , -0.1447
2.87383e-05 , 2.5271e-05 , 4.88449e-05 , 6.49099e-05 , 9.33955e-05 , -3.71112e-05 , 0.287383 , 0.25271 , 0.488449 , 0.649099 , 0.933956 , -0.371112 , -0.00133395 , -0.000963019 , 0.00141132 , 0.00226972 , -0.0169147 , -0.00952607 , -0.013311 , -0.0095883 , 0.0141324 , 0.0227774 , -0.168865 , -0.095166
2.52464e-05 , 3.08451e-05 , 5.4442e-05 , 6.69843e-05 , 6.11188e-05 , -6.50938e-05 , 0.252464 , 0.308451 , 0.54442 , 0.669843 , 0.611188 , -0.650938 , -0.00127075 , -0.000877939 , 0.00198624 , 0.00290837 , -0.0164222 , -0.00407133 , -0.0126529 , -0.0087657 , 0.0199191 , 0.0291279 , -0.163957 , -0.0406913
2.33378e-05 , 3.68597e-05 , 5.92031e-05 , 6.65186e-05 , 2.29517e-05 , -7.58172e-05 , 0.233378 , 0.368597 , 0.592031 , 0.665186 , 0.229517 , -0.758172 , -0.0011606 , -0.000808815 , 0.00262964 , 0.00345459 , -0.0141089 , 0.0012008 , -0.0115411 , -0.00808746 , 0.0263837 , 0.034563 , -0.140892 , 0.0120137
2.28443e-05 , 4.24909e-05 , 6.24844e-05 , 6.35327e-05 , -1.29706e-05 , -6.93642e-05 , 0.228443 , 0.424909 , 0.624844 , 0.635327 , -0.129706 , -0.693642 , -0.00101413 , -0.000760317 , 0.00329118 , 0.00388557 , -0.0102597 , 0.00569049 , -0.0100889 , -0.00759328 , 0.0330033 , 0.038874 , -0.10249 , 0.0569392
2.3416e-05 , 4.6963e-05 , 6.37196e-05 , 5.82771e-05 , -3.96381e-05 , -4.92474e-05 , 0.23416 , 0.46963 , 0.637196 , 0.582771 , -0.396381 , -0.492474 , -0.00084602 , -0.000729404 , 0.00391681 , 0.00419991 , -0.00536118 , 0.00895676 , -0.00843399 , -0.00726209 , 0.0392375 , 0.0420459 , -0.0535783 , 0.0896488
2.45644e-05 , 4.96102e-05 , 6.25024e-05 , 5.11974e-05 , -5.24951e-05 , -2.151e-05 , 0.245644 , 0.496102 , 0.625024 , 0.511974 , -0.524951 , -0.2151 , -0.000671817 , -0.000706291 , 0.00445746 , 0.00441525 , -2.03707e-05 , 0.0107757 , -0.0067134 , -0.00701408 , 0.0446138 , 0.0442353 , -0.000198481 , 0.107875
2.57135e-05 , 4.9916e-05 , 5.86477e-05 , 4.2878e-05 , -5.0227e-05 , 6.63995e-06 , 0.257135 , 0.49916 , 0.586477 , 0.42878 , -0.50227 , 0.0663995 , -0.000504109 , -0.000677128 , 0.0048774 , 0.00456129 , 0.00513299 , 0.0111624 , -0.00503957 , -0.00672374 , 0.0487985 , 0.0457151 , 0.0513599 , 0.111754
2.62554e-05 , 4.7529e-05 , 5.22204e-05 , 3.39711e-05 , -3.48657e-05 , 2.83772e-05 , 0.262554 , 0.47529 , 0.522204 , 0.339711 , -0.348657 , 0.283772 , -0.000349671 , -0.000627058 , 0.00516014 , 0.0046706 , 0.00954264 , 0.010355 , -0.00348108 , -0.0062411 , 0.0516373 , 0.0467991 , 0.0955195 , 0.103667
2.56054e-05 , 4.22598e-05 , 4.35304e-05 , 2.51208e-05 , -1.12103e-05 , 3.86739e-05 , 0.256054 , 0.422598 , 0.435304 , 0.251208 , -0.112103 , 0.386739 , -0.000208643 , -0.000542549 , 0.00530948 , 0.00477017 , 0.0128058 , 0.00876382 , -0.0020528 , -0.00541692 , 0.0531598 , 0.0477655 , 0.128224 , 0.0877281
2.32496e-05 , 3.40665e-05 , 3.30981e-05 , 1.68855e-05 , 1.43014e-05 , 3.52979e-05 , 0.232496 , 0.340665 , 0.330981 , 0.168855 , 0.143014 , 0.352979 , -7.57293e-05 , -0.000412779 , 0.00534559 , 0.00487587 , 0.0147244 , 0.00689493 , -0.000716888 , -0.00412763 , 0.0535469 , 0.0487938 , 0.147466 , 0.0690093
1.87767e-05 , 2.30425e-05 , 2.15968e-05 , 9.66959e-06 , 3.50265e-05 , 1.92034e-05 , 0.187767 , 0.230425 , 0.215968 , 0.0966959 , 0.350265 , 0.192034 , 5.75385e-05 , -0.000230578 , 0.00529756 , 0.00499014 , 0.0153214 , 0.00526075 , 0.000606176 , -0.00229645 , 0.0530714 , 0.0499269 , 0.15346 , 0.0526439
1.18951e-05 , 9.41015e-06 , 9.78108e-06 , 3.67218e-06 , 4.55559e-05 , -5.75396e-06 , 0.118951 , 0.0941015 , 0.0978109 , 0.0367218 , 0.455559 , -0.0575396 , 0.000200654 , 6.41061e-06 , 0.00519501 , 0.00510242 , 0.0148205 , 0.004293 , 0.00201944 , 9.17968e-05 , 0.0520271 , 0.0510622 , 0.14844 , 0.0429523
2.43761e-06 , -6.48145e-06 , -1.59624e-06 , -1.13167e-06 , 4.28625e-05 , -3.37026e-05 , 0.0243762 , -0.0648145 , -0.0159623 , -0.0113167 , 0.428625 , -0.337026 , 0.000362678 , 0.000294361 , 0.00506144 , 0.00519118 , 0.0135937 , 0.00427231 , 0.00362778 , 0.00298409 , 0.0506625 , 0.051972 , 0.136139 , 0.042742
-9.63536e-06 , -2.41621e-05 , -1.187e-05 , -4.97143e-06 , 2.69278e-05 , -5.80486e-05 , -0.0963536 , -0.241621 , -0.1187 , -0.0497143 , 0.269278 , -0.580486 , 0.000551226 , 0.000622391 , 0.00491035 , 0.00522736 , 0.0120875 , 0.00528644 , 0.00551632 , 0.0062621 , 0.049131 , 0.0523474 , 0.121036 , 0.052893
-2.42279e-05 , -4.30591e-05 , -2.05418e-05 , -8.22357e-06 , 7.25575e-07 , -7.29008e-05 , -0.242279 , -0.430591 , -0.205418 , -0.0822357 , 0.00725578 , -0.729008 , 0.000771285 , 0.00097311 , 0.00474414 , 0.00517893 , 0.0107399 , 0.00722341 , 0.00773187 , 0.00975451 , 0.0474673 , 0.0518581 , 0.107524 , 0.0722897
-4.1096e-05 , -6.2532e-05 , -2.73374e-05 , -1.13287e-05 , -3.04225e-05 , -7.43306e-05 , -0.41096 , -0.62532 , -0.273374 , -0.113287 , -0.304225 , -0.743306 , 0.00102362 , 0.00132495 , 0.00455503 , 0.00501676 , 0.00990279 , 0.00979963 , 0.0102699 , 0.0132575 , 0.0455892 , 0.0502167 , 0.0991297 , 0.0980991
-5.98378e-05 , -8.19176e-05 , -3.22284e-05 , -1.47023e-05 , -5.99772e-05 , -6.12086e-05 , -0.598378 , -0.819176 , -0.322284 , -0.147023 , -0.599772 , -0.612086 , 0.00130322 , 0.0016557 , 0.00432724 , 0.0047208 , 0.00978341 , 0.0126168 , 0.0130694 , 0.0165601 , 0.0433248 , 0.0472366 , 0.097931 , 0.126336
-7.98971e-05 , -0.000100579 , -3.54107e-05 , -1.86583e-05 , -8.15565e-05 , -3.54501e-05 , -0.798971 , -1.00579 , -0.354107 , -0.186583 , -0.815565 , -0.354501 , 0.00159881 , 0.00194598 , 0.00404029 , 0.0042851 , 0.0104145 , 0.0152362 , 0.0160155 , 0.0194705 , 0.0404566 , 0.0428704 , 0.104256 , 0.152603
-0.000100588 , -0.000117948 , -3.72457e-05 , -2.33553e-05 , -9.02681e-05 , -1.62721e-06 , -1.00588 , -1.17948 , -0.372457 , -0.233553 , -0.902681 , -0.0162721 , 0.00189387 , 0.00218158 , 0.0036735 , 0.00371982 , 0.0116572 , 0.0172572 , 0.0189518 , 0.0218388 , 0.0367756 , 0.037222 , 0.116714 , 0.172877
-0.000121137 , -0.000133556 , -3.81794e-05 , -2.87705e-05 , -8.3725e-05 , 3.39635e-05 , -1.21137 , -1.33556 , -0.381794 , -0.287705 , -0.83725 , 0.339635 , 0.00216931 , 0.00235431 , 0.00321117 , 0.00304968 , 0.0132356 , 0.0183845 , 0.0216986 , 0.0235723 , 0.0321332 , 0.0305302 , 0.13254 , 0.18419
-0.000140744 , -0.000147065 , -3.86583e-05 , -3.46974e-05 , -6.254e-05 , 6.45783e-05 , -1.40744 , -1.47065 , -0.386583 , -0.346974 , -0.6254 , 0.645783 , 0.00240657 , 0.0024618 , 0.00264736 , 0.00230908 , 0.0147944 , 0.018475 , 0.0240751 , 0.0246426 , 0.0264819 , 0.0231279 , 0.148174 , 0.1851
-0.000158634 , -0.000158274 , -3.90584e-05 , -4.0767e-05 , -3.02058e-05 , 8.43832e-05 , -1.58634 , -1.58274 , -0.390584 , -0.40767 , -0.302058 , 0.843832 , 0.00259023 , 0.00250691 , 0.00198885 , 0.00153591 , 0.0159699 , 0.0175546 , 0.0259225 , 0.0250831 , 0.0198953 , 0.0153888 , 0.159963 , 0.175866
-0.000174118 , -0.000167131 , -3.96346e-05 , -4.64912e-05 , 7.60605e-06 , 8.96099e-05 , -1.74118 , -1.67131 , -0.396346 , -0.464912 , 0.0760605 , 0.8961 , 0.00270947 , 0.00249713 , 0.00125498 , 0.000765653 , 0.0164587 , 0.0158052 , 0.0271229 , 0.0249783 , 0.012564 , 0.00767178 , 0.164864 , 0.158317
-0.000186631 , -0.000173723 , -4.04909e-05 , -5.1329e-05 , 4.41746e-05 , 7.92824e-05 , -1.86631 , -1.73723 , -0.404909 , -0.51329 , 0.441746 , 0.792824 , 0.00275858 , 0.00244381 , 0.000474727 , 2.72393e-05 , 0.0160739 , 0.0135239 , 0.0276125 , 0.0244475 , 0.00476886 , 0.000275546 , 0.161002 , 0.135437
-0.000195772 , -0.000178242 , -4.15725e-05 , -5.47671e-05 , 7.30503e-05 , 5.53718e-05 , -1.95772 , -1.78242 , -0.415725 , -0.547671 , 0.730503 , 0.553718 , 0.002737 , 0.00236061 , -0.000318286 , -0.000659061 , 0.0147776 , 0.0110634 , 0.0273875 , 0.023625 , -0.00316076 , -0.00659006 , 0.148 , 0.110768
-0.000201327 , -0.000180942 , -4.26797e-05 , -5.64022e-05 , 8.92976e-05 , 2.2364e-05 , -2.01327 , -1.80942 , -0.426797 , -0.564022 , 0.892976 , 0.22364 , 0.00264927 , 0.0022613 , -0.00109092 , -0.00128204 , 0.012685 , 0.00876521 , 0.0265015 , 0.0226401 , -0.0108934 , -0.0128131 , 0.12702 , 0.0877348
-0.000203281 , -0.00018208 , -4.35054e-05 , -5.60057e-05 , 9.04096e-05 , -1.36621e-05 , -2.03281 , -1.8208 , -0.435054 , -0.560057 , 0.904096 , -0.136621 , 0.00250482 , 0.00215727 , -0.00181459 , -0.00183872 , 0.0100404 , 0.00689728 , 0.0250556 , 0.0215997 , -0.0181377 , -0.01837 , 0.100516 , 0.0690217
-0.000201799 , -0.000181865 , -4.36957e-05 , -5.35549e-05 , 7.67217e-05 , -4.62438e-05 , -2.01799 , -1.81865 , -0.436957 , -0.535549 , 0.767217 , -0.462438 , 0.00231705 , 0.00205571 , -0.00246773 , -0.00233252 , 0.00716994 , 0.00560886 , 0.0231839 , 0.0205753 , -0.0246712 , -0.0233022 , 0.0717615 , 0.0561206
-0.000197201 , -0.000180421 , -4.29227e-05 , -4.92264e-05 , 5.12555e-05 , -6.97839e-05 , -1.97201 , -1.80421 , -0.429227 , -0.492264 , 0.512555 , -0.697839 , 0.00210143 , 0.00195891 , -0.00303655 , -0.00277065 , 0.00442043 , 0.00490916 , 0.0210351 , 0.019597 , -0.0303544 , -0.0276845 , 0.0442307 , 0.0491193
-0.000189906 , -0.000177778 , -4.09525e-05 , -4.3357e-05 , 1.90433e-05 , -8.05864e-05 , -1.89906 , -1.77778 , -0.409525 , -0.43357 , 0.190433 , -0.805864 , 0.00187319 , 0.0018649 , -0.00351476 , -0.0031611 , 0.00209632 , 0.00467379 , 0.0187542 , 0.0186526 , -0.0351274 , -0.0315938 , 0.0209699 , 0.0467681
-0.000180373 , -0.000173873 , -3.76923e-05 , -3.63877e-05 , -1.39133e-05 , -7.74806e-05 , -1.80373 , -1.73873 , -0.376923 , -0.363877 , -0.139133 , -0.774806 , 0.00164503 , 0.00176856 , -0.00390231 , -0.00350979 , 0.000406173 , 0.00467662 , 0.0164664 , 0.0176934 , -0.0389956 , -0.0350843 , 0.00406192 , 0.0467994
-0.000169058 , -0.000168579 , -3.32042e-05 , -2.88038e-05 , -4.18288e-05 , -6.19244e-05 , -1.69058 , -1.68579 , -0.332042 , -0.288038 , -0.418288 , -0.619244 , 0.00142581 , 0.00166288 , -0.00420357 , -0.0038188 , -0.000571302 , 0.00464009 , 0.0142649 , 0.0166446 , -0.0420063 , -0.0381734 , -0.00571103 , 0.046433
-0.000156369 , -0.000161725 , -2.76889e-05 , -2.10792e-05 , -6.02194e-05 , -3.75881e-05 , -1.56369 , -1.61725 , -0.276889 , -0.210792 , -0.602194 , -0.375881 , 0.00122021 , 0.00153988 , -0.00442519 , -0.00408612 , -0.00089596 , 0.00429407 , 0.0122037 , 0.0154192 , -0.044225 , -0.0408417 , -0.00895261 , 0.0429657
-0.000142653 , -0.000153136 , -2.14466e-05 , -1.3631e-05 , -6.66786e-05 , -9.5257e-06 , -1.42653 , -1.53136 , -0.214466 , -0.13631 , -0.666786 , -0.095257 , 0.00102921 , 0.00139155 , -0.00457394 , -0.00430689 , -0.000748763 , 0.00343173 , 0.010296 , 0.0139332 , -0.0457162 , -0.0430442 , -0.00747646 , 0.0343312
-0.000128191 , -0.000142659 , -1.48302e-05 , -6.78417e-06 , -6.12022e-05 , 1.68819e-05 , -1.28191 , -1.42659 , -0.148302 , -0.0678417 , -0.612022 , 0.168819 , 0.000850599 , 0.00121111 , -0.00465538 , -0.00447549 , -0.000392245 , 0.0019521 , 0.00851716 , 0.0121208 , -0.0465321 , -0.0447277 , -0.00391028 , 0.0195249
-0.000113192 , -0.0001302 , -8.19903e-06 , -7.51046e-07 , -4.60215e-05 , 3.69869e-05 , -1.13192 , -1.302 , -0.0819903 , -0.00751044 , -0.460215 , 0.369869 , 0.000679617 , 0.000994408 , -0.00467352 , -0.00458754 , -0.000116982 , -0.000118416 , 0.0068129 , 0.00994666 , -0.0467126 , -0.0458493 , -0.00116024 , -0.00118301
