3.56018e-23 , 7.02041e-22 , 3.29559e-23 , 5.73643e-22 , 1.33511e-22 , 2.3195e-21 , 3.56018e-19 , 7.02041e-18 , 3.29559e-19 , 5.73643e-18 , 1.33511e-18 , 2.3195e-17 , -2.39277e-23 , -3.82429e-22 , 3.55093e-24 , 8.77946e-23 , -6.63368e-23 , -1.4263e-21 , -2.39277e-22 , -3.82429e-21 , 3.55093e-23 , 8.77946e-22 , -6.63368e-22 , -1.4263e-20
6.35454e-20 , 5.70682e-19 , 1.76279e-20 , 1.19599e-19 , 1.28291e-19 , 1.09634e-18 , 6.35454e-16 , 5.70682e-15 , 1.76279e-16 , 1.19599e-15 , 1.28291e-15 , 1.09634e-14 , 1.63192e-20 , 2.16658e-19 , 3.05882e-20 , 3.2182e-19 , -2.20641e-19 , -2.16613e-18 , 1.63192e-19 , 2.16658e-18 , 3.05882e-19 , 3.2182e-18 , -2.20641e-18 , -2.16613e-17
4.22044e-18 , 2.39414e-17 , 2.74182e-19 , 5.54369e-19 , 7.55366e-18 , 4.22381e-17 , 4.22044e-14 , 2.39414e-13 , 2.74182e-15 , 5.54369e-15 , 7.55366e-14 , 4.22381e-13 , 2.98883e-18 , 1.96125e-17 , 3.74625e-18 , 2.43395e-17 , -2.15672e-17 , -1.35582e-16 , 2.98883e-17 , 1.96125e-16 , 3.74625e-17 , 2.43395e-16 , -2.15672e-16 , -1.35582e-15
8.06502e-17 , 3.27297e-16 , -1.63036e-18 , -1.4725e-17 , 1.44003e-16 , 5.91394e-16 , 8.06502e-13 , 3.27297e-12 , -1.63036e-14 , -1.4725e-13 , 1.44003e-12 , 5.91394e-12 , 7.98772e-17 , 3.6046e-16 , 1.0268e-16 , 4.73141e-16 , -5.49912e-16 , -2.49184e-15 , 7.98772e-16 , 3.6046e-15 , 1.0268e-15 , 4.73141e-15 , -5.49912e-15 , -2.49184e-14
7.89825e-16 , 2.44192e-15 , -4.49414e-17 , -1.73807e-16 , 1.46933e-15 , 4.68056e-15 , 7.89825e-12 , 2.44192e-11 , -4.49414e-13 , -1.73807e-12 , 1.46933e-11 , 4.68056e-11 , 9.55608e-16 , 3.25538e-15 , 1.29543e-15 , 4.53783e-15 , -6.75197e-15 , -2.34466e-14 , 9.55608e-15 , 3.25538e-14 , 1.29543e-14 , 4.53783e-14 , -6.75197e-14 , -2.34466e-13
5.0706e-15 , 1.23873e-14 , -3.6962e-16 , -9.9799e-16 , 9.95224e-15 , 2.53329e-14 , 5.0706e-11 , 1.23873e-10 , -3.6962e-12 , -9.9799e-12 , 9.95224e-11 , 2.53329e-10 , 7.12313e-15 , 1.9189e-14 , 1.01139e-14 , 2.80411e-14 , -5.21647e-14 , -1.4404e-13 , 7.12313e-14 , 1.9189e-13 , 1.01139e-13 , 2.80411e-13 , -5.21647e-13 , -1.4404e-12
2.42663e-14 , 4.78925e-14 , -1.92371e-15 , -3.95478e-15 , 5.02554e-14 , 1.04082e-13 , 2.42663e-10 , 4.78925e-10 , -1.92371e-11 , -3.95478e-11 , 5.02554e-10 , 1.04082e-09 , 3.85741e-14 , 8.44036e-14 , 5.68195e-14 , 1.27851e-13 , -2.92121e-13 , -6.56686e-13 , 3.85741e-13 , 8.44036e-13 , 5.68195e-13 , 1.27851e-12 , -2.92121e-12 , -6.56686e-12
9.33629e-14 , 1.50789e-13 , -7.55193e-15 , -1.22294e-14 , 2.03172e-13 , 3.46084e-13 , 9.33629e-10 , 1.50789e-09 , -7.55193e-11 , -1.22294e-10 , 2.03172e-09 , 3.46084e-09 , 1.65326e-13 , 2.9856e-13 , 2.50666e-13 , 4.64972e-13 , -1.28932e-12 , -2.39539e-12 , 1.65326e-12 , 2.9856e-12 , 2.50666e-12 , 4.64972e-12 , -1.28932e-11 , -2.39539e-11
3.02983e-13 , 4.02753e-13 , -2.42441e-14 , -3.13591e-14 , 6.89285e-13 , 9.70665e-13 , 3.02983e-09 , 4.02753e-09 , -2.42441e-10 , -3.13591e-10 , 6.89285e-09 , 9.70665e-09 , 5.91361e-13 , 8.89226e-13 , 9.17518e-13 , 1.4157e-12 , -4.73158e-12 , -7.32965e-12 , 5.91361e-12 , 8.89226e-12 , 9.17518e-12 , 1.4157e-11 , -4.73158e-11 , -7.32965e-11
8.56466e-13 , 9.36346e-13 , -6.66359e-14 , -6.89269e-14 , 2.02717e-12 , 2.35939e-12 , 8.56466e-09 , 9.36346e-09 , -6.66359e-10 , -6.89269e-10 , 2.02717e-08 , 2.35939e-08 , 1.82862e-12 , 2.29692e-12 , 2.89086e-12 , 3.72342e-12 , -1.49679e-11 , -1.94051e-11 , 1.82862e-11 , 2.29692e-11 , 2.89086e-11 , 3.72342e-11 , -1.49679e-10 , -1.94051e-10
2.15656e-12 , 1.92407e-12 , -1.61377e-13 , -1.32055e-13 , 5.28878e-12 , 5.05587e-12 , 2.15656e-08 , 1.92407e-08 , -1.61377e-09 , -1.32055e-09 , 5.28878e-08 , 5.05587e-08 , 5.0094e-12 , 5.24512e-12 , 8.04381e-12 , 8.63427e-12 , -4.18609e-11 , -4.53679e-11 , 5.0094e-11 , 5.24512e-11 , 8.04381e-11 , 8.63427e-11 , -4.18609e-10 , -4.53679e-10
4.91449e-12 , 3.51844e-12 , -3.5091e-13 , -2.21264e-13 , 1.24463e-11 , 9.63781e-12 , 4.91449e-08 , 3.51844e-08 , -3.5091e-09 , -2.21264e-09 , 1.24463e-07 , 9.63781e-08 , 1.23725e-11 , 1.07127e-11 , 2.01327e-11 , 1.78778e-11 , -1.05409e-10 , -9.48829e-11 , 1.23725e-10 , 1.07127e-10 , 2.01327e-10 , 1.78778e-10 , -1.05409e-09 , -9.48829e-10
1.02521e-11 , 5.71167e-12 , -6.93731e-13 , -3.19804e-13 , 2.67441e-11 , 1.63571e-11 , 1.02521e-07 , 5.71167e-08 , -6.93731e-09 , -3.19804e-09 , 2.67441e-07 , 1.63571e-07 , 2.79069e-11 , 1.96701e-11 , 4.59397e-11 , 3.32534e-11 , -2.42211e-10 , -1.78703e-10 , 2.79069e-10 , 1.96701e-10 , 4.59397e-10 , 3.32534e-10 , -2.42211e-09 , -1.78703e-09
1.97368e-11 , 8.09318e-12 , -1.25678e-12 , -3.79309e-13 , 5.29338e-11 , 2.44547e-11 , 1.97368e-07 , 8.09318e-08 , -1.25678e-08 , -3.79309e-09 , 5.29338e-07 , 2.44547e-07 , 5.80277e-11 , 3.24023e-11 , 9.65222e-11 , 5.55062e-11 , -5.12959e-10 , -3.03169e-10 , 5.80277e-10 , 3.24023e-10 , 9.65222e-10 , 5.55062e-10 , -5.12959e-09 , -3.03169e-09
3.52574e-11 , 9.517e-12 , -2.09519e-12 , -3.05627e-13 , 9.71022e-11 , 3.11381e-11 , 3.52574e-07 , 9.517e-08 , -2.09519e-08 , -3.05627e-09 , 9.71022e-07 , 3.11381e-07 , 1.11997e-10 , 4.72623e-11 , 1.88093e-10 , 8.21986e-11 , -1.00867e-09 , -4.59281e-10 , 1.11997e-09 , 4.72623e-10 , 1.88093e-09 , 8.21986e-10 , -1.00867e-08 , -4.59281e-09
5.86342e-11 , 7.75498e-12 , -3.21627e-12 , 4.73174e-14 , 1.65739e-10 , 3.03845e-11 , 5.86342e-07 , 7.75498e-08 , -3.21627e-08 , 4.73174e-10 , 1.65739e-06 , 3.03845e-07 , 2.0161e-10 , 5.88445e-11 , 3.41721e-10 , 1.04514e-10 , -1.85144e-09 , -6.05569e-10 , 2.0161e-09 , 5.88445e-10 , 3.41721e-09 , 1.04514e-09 , -1.85144e-08 , -6.05569e-09
9.08828e-11 , -6.98825e-13 , -4.52989e-12 , 8.64407e-13 , 2.63724e-10 , 1.20113e-11 , 9.08828e-07 , -6.98825e-09 , -4.52989e-08 , 8.64407e-09 , 2.63724e-06 , 1.20113e-07 , 3.39519e-10 , 5.58726e-11 , 5.80765e-10 , 1.03456e-10 , -3.18395e-09 , -6.46467e-10 , 3.39519e-09 , 5.58726e-10 , 5.80765e-09 , 1.03456e-09 , -3.18395e-08 , -6.46467e-09
1.31148e-10 , -2.04162e-11 , -5.79574e-12 , 2.3251e-12 , 3.91131e-10 , -3.82276e-11 , 1.31148e-06 , -2.04162e-07 , -5.79574e-08 , 2.3251e-08 , 3.91131e-06 , -3.82276e-07 , 5.35637e-10 , 1.95853e-11 , 9.25014e-10 , 4.67629e-11 , -5.14136e-09 , -4.12155e-10 , 5.35637e-09 , 1.95853e-10 , 9.25014e-09 , 4.67629e-10 , -5.14136e-08 , -4.12155e-09
1.75501e-10 , -5.61135e-11 , -6.58801e-12 , 4.52155e-12 , 5.39265e-10 , -1.36523e-10 , 1.75501e-06 , -5.61135e-07 , -6.58801e-08 , 4.52155e-08 , 5.39265e-06 , -1.36523e-06 , 7.91429e-10 , -7.60367e-11 , 1.38111e-09 , -1.11079e-10 , -7.80204e-09 , 3.48676e-10 , 7.91429e-09 , -7.60367e-10 , 1.38111e-08 , -1.11079e-09 , -7.80204e-08 , 3.48676e-09
2.16036e-10 , -1.10786e-10 , -6.30561e-12 , 7.34725e-12 , 6.87091e-10 , -2.95934e-10 , 2.16036e-06 , -1.10786e-06 , -6.30561e-08 , 7.34725e-08 , 6.87091e-06 , -2.95934e-06 , 1.09281e-09 , -2.60418e-10 , 1.93042e-09 , -4.22488e-10 , -1.11202e-08 , 1.94659e-09 , 1.09281e-08 , -2.60418e-09 , 1.93042e-08 , -4.22488e-09 , -1.11202e-07 , 1.94659e-08
2.40967e-10 , -1.82923e-10 , -4.25594e-12 , 1.03915e-11 , 8.00124e-10 , -5.18003e-10 , 2.40967e-06 , -1.82923e-06 , -4.25594e-08 , 1.03915e-07 , 8.00124e-06 , -5.18003e-06 , 1.4037e-09 , -5.57156e-10 , 2.518e-09 , -9.30702e-10 , -1.48554e-08 , 4.68144e-09 , 1.4037e-08 , -5.57156e-09 , 2.518e-08 , -9.30702e-09 , -1.48554e-07 , 4.68144e-08
2.36529e-10 , -2.63292e-10 , 1.74997e-13 , 1.29132e-11 , 8.34476e-10 , -7.82018e-10 , 2.36529e-06 , -2.63292e-06 , 1.74997e-09 , 1.29132e-07 , 8.34476e-06 , -7.82018e-06 , 1.66402e-09 , -9.68532e-10 , 3.04939e-09 , -1.64181e-09 , -1.85301e-08 , 8.7116e-09 , 1.66402e-08 , -9.68532e-09 , 3.04939e-08 , -1.64181e-08 , -1.85301e-07 , 8.7116e-08
1.91357e-10 , -3.32462e-10 , 7.29135e-12 , 1.40106e-11 , 7.48698e-10 , -1.03485e-09 , 1.91357e-06 , -3.32462e-06 , 7.29135e-08 , 1.40106e-07 , 7.48698e-06 , -1.03485e-05 , 1.79693e-09 , -1.45491e-09 , 3.40488e-09 , -2.48573e-09 , -2.14586e-08 , 1.38653e-08 , 1.79693e-08 , -1.45491e-08 , 3.40488e-08 , -2.48573e-08 , -2.14586e-07 , 1.38653e-07
1.03364e-10 , -3.6088e-10 , 1.68944e-11 , 1.31234e-11 , 5.24558e-10 , -1.18658e-09 , 1.03364e-06 , -3.6088e-06 , 1.68944e-07 , 1.31234e-07 , 5.24558e-06 , -1.18658e-05 , 1.73066e-09 , -1.91345e-09 , 3.48151e-09 , -3.27149e-09 , -2.29019e-08 , 1.94242e-08 , 1.73066e-08 , -1.91345e-08 , 3.48151e-08 , -3.27149e-08 , -2.29019e-07 , 1.94242e-07
-1.20455e-11 , -3.13681e-10 , 2.83394e-11 , 1.09847e-11 , 1.94775e-10 , -1.11873e-09 , -1.20455e-07 , -3.13681e-06 , 2.83394e-07 , 1.09847e-07 , 1.94775e-06 , -1.11873e-05 , 1.438e-09 , -2.16444e-09 , 3.27133e-09 , -3.64767e-09 , -2.23878e-08 , 2.39459e-08 , 1.438e-08 , -2.16444e-08 , 3.27133e-08 , -3.64767e-08 , -2.23878e-07 , 2.39459e-07
-1.15204e-10 , -1.62115e-10 , 4.11871e-11 , 1.10755e-11 , -1.29185e-10 , -7.11966e-10 , -1.15204e-06 , -1.62115e-06 , 4.11871e-07 , 1.10755e-07 , -1.29185e-06 , -7.11966e-06 , 9.92195e-10 , -1.95701e-09 , 2.97917e-09 , -3.08293e-09 , -2.02058e-08 , 2.52248e-08 , 9.92195e-09 , -1.95701e-08 , 2.97917e-08 , -3.08293e-08 , -2.02058e-07 , 2.52248e-07
-1.41298e-10 , 9.78505e-11 , 5.68817e-11 , 2.15917e-11 , -2.41549e-10 , 1.03511e-10 , -1.41298e-06 , 9.78505e-07 , 5.68817e-07 , 2.15917e-07 , -2.41549e-06 , 1.03511e-06 , 6.30086e-10 , -1.00609e-09 , 3.17507e-09 , -8.80366e-10 , -1.80215e-08 , 2.05051e-08 , 6.30086e-09 , -1.00609e-08 , 3.17507e-08 , -8.80366e-09 , -1.80215e-07 , 2.05051e-07
-1.07069e-11 , 4.21476e-10 , 8.1865e-11 , 5.79843e-11 , 1.44577e-10 , 1.27872e-09 , -1.07069e-07 , 4.21476e-06 , 8.1865e-07 , 5.79843e-07 , 1.44577e-06 , 1.27872e-05 , 8.03595e-10 , 9.32197e-10 , 4.96825e-09 , 3.77451e-09 , -1.94784e-08 , 7.02002e-09 , 8.03595e-09 , 9.32197e-09 , 4.96825e-08 , 3.77451e-08 , -1.94784e-07 , 7.02002e-08
3.44685e-10 , 6.90616e-10 , 1.32412e-10 , 1.46316e-10 , 1.33894e-09 , 2.57298e-09 , 3.44685e-06 , 6.90616e-06 , 1.32412e-06 , 1.46316e-06 , 1.33894e-05 , 2.57298e-05 , 2.19163e-09 , 3.95171e-09 , 1.01832e-08 , 1.17665e-08 , -3.05708e-08 , -1.71801e-08 , 2.19163e-08 , 3.95171e-08 , 1.01832e-07 , 1.17665e-07 , -3.05708e-07 , -1.71801e-07
9.37169e-10 , 6.96482e-10 , 2.41423e-10 , 3.27908e-10 , 3.56174e-09 , 3.50479e-09 , 9.37169e-06 , 6.96482e-06 , 2.41423e-06 , 3.27908e-06 , 3.56174e-05 , 3.50479e-05 , 5.64106e-09 , 7.87614e-09 , 2.15242e-08 , 2.40965e-08 , -5.9548e-08 , -5.23471e-08 , 5.64106e-08 , 7.87614e-08 , 2.15242e-07 , 2.40965e-07 , -5.9548e-07 , -5.23471e-07
1.66378e-09 , 1.39727e-10 , 4.67599e-10 , 6.65951e-10 , 6.78427e-09 , 3.3634e-09 , 1.66378e-05 , 1.39727e-06 , 4.67599e-06 , 6.65951e-06 , 6.78427e-05 , 3.3634e-05 , 1.20122e-08 , 1.21693e-08 , 4.27491e-08 , 4.21847e-08 , -1.16185e-07 , -9.65939e-08 , 1.20122e-07 , 1.21693e-07 , 4.27491e-07 , 4.21847e-07 , -1.16185e-06 , -9.65939e-07
2.24123e-09 , -1.34332e-09 , 9.07897e-10 , 1.25494e-09 , 1.05539e-08 , 1.31819e-09 , 2.24123e-05 , -1.34332e-05 , 9.07897e-06 , 1.25494e-05 , 0.000105539 , 1.31819e-05 , 2.19243e-08 , 1.59317e-08 , 7.89491e-08 , 6.8663e-08 , -2.10508e-07 , -1.46642e-07 , 2.19243e-07 , 1.59317e-07 , 7.89491e-07 , 6.8663e-07 , -2.10508e-06 , -1.46642e-06
2.15143e-09 , -4.12515e-09 , 1.71468e-09 , 2.23413e-09 , 1.38615e-08 , -3.352e-09 , 2.15143e-05 , -4.12515e-05 , 1.71468e-05 , 2.23413e-05 , 0.000138615 , -3.352e-05 , 3.54277e-08 , 1.80409e-08 , 1.37158e-07 , 1.08933e-07 , -3.51494e-07 , -2.00673e-07 , 3.54277e-07 , 1.80409e-07 , 1.37158e-06 , 1.08933e-06 , -3.51494e-06 , -2.00673e-06
6.18426e-10 , -8.51031e-09 , 3.11928e-09 , 3.80668e-09 , 1.51288e-08 , -1.0921e-08 , 6.18426e-06 , -8.51031e-05 , 3.11928e-05 , 3.80668e-05 , 0.000151288 , -0.00010921 , 5.16655e-08 , 1.74739e-08 , 2.27661e-07 , 1.73767e-07 , -5.46827e-07 , -2.64182e-07 , 5.16655e-07 , 1.74739e-07 , 2.27661e-06 , 1.73767e-06 , -5.46827e-06 , -2.64182e-06
-3.36377e-09 , -1.46601e-08 , 5.4636e-09 , 6.26631e-09 , 1.23973e-08 , -2.08295e-08 , -3.36377e-05 , -0.000146601 , 5.4636e-05 , 6.26631e-05 , 0.000123973 , -0.000208295 , 6.86183e-08 , 1.38045e-08 , 3.66513e-07 , 2.83211e-07 , -8.05356e-07 , -3.59481e-07 , 6.86183e-07 , 1.38045e-07 , 3.66513e-06 , 2.83211e-06 , -8.05356e-06 , -3.59481e-06
-1.09428e-08 , -2.25568e-08 , 9.24144e-09 , 1.00333e-08 , 3.76771e-09 , -3.13673e-08 , -0.000109428 , -0.000225568 , 9.24144e-05 , 0.000100333 , 3.76771e-05 , -0.000313673 , 8.3034e-08 , 7.80057e-09 , 5.79832e-07 , 4.71946e-07 , -1.14424e-06 , -5.38944e-07 , 8.3034e-07 , 7.80057e-08 , 5.79832e-06 , 4.71946e-06 , -1.14424e-05 , -5.38944e-06
-2.32696e-08 , -3.20531e-08 , 1.51505e-08 , 1.57e-08 , -1.19217e-08 , -3.95799e-08 , -0.000232696 , -0.000320531 , 0.000151505 , 0.000157 , -0.000119217 , -0.000395799 , 9.06306e-08 , 1.95852e-09 , 9.10413e-07 , 7.96214e-07 , -1.60273e-06 , -9.01305e-07 , 9.06306e-07 , 1.95852e-08 , 9.10413e-06 , 7.96214e-06 , -1.60273e-05 , -9.01305e-06
-4.13477e-08 , -4.30515e-08 , 2.41555e-08 , 2.40857e-08 , -3.42873e-08 , -4.15646e-08 , -0.000413477 , -0.000430515 , 0.000241555 , 0.000240857 , -0.000342873 , -0.000415646 , 8.66133e-08 , 7.32601e-10 , 1.42708e-06 , 1.34218e-06 , -2.26406e-06 , -1.60942e-06 , 8.66133e-07 , 7.32601e-09 , 1.42708e-05 , 1.34218e-05 , -2.26405e-05 , -1.60941e-05
-6.59351e-08 , -5.58365e-08 , 3.75611e-08 , 3.62968e-08 , -6.06771e-08 , -3.32659e-08 , -0.000659351 , -0.000558365 , 0.000375611 , 0.000362968 , -0.000606771 , -0.000332659 , 6.64651e-08 , 1.01799e-08 , 2.23688e-06 , 2.23555e-06 , -3.28544e-06 , -2.9072e-06 , 6.64651e-07 , 1.01799e-07 , 2.23688e-05 , 2.23555e-05 , -3.28544e-05 , -2.9072e-05
-9.75824e-08 , -7.15455e-08 , 5.70899e-08 , 5.37922e-08 , -8.58275e-08 , -1.17666e-08 , -0.000975824 , -0.000715455 , 0.000570899 , 0.000537922 , -0.000858275 , -0.000117666 , 2.68809e-08 , 3.68063e-08 , 3.50003e-06 , 3.65213e-06 , -4.93486e-06 , -5.13348e-06 , 2.68809e-07 , 3.68063e-07 , 3.50003e-05 , 3.65213e-05 , -4.93485e-05 , -5.13348e-05
-1.36884e-07 , -9.27161e-08 , 8.4958e-08 , 7.845e-08 , -1.02214e-07 , 2.31049e-08 , -0.00136884 , -0.000927161 , 0.00084958 , 0.0007845 , -0.00102214 , 0.000231049 , -3.33891e-08 , 8.55975e-08 , 5.44676e-06 , 5.82903e-06 , -7.63086e-06 , -8.73116e-06 , -3.33891e-07 , 8.55975e-07 , 5.44676e-05 , 5.82903e-05 , -7.63085e-05 , -8.73115e-05
-1.8499e-07 , -1.23793e-07 , 1.23938e-07 , 1.12638e-07 , -1.01325e-07 , 6.72224e-08 , -0.0018499 , -0.00123793 , 0.00123938 , 0.00112638 , -0.00101325 , 0.000672224 , -1.13043e-07 , 1.57559e-07 , 8.39527e-06 , 9.07648e-06 , -1.19803e-05 , -1.42523e-05 , -1.13043e-06 , 1.57559e-06 , 8.39528e-05 , 9.07649e-05 , -0.000119802 , -0.000142523
-2.44358e-07 , -1.71443e-07 , 1.77402e-07 , 1.5929e-07 , -7.58889e-08 , 1.1119e-07 , -0.00244358 , -0.00171443 , 0.00177402 , 0.0015929 , -0.000758889 , 0.0011119 , -2.08247e-07 , 2.47511e-07 , 1.27692e-05 , 1.37905e-05 , -1.88077e-05 , -2.23623e-05 , -2.08247e-06 , 2.47511e-06 , 0.000127692 , 0.000137905 , -0.000188077 , -0.000223623
-3.19649e-07 , -2.44519e-07 , 2.49332e-07 , 2.21986e-07 , -2.27848e-08 , 1.40515e-07 , -0.00319649 , -0.00244519 , 0.00249332 , 0.00221986 , -0.000227848 , 0.00140515 , -3.13056e-07 , 3.43267e-07 , 1.91132e-05 , 2.04666e-05 , -2.91726e-05 , -3.38497e-05 , -3.13056e-06 , 3.43267e-06 , 0.000191133 , 0.000204667 , -0.000291725 , -0.000338496
-4.18568e-07 , -3.53571e-07 , 3.44314e-07 , 3.05049e-07 , 5.39536e-08 , 1.3738e-07 , -0.00418568 , -0.00353571 , 0.00344314 , 0.00305049 , 0.000539536 , 0.0013738 , -4.19661e-07 , 4.27595e-07 , 2.81062e-05 , 2.97156e-05 , -4.43706e-05 , -4.96488e-05 , -4.19661e-06 , 4.27595e-06 , 0.000281063 , 0.000297157 , -0.000443704 , -0.000496486
-5.52402e-07 , -5.09879e-07 , 4.67492e-07 , 4.13641e-07 , 1.40918e-07 , 8.41314e-08 , -0.00552402 , -0.00509879 , 0.00467492 , 0.00413641 , 0.00140918 , 0.000841314 , -5.17354e-07 , 4.84333e-07 , 4.05704e-05 , 4.22802e-05 , -6.59242e-05 , -7.0885e-05 , -5.17354e-06 , 4.84333e-06 , 0.000405705 , 0.000422804 , -0.000659238 , -0.000708845
-7.35975e-07 , -7.24156e-07 , 6.2453e-07 , 5.53865e-07 , 2.14853e-07 , -3.18547e-08 , -0.00735975 , -0.00724156 , 0.0062453 , 0.00553865 , 0.00214853 , -0.000318547 , -5.88618e-07 , 5.09708e-07 , 5.74775e-05 , 5.9054e-05 , -9.5568e-05 , -9.89473e-05 , -5.88618e-06 , 5.09708e-06 , 0.000574778 , 0.000590543 , -0.000955671 , -0.000989463
-9.86846e-07 , -1.00519e-06 , 8.21554e-07 , 7.32854e-07 , 2.44738e-07 , -2.12813e-07 , -0.00986846 , -0.0100519 , 0.00821554 , 0.00732854 , 0.00244738 , -0.00212813 , -6.0057e-07 , 5.29208e-07 , 7.9952e-05 , 8.10984e-05 , -0.000135243 , -0.000135589 , -6.00569e-06 , 5.29208e-06 , 0.000799527 , 0.000810991 , -0.00135241 , -0.00135587
-1.32368e-06 , -1.35879e-06 , 1.06512e-06 , 9.5882e-07 , 1.96761e-07 , -4.46088e-07 , -0.0132368 , -0.0135879 , 0.0106512 , 0.0095882 , 0.00196761 , -0.00446088 , -4.90146e-07 , 6.19331e-07 , 0.000109272 , 0.000109658 , -0.000187112 , -0.000183049 , -4.90146e-06 , 6.19331e-06 , 0.00109273 , 0.00109659 , -0.00187108 , -0.00183045
-1.76396e-06 , -1.78754e-06 , 1.36221e-06 , 1.24103e-06 , 4.18216e-08 , -7.02025e-07 , -0.0176396 , -0.0178754 , 0.0136221 , 0.0124103 , 0.000418216 , -0.00702025 , -1.42202e-07 , 9.32371e-07 , 0.000146866 , 0.000146164 , -0.000253607 , -0.000244175 , -1.42202e-06 , 9.32371e-06 , 0.00146868 , 0.00146166 , -0.002536 , -0.00244169
-2.32147e-06 , -2.29152e-06 , 1.72019e-06 , 1.58964e-06 , -2.35659e-07 , -9.3562e-07 , -0.0232147 , -0.0229152 , 0.0172019 , 0.0158964 , -0.00235659 , -0.0093562 , 6.3908e-07 , 1.72131e-06 , 0.000194307 , 0.000192235 , -0.000337517 , -0.000322524 , 6.3908e-06 , 1.72131e-05 , 0.00194311 , 0.00192239 , -0.00337506 , -0.00322514
-3.00407e-06 , -2.87033e-06 , 2.14685e-06 , 2.01541e-06 , -6.29525e-07 , -1.09266e-06 , -0.0300407 , -0.0287033 , 0.0214685 , 0.0201541 , -0.00629525 , -0.0109266 , 2.16332e-06 , 3.36119e-06 , 0.000253299 , 0.000249645 , -0.000442105 , -0.000422409 , 2.16332e-05 , 3.36119e-05 , 0.00253305 , 0.00249652 , -0.00442085 , -0.00422392
-3.8125e-06 , -3.52603e-06 , 2.65033e-06 , 2.5292e-06 , -1.10658e-06 , -1.12007e-06 , -0.038125 , -0.0352603 , 0.0265033 , 0.025292 , -0.0110658 , -0.0112007 , 4.88765e-06 , 6.36338e-06 , 0.000325652 , 0.000320285 , -0.00057123 , -0.000548862 , 4.88766e-05 , 6.36338e-05 , 0.00325663 , 0.00320295 , -0.00571197 , -0.00548832
-4.7406e-06 , -4.26661e-06 , 3.23893e-06 , 3.14127e-06 , -1.60635e-06 , -9.79075e-07 , -0.047406 , -0.0426661 , 0.0323893 , 0.0314127 , -0.0160635 , -0.00979075 , 9.44541e-06 , 1.13798e-05 , 0.000413239 , 0.000406088 , -0.000729454 , -0.000707489 , 9.44542e-05 , 0.000113798 , 0.00413256 , 0.00406104 , -0.00729401 , -0.00707439
-5.77751e-06 , -5.1091e-06 , 3.92087e-06 , 3.8604e-06 , -2.04722e-06 , -6.58507e-07 , -0.0577751 , -0.051091 , 0.0392087 , 0.038604 , -0.0204722 , -0.00658507 , 1.66633e-05 , 1.9196e-05 , 0.000517932 , 0.000508941 , -0.000922076 , -0.000904222 , 0.000166633 , 0.00019196 , 0.00517959 , 0.00508967 , -0.00921991 , -0.0090414
-6.9114e-06 , -6.08149e-06 , 4.70369e-06 , 4.69299e-06 , -2.33918e-06 , -1.8527e-07 , -0.069114 , -0.0608149 , 0.0470369 , 0.0469299 , -0.0233918 , -0.0018527 , 2.75609e-05 , 3.07127e-05 , 0.000641511 , 0.000630576 , -0.00115506 , -0.00114497 , 0.00027561 , 0.000307128 , 0.00641553 , 0.00630616 , -0.0115493 , -0.0114484
-8.13441e-06 , -7.22246e-06 , 5.59359e-06 , 5.64201e-06 , -2.40142e-06 , 3.71343e-07 , -0.0813441 , -0.0722246 , 0.0559359 , 0.0564201 , -0.0240142 , 0.00371343 , 4.33276e-05 , 4.69194e-05 , 0.000785544 , 0.000772447 , -0.00143484 , -0.00143524 , 0.000433278 , 0.000469197 , 0.00785607 , 0.00772507 , -0.0143463 , -0.0143503
-9.44767e-06 , -8.57848e-06 , 6.59443e-06 , 6.70612e-06 , -2.18201e-06 , 9.03706e-07 , -0.0944767 , -0.0857848 , 0.0659443 , 0.0670612 , -0.0218201 , 0.00903706 , 6.52749e-05 , 6.88618e-05 , 0.000951243 , 0.000935618 , -0.00176792 , -0.00177968 , 0.000652754 , 0.000688623 , 0.00951335 , 0.00935706 , -0.0176761 , -0.0177936
-1.08652e-05 , -1.01982e-05 , 7.70665e-06 , 7.87894e-06 , -1.67543e-06 , 1.27906e-06 , -0.108652 , -0.101982 , 0.0770665 , 0.0787894 , -0.0167543 , 0.0127906 , 9.4766e-05 , 9.76077e-05 , 0.0011393 , 0.00112065 , -0.00216042 , -0.00218179 , 0.00094767 , 0.000976088 , 0.0113944 , 0.0112078 , -0.0215996 , -0.0218132
-1.24155e-05 , -1.21249e-05 , 8.92611e-06 , 9.14868e-06 , -9.33791e-07 , 1.36063e-06 , -0.124155 , -0.121249 , 0.0892611 , 0.0914868 , -0.00933791 , 0.0136063 , 0.000133126 , 0.000134214 , 0.00134975 , 0.00132752 , -0.00261746 , -0.00264365 , 0.00133128 , 0.00134216 , 0.0134993 , 0.013277 , -0.0261678 , -0.0264295
-1.41401e-05 , -1.43874e-05 , 1.0243e-05 , 1.0498e-05 , -6.82523e-08 , 1.03348e-06 , -0.141401 , -0.143874 , 0.10243 , 0.10498 , -0.000682522 , 0.0103348 , 0.000181543 , 0.000179693 , 0.00158177 , 0.00155556 , -0.00314254 , -0.00316582 , 0.00181547 , 0.00179696 , 0.0158203 , 0.0155581 , -0.0314156 , -0.0316482
-1.60882e-05 , -1.69921e-05 , 1.16409e-05 , 1.19045e-05 , 7.61189e-07 , 2.30375e-07 , -0.160882 , -0.169921 , 0.116409 , 0.119045 , 0.00761189 , 0.00230375 , 0.000240968 , 0.000234983 , 0.00183363 , 0.00180339 , -0.00373701 , -0.00374743 , 0.00240975 , 0.00234989 , 0.0183397 , 0.0180372 , -0.0373561 , -0.0374603
-1.83082e-05 , -1.99169e-05 , 1.30965e-05 , 1.33412e-05 , 1.36706e-06 , -1.04753e-06 , -0.183082 , -0.199169 , 0.130965 , 0.133412 , 0.0136706 , -0.0104753 , 0.000312021 , 0.000300908 , 0.00210258 , 0.00206891 , -0.00439959 , -0.00438635 , 0.00312032 , 0.00300918 , 0.0210302 , 0.0206934 , -0.0439767 , -0.0438444
-2.08381e-05 , -2.31088e-05 , 1.45793e-05 , 1.47774e-05 , 1.5641e-06 , -2.71998e-06 , -0.208381 , -0.231088 , 0.145793 , 0.147774 , 0.015641 , -0.0271998 , 0.00039492 , 0.00037813 , 0.00238483 , 0.00234928 , -0.00512628 , -0.00507948 , 0.00394937 , 0.00378146 , 0.0238541 , 0.0234984 , -0.0512366 , -0.0507691
-2.36939e-05 , -2.64855e-05 , 1.60522e-05 , 1.618e-05 , 1.20247e-06 , -4.6301e-06 , -0.236939 , -0.264855 , 0.160522 , 0.1618 , 0.0120247 , -0.046301 , 0.000489423 , 0.000467084 , 0.00267565 , 0.0026409 , -0.00591027 , -0.005823 , 0.00489449 , 0.00467108 , 0.0267638 , 0.0264161 , -0.059068 , -0.0581963
-2.68612e-05 , -2.99418e-05 , 1.74726e-05 , 1.75144e-05 , 1.98565e-07 , -6.5607e-06 , -0.268612 , -0.299418 , 0.174726 , 0.175144 , 0.00198565 , -0.065607 , 0.000594803 , 0.000567891 , 0.00296941 , 0.00293935 , -0.00674234 , -0.00661258 , 0.00594842 , 0.00567927 , 0.0297031 , 0.0294023 , -0.0673783 , -0.0660824
-3.02891e-05 , -3.33597e-05 , 1.87939e-05 , 1.87455e-05 , -1.44232e-06 , -8.26297e-06 , -0.302891 , -0.333597 , 0.187939 , 0.187455 , -0.0144232 , -0.0826297 , 0.000709834 , 0.00068025 , 0.0032598 , 0.00323938 , -0.00761132 , -0.00744336 , 0.00709889 , 0.00680302 , 0.0326089 , 0.0324046 , -0.0760557 , -0.0743786
-3.38897e-05 , -3.662e-05 , 1.99673e-05 , 1.98388e-05 , -3.61623e-06 , -9.49301e-06 , -0.338897 , -0.3662 , 0.199673 , 0.198388 , -0.0361623 , -0.0949301 , 0.000832797 , 0.00080332 , 0.00353993 , 0.00353485 , -0.00850464 , -0.00830981 , 0.00832874 , 0.00803392 , 0.0354122 , 0.0353613 , -0.0849748 , -0.0830297
-3.7542e-05 , -3.96149e-05 , 2.09438e-05 , 2.07605e-05 , -6.12607e-06 , -1.00507e-05 , -0.37542 , -0.396149 , 0.209438 , 0.207605 , -0.0612607 , -0.100507 , 0.0009615 , 0.000935593 , 0.00380258 , 0.00381868 , -0.00940908 , -0.00920534 , 0.00961603 , 0.0093569 , 0.0380407 , 0.0382018 , -0.0940032 , -0.0919695
-4.11016e-05 , -4.22576e-05 , 2.1677e-05 , 2.14787e-05 , -8.70241e-06 , -9.81432e-06 , -0.411016 , -0.422576 , 0.21677 , 0.214787 , -0.0870241 , -0.0981432 , 0.0010933 , 0.00107479 , 0.00404035 , 0.00408291 , -0.0103112 , -0.0101217 , 0.0109343 , 0.0107492 , 0.0404204 , 0.0408462 , -0.103007 , -0.101116
-4.44135e-05 , -4.44889e-05 , 2.21246e-05 , 2.19633e-05 , -1.10369e-05 , -8.76561e-06 , -0.444135 , -0.444889 , 0.221246 , 0.219633 , -0.110369 , -0.0876561 , 0.00122512 , 0.00121779 , 0.00424588 , 0.00431871 , -0.0111978 , -0.0110486 , 0.0122529 , 0.0121796 , 0.0424775 , 0.0432064 , -0.111854 , -0.110365
-4.73271e-05 , -4.62782e-05 , 2.22506e-05 , 2.21863e-05 , -1.28235e-05 , -7.00012e-06 , -0.473271 , -0.462782 , 0.222506 , 0.221863 , -0.128235 , -0.0700012 , 0.00135353 , 0.00136063 , 0.00441198 , 0.00451662 , -0.0120559 , -0.0119726 , 0.0135373 , 0.0136083 , 0.04414 , 0.0451874 , -0.120416 , -0.119585
-4.97103e-05 , -4.76192e-05 , 2.20272e-05 , 2.21225e-05 , -1.38016e-05 , -4.72184e-06 , -0.497103 , -0.476192 , 0.220272 , 0.221225 , -0.138016 , -0.0472184 , 0.00147473 , 0.00149854 , 0.00453182 , 0.00466683 , -0.012873 , -0.0128775 , 0.0147498 , 0.0149879 , 0.0453395 , 0.046691 , -0.128566 , -0.128612
-5.14605e-05 , -4.8522e-05 , 2.1436e-05 , 2.17498e-05 , -1.37946e-05 , -2.22187e-06 , -0.514605 , -0.48522 , 0.21436 , 0.217498 , -0.137946 , -0.0222187 , 0.00158473 , 0.00162615 , 0.0045991 , 0.0047596 , -0.0136363 , -0.0137436 , 0.0158501 , 0.0162645 , 0.0460131 , 0.0476197 , -0.13618 , -0.13725
-5.25111e-05 , -4.90008e-05 , 2.04691e-05 , 2.10495e-05 , -1.2739e-05 , 1.55976e-07 , -0.525111 , -0.490008 , 0.204691 , 0.210495 , -0.12739 , 0.00155976 , 0.00167937 , 0.0017377 , 0.00460829 , 0.00478582 , -0.0143328 , -0.0145484 , 0.0167969 , 0.0173805 , 0.0461051 , 0.0478822 , -0.143126 , -0.145276
-5.28318e-05 , -4.90618e-05 , 1.91295e-05 , 2.00077e-05 , -1.06989e-05 , 2.05811e-06 , -0.528318 , -0.490618 , 0.191295 , 0.200077 , -0.106989 , 0.0205811 , 0.00175459 , 0.00182741 , 0.00455481 , 0.00473767 , -0.0149487 , -0.0152671 , 0.0175494 , 0.0182779 , 0.0455699 , 0.0474003 , -0.149267 , -0.152442
-5.24231e-05 , -4.86934e-05 , 1.74311e-05 , 1.86156e-05 , -7.86457e-06 , 3.16726e-06 , -0.524231 , -0.486934 , 0.174311 , 0.186156 , -0.0786457 , 0.0316726 , 0.00180657 , 0.00188983 , 0.00443541 , 0.00460935 , -0.0154691 , -0.0158739 , 0.0180694 , 0.0189023 , 0.0443749 , 0.046116 , -0.154455 , -0.158491
-5.13056e-05 , -4.78596e-05 , 1.53987e-05 , 1.6871e-05 , -4.53501e-06 , 3.2458e-06 , -0.513056 , -0.478596 , 0.153987 , 0.16871 , -0.0453501 , 0.032458 , 0.00183202 , 0.00192031 , 0.00424846 , 0.00439779 , -0.0158782 , -0.0163433 , 0.0183241 , 0.0192073 , 0.0425037 , 0.0439984 , -0.158534 , -0.16317
-4.95072e-05 , -4.65009e-05 , 1.30669e-05 , 1.47791e-05 , -1.08544e-06 , 2.17077e-06 , -0.495072 , -0.465009 , 0.130669 , 0.147791 , -0.0108544 , 0.0217077 , 0.0018285 , 0.00191541 , 0.00399429 , 0.00410328 , -0.0161596 , -0.0166518 , 0.0182888 , 0.0191583 , 0.0399599 , 0.0410507 , -0.16134 , -0.166245
-4.70489e-05 , -4.45408e-05 , 1.04792e-05 , 1.23538e-05 , 2.0755e-06 , -4.37015e-08 , -0.470489 , -0.445408 , 0.104792 , 0.123538 , 0.020755 , -0.000437013 , 0.00179462 , 0.00187327 , 0.00367563 , 0.00372997 , -0.0162971 , -0.0167795 , 0.0179499 , 0.0187367 , 0.0367708 , 0.0373146 , -0.16271 , -0.167518
-4.39355e-05 , -4.19007e-05 , 7.68614e-06 , 9.61822e-06 , 4.5546e-06 , -3.23981e-06 , -0.439355 , -0.419007 , 0.0768614 , 0.0961822 , 0.045546 , -0.032398 , 0.00173039 , 0.00179392 , 0.00329784 , 0.00328617 , -0.0162754 , -0.0167112 , 0.0173073 , 0.0179428 , 0.0329901 , 0.0328733 , -0.162494 , -0.166838
-4.01501e-05 , -3.85178e-05 , 4.74397e-06 , 6.60561e-06 , 6.02328e-06 , -7.12644e-06 , -0.401501 , -0.385178 , 0.0474397 , 0.0660561 , 0.0602328 , -0.0712644 , 0.00163734 , 0.00167941 , 0.00286915 , 0.00278434 , -0.0160817 , -0.0164378 , 0.0163764 , 0.0167973 , 0.0287004 , 0.0278519 , -0.160563 , -0.164113
-3.56589e-05 , -3.43654e-05 , 1.71236e-06 , 3.35916e-06 , 6.26118e-06 , -1.13061e-05 , -0.356589 , -0.343654 , 0.0171236 , 0.0335916 , 0.0626118 , -0.113061 , 0.00151864 , 0.0015339 , 0.00240068 , 0.00224084 , -0.0157067 , -0.0159564 , 0.015189 , 0.0153417 , 0.0240131 , 0.022414 , -0.156824 , -0.159314
-3.04224e-05 , -2.94715e-05 , -1.3476e-06 , -6.84759e-08 , 5.18875e-06 , -1.53157e-05 , -0.304224 , -0.294715 , -0.013476 , -0.000684758 , 0.0518875 , -0.153157 , 0.00137904 , 0.00136353 , 0.00190635 , 0.00167527 , -0.0151455 , -0.0152703 , 0.0137926 , 0.0136374 , 0.0190675 , 0.0167559 , -0.151229 , -0.152474
-2.44157e-05 , -2.39293e-05 , -4.37566e-06 , -3.61639e-06 , 2.8844e-06 , -1.86775e-05 , -0.244157 , -0.239293 , -0.0437566 , -0.0361639 , 0.028844 , -0.186775 , 0.00122472 , 0.00117615 , 0.00140243 , 0.00110962 , -0.0143988 , -0.0143885 , 0.012249 , 0.0117631 , 0.0140265 , 0.0110978 , -0.143783 , -0.143681
-1.76526e-05 , -1.78994e-05 , -7.3147e-06 , -7.21741e-06 , -4.16719e-07 , -2.09539e-05 , -0.176526 , -0.178994 , -0.073147 , -0.0721741 , -0.00416719 , -0.209539 , 0.00106293 , 0.000980968 , 0.000906948 , 0.000567171 , -0.0134726 , -0.0133245 , 0.0106306 , 0.0098108 , 0.00907045 , 0.00567231 , -0.134547 , -0.13307
-1.02105e-05 , -1.15971e-05 , -1.01131e-05 , -1.08007e-05 , -4.34329e-06 , -2.18003e-05 , -0.102105 , -0.115971 , -0.101131 , -0.108007 , -0.0434329 , -0.218003 , 0.000901564 , 0.000788056 , 0.000438865 , 7.11528e-05 , -0.0123782 , -0.0120955 , 0.00901661 , 0.00788129 , 0.00438892 , 0.000711776 , -0.123631 , -0.12081
-2.24914e-06 , -5.26856e-06 , -1.27273e-05 , -1.4295e-05 , -8.42632e-06 , -2.10097e-05 , -0.0224914 , -0.0526856 , -0.127273 , -0.14295 , -0.0842632 , -0.210097 , 0.000748687 , 0.000607793 , 1.70336e-05 , -0.00035655 , -0.0111313 , -0.0107207 , 0.00748754 , 0.00607837 , 0.000170378 , -0.00356515 , -0.11119 , -0.107093
5.98108e-06 , 8.45868e-07 , -1.51238e-05 , -1.7632e-05 , -1.21519e-05 , -1.85415e-05 , 0.0598108 , 0.00845869 , -0.151238 , -0.17632 , -0.121519 , -0.185415 , 0.000611938 , 0.000450264 , -0.000340909 , -0.000696721 , -0.00975028 , -0.00922086 , 0.00611982 , 0.00450289 , -0.00340893 , -0.00696651 , -0.0974085 , -0.0921242
1.4147e-05 , 6.55379e-06 , -1.72817e-05 , -2.07494e-05 , -1.50226e-05 , -1.45323e-05 , 0.14147 , 0.0655379 , -0.172817 , -0.207494 , -0.150226 , -0.145323 , 0.000498036 , 0.00032464 , -0.000619674 , -0.000933976 , -0.00825512 , -0.00761744 , 0.00498064 , 0.00324653 , -0.00619628 , -0.0093387 , -0.0824835 , -0.0761166
2.18589e-05 , 1.17531e-05 , -1.91946e-05 , -2.3594e-05 , -1.66196e-05 , -9.28351e-06 , 0.218589 , 0.117531 , -0.191946 , -0.23594 , -0.166196 , -0.0928351 , 0.000412326 , 0.000238561 , -0.000807356 , -0.00105772 , -0.0066657 , -0.0059326 , 0.00412344 , 0.00238568 , -0.00807279 , -0.0105759 , -0.0666128 , -0.0592909
2.87157e-05 , 1.64655e-05 , -2.08716e-05 , -2.61236e-05 , -1.66587e-05 , -3.22892e-06 , 0.287157 , 0.164655 , -0.208716 , -0.261236 , -0.166587 , -0.0322892 , 0.000358445 , 0.000197553 , -0.000896287 , -0.00106282 , -0.00500066 , -0.00418956 , 0.00358459 , 0.00197558 , -0.0089619 , -0.010627 , -0.0499816 , -0.041878
3.43631e-05 , 2.08539e-05 , -2.23375e-05 , -2.83073e-05 , -1.50306e-05 , 3.11726e-06 , 0.343631 , 0.208539 , -0.223375 , -0.283073 , -0.150306 , 0.0311726 , 0.000338121 , 0.000204498 , -0.000883608 , -0.000949983 , -0.00327682 , -0.00241316 , 0.00338134 , 0.00204503 , -0.00883509 , -0.00949889 , -0.0327574 , -0.0241257
3.85599e-05 , 2.52155e-05 , -2.36321e-05 , -3.01251e-05 , -1.18203e-05 , 9.22414e-06 , 0.385599 , 0.252155 , -0.236321 , -0.301251 , -0.118203 , 0.0922414 , 0.000351102 , 0.00025919 , -0.000771524 , -0.000725833 , -0.0015094 , -0.000630403 , 0.00351118 , 0.00259197 , -0.00771442 , -0.0072578 , -0.0150916 , -0.00630362
4.12398e-05 , 2.99493e-05 , -2.48067e-05 , -3.15657e-05 , -7.30154e-06 , 1.46124e-05 , 0.412398 , 0.299493 , -0.248067 , -0.315657 , -0.0730154 , 0.146124 , 0.000395201 , 0.000358007 , -0.000567218 , -0.000402702 , 0.000287144 , 0.00112929 , 0.00395221 , 0.00358021 , -0.00567167 , -0.00402685 , 0.00287158 , 0.0112941
4.25583e-05 , 3.54957e-05 , -2.59204e-05 , -3.2624e-05 , -1.90407e-06 , 1.89174e-05 , 0.425583 , 0.354957 , -0.259204 , -0.32624 , -0.0190407 , 0.189174 , 0.000466414 , 0.000493759 , -0.000282449 , 1.81549e-06 , 0.00209757 , 0.0028345 , 0.00466441 , 0.00493788 , -0.00282428 , 1.82287e-05 , 0.0209801 , 0.028353
4.29112e-05 , 4.22572e-05 , -2.70326e-05 , -3.32972e-05 , 3.84168e-06 , 2.19373e-05 , 0.429113 , 0.422572 , -0.270326 , -0.332972 , 0.0384168 , 0.219373 , 0.000559082 , 0.000655751 , 6.7101e-05 , 0.000465507 , 0.00390409 , 0.00445311 , 0.00559118 , 0.00655802 , 0.000671077 , 0.0046555 , 0.0390562 , 0.044551
4.29189e-05 , 5.05077e-05 , -2.81957e-05 , -3.35819e-05 , 9.37766e-06 , 2.36589e-05 , 0.429189 , 0.505077 , -0.281957 , -0.335819 , 0.0937766 , 0.236589 , 0.000666055 , 0.00083012 , 0.000462642 , 0.000962347 , 0.00568475 , 0.00595449 , 0.00666103 , 0.00830202 , 0.00462665 , 0.00962479 , 0.05688 , 0.0595806
4.33682e-05 , 6.03066e-05 , -2.94453e-05 , -3.34723e-05 , 1.41987e-05 , 2.42544e-05 , 0.433682 , 0.603066 , -0.294453 , -0.334723 , 0.141987 , 0.242544 , 0.000778847 , 0.00100049 , 0.000883149 , 0.00146343 , 0.00741239 , 0.00731257 , 0.00778912 , 0.0100061 , 0.00883232 , 0.0146371 , 0.0741793 , 0.0731797
4.51169e-05 , 7.14334e-05 , -3.07915e-05 , -3.29604e-05 , 1.79288e-05 , 2.40478e-05 , 0.451169 , 0.714334 , -0.307915 , -0.329604 , 0.179288 , 0.240478 , 0.000887799 , 0.00114899 , 0.00130621 , 0.00193807 , 0.00905463 , 0.00850934 , 0.00887885 , 0.0114914 , 0.013064 , 0.0193852 , 0.0906291 , 0.0851667
4.89682e-05 , 8.3357e-05 , -3.22107e-05 , -3.2038e-05 , 2.03818e-05 , 2.34544e-05 , 0.489682 , 0.83357 , -0.322107 , -0.32038 , 0.203818 , 0.234544 , 0.000982271 , 0.00125753 , 0.00170874 , 0.00235495 , 0.0105753 , 0.00953839 , 0.0098238 , 0.0125771 , 0.0170908 , 0.023556 , 0.105866 , 0.0954761
5.55302e-05 , 9.52543e-05 , -3.36402e-05 , -3.07024e-05 , 2.15939e-05 , 2.28982e-05 , 0.555302 , 0.952543 , -0.336402 , -0.307024 , 0.215939 , 0.228982 , 0.00105094 , 0.00130941 , 0.00206765 , 0.00268355 , 0.0119372 , 0.0104077 , 0.0105107 , 0.013096 , 0.0206816 , 0.0268436 , 0.119517 , 0.104187
6.50823e-05 , 0.00010608 , -3.49763e-05 , -2.89633e-05 , 2.18217e-05 , 2.27219e-05 , 0.650823 , 1.0608 , -0.349763 , -0.289633 , 0.218217 , 0.227219 , 0.00108224 , 0.00129104 , 0.00236026 , 0.00289558 , 0.0131062 , 0.011141 , 0.0108239 , 0.0129122 , 0.0236094 , 0.028965 , 0.131237 , 0.111536
7.74702e-05 , 0.000114688 , -3.60785e-05 , -2.68522e-05 , 2.15e-05 , 2.3101e-05 , 0.774702 , 1.14688 , -0.360785 , -0.268522 , 0.215 , 0.23101 , 0.00106507 , 0.0011936 , 0.00256478 , 0.00296668 , 0.0140562 , 0.0117774 , 0.0106522 , 0.0119376 , 0.0256561 , 0.0296764 , 0.140763 , 0.117915
9.20512e-05 , 0.000119991 , -3.67787e-05 , -2.44306e-05 , 2.1164e-05 , 2.39791e-05 , 0.920512 , 1.19991 , -0.367787 , -0.244306 , 0.21164 , 0.239791 , 0.000989666 , 0.00101447 , 0.00266081 , 0.00287816 , 0.014774 , 0.0123681 , 0.00989801 , 0.0101459 , 0.0266171 , 0.0287905 , 0.147963 , 0.123837
0.000107707 , 0.000121137 , -3.68967e-05 , -2.17973e-05 , 2.13424e-05 , 2.50389e-05 , 1.07707 , 1.21137 , -0.368967 , -0.217973 , 0.213424 , 0.250389 , 0.000848779 , 0.000758187 , 0.00262991 , 0.00261867 , 0.0152638 , 0.0129714 , 0.00848882 , 0.00758274 , 0.0263079 , 0.0261941 , 0.152875 , 0.129885
0.000122934 , 0.000117679 , -3.62605e-05 , -1.90916e-05 , 2.2437e-05 , 2.57193e-05 , 1.22934 , 1.17679 , -0.362605 , -0.190916 , 0.22437 , 0.257193 , 0.000638905 , 0.000436714 , 0.00245651 , 0.00218583 , 0.0155494 , 0.0136446 , 0.00638966 , 0.00436775 , 0.0245729 , 0.0218636 , 0.155741 , 0.136635
0.000135998 , 0.000109705 , -3.47306e-05 , -1.64913e-05 , 2.46079e-05 , 2.52835e-05 , 1.35998 , 1.09705 , -0.347306 , -0.164913 , 0.246079 , 0.252835 , 0.000361526 , 6.88193e-05 , 0.00212909 , 0.00158742 , 0.0156749 , 0.0144356 , 0.00361547 , 0.000688693 , 0.0212967 , 0.0158772 , 0.156999 , 0.144568
0.000145159 , 9.79086e-05 , -3.22247e-05 , -1.42034e-05 , 2.76855e-05 , 2.29366e-05 , 1.45159 , 0.979086 , -0.322247 , -0.142034 , 0.276855 , 0.229366 , 2.40876e-05 , -0.000321411 , 0.00164159 , 0.000842026 , 0.0157012 , 0.0153729 , 0.000240911 , -0.00321353 , 0.0164193 , 0.00842155 , 0.157263 , 0.153969
0.000148912 , 8.35691e-05 , -2.87395e-05 , -1.24478e-05 , 3.11299e-05 , 1.79785e-05 , 1.48912 , 0.835691 , -0.287395 , -0.124478 , 0.311299 , 0.179785 , -0.000359496 , -0.000706911 , 0.000995068 , -2.10005e-05 , 0.0157004 , 0.0164575 , -0.00359474 , -0.00706832 , 0.00995197 , -0.000209512 , 0.157255 , 0.16485
0.000146233 , 6.8443e-05 , -2.43677e-05 , -1.14344e-05 , 3.40547e-05 , 9.97495e-06 , 1.46233 , 0.68443 , -0.243677 , -0.114344 , 0.340547 , 0.0997495 , -0.000769058 , -0.00106061 , 0.000199338 , -0.000962618 , 0.0157465 , 0.0176571 , -0.00768976 , -0.010605 , 0.0019935 , -0.00962506 , 0.157717 , 0.176889
0.000136783 , 5.45664e-05 , -1.93054e-05 , -1.13335e-05 , 3.53225e-05 , -1.08346e-06 , 1.36783 , 0.545664 , -0.193054 , -0.113335 , 0.353225 , -0.0108346 , -0.00117926 , -0.00135869 , -0.000725659 , -0.00193611 , 0.0159046 , 0.0189034 , -0.0117908 , -0.0135854 , -0.00725597 , -0.0193576 , 0.159303 , 0.189398
0.000121024 , 4.39871e-05 , -1.38474e-05 , -1.22443e-05 , 3.37086e-05 , -1.46622e-05 , 1.21024 , 0.439871 , -0.138474 , -0.122443 , 0.337086 , -0.146622 , -0.00156161 , -0.00158366 , -0.00174906 , -0.00289008 , 0.016219 , 0.0200945 , -0.0156133 , -0.0158347 , -0.0174873 , -0.0288934 , 0.162457 , 0.201357
0.000100243 , 3.84625e-05 , -8.36904e-06 , -1.41646e-05 , 2.81195e-05 , -2.96345e-05 , 1.00243 , 0.384625 , -0.0836904 , -0.141646 , 0.281195 , -0.296345 , -0.00188729 , -0.00172682 , -0.00282917 , -0.00377234 , 0.0167029 , 0.021102 , -0.0188691 , -0.0172659 , -0.0282833 , -0.0377106 , 0.167313 , 0.211476
7.64507e-05 , 3.91611e-05 , -3.29534e-06 , -1.6965e-05 , 1.7836e-05 , -4.43274e-05 , 0.764507 , 0.391611 , -0.0329534 , -0.16965 , 0.17836 , -0.443274 , -0.00213056 , -0.00178965 , -0.00391466 , -0.00453424 , 0.0173297 , 0.0217835 , -0.0213012 , -0.0178936 , -0.0391312 , -0.0453236 , 0.173603 , 0.21832
5.21604e-05 , 4.6418e-05 , 9.43355e-07 , -2.03748e-05 , 2.7437e-06 , -5.66718e-05 , 0.521604 , 0.46418 , 0.00943355 , -0.203748 , 0.027437 , -0.566718 , -0.00227227 , -0.00178369 , -0.00494714 , -0.0051352 , 0.0180296 , 0.0219976 , -0.022718 , -0.0178336 , -0.0494473 , -0.0513273 , 0.180628 , 0.220471
3.00798e-05 , 5.95847e-05 , 3.96338e-06 , -2.3983e-05 , -1.64922e-05 , -6.44544e-05 , 0.300798 , 0.595847 , 0.0396338 , -0.23983 , -0.164922 , -0.644544 , -0.00230299 , -0.00172902 , -0.00586489 , -0.00554685 , 0.0186915 , 0.0216227 , -0.0230254 , -0.0172866 , -0.0586156 , -0.055439 , 0.187273 , 0.216706
1.27419e-05 , 7.70089e-05 , 5.48329e-06 , -2.72576e-05 , -3.83502e-05 , -6.56469e-05 , 0.127419 , 0.770089 , 0.0548329 , -0.272576 , -0.383502 , -0.656469 , -0.0022252 , -0.00165118 , -0.00660779 , -0.00575627 , 0.0191707 , 0.020575 , -0.0222476 , -0.0165084 , -0.0660361 , -0.0575302 , 0.192084 , 0.206183
2.12831e-06 , 9.61593e-05 , 5.37575e-06 , -2.95857e-05 , -6.05079e-05 , -5.87736e-05 , 0.0212831 , 0.961593 , 0.0537575 , -0.295857 , -0.605079 , -0.587736 , -0.00205399 , -0.00157706 , -0.00712292 , -0.00576784 , 0.0193032 , 0.0188242 , -0.0205356 , -0.0157677 , -0.0711808 , -0.0576452 , 0.193415 , 0.188604
-6.57386e-07 , 0.000113894 , 3.70799e-06 , -3.03319e-05 , -8.00441e-05 , -4.32603e-05 , -0.00657386 , 1.13894 , 0.0370799 , -0.303319 , -0.800441 , -0.432603 , -0.00181602 , -0.00153028 , -0.00737037 , -0.00560336 , 0.018925 , 0.0164046 , -0.0181558 , -0.0153004 , -0.0736515 , -0.056002 , 0.189618 , 0.164321
4.38391e-06 , 0.000126845 , 7.63295e-07 , -2.89124e-05 , -9.37847e-05 , -1.97031e-05 , 0.0438391 , 1.26845 , 0.00763295 , -0.289124 , -0.937847 , -0.197031 , -0.00154662 , -0.00152679 , -0.00732843 , -0.00530014 , 0.0178942 , 0.0134199 , -0.0154619 , -0.0152658 , -0.073232 , -0.0529731 , 0.17927 , 0.134383
1.60649e-05 , 0.000131873 , -2.96287e-06 , -2.48762e-05 , -9.87572e-05 , 1.00033e-05 , 0.160649 , 1.31873 , -0.0296287 , -0.248762 , -0.987572 , 0.100033 , -0.00128536 , -0.00157152 , -0.00699769 , -0.00490719 , 0.0161139 , 0.0100386 , -0.0128498 , -0.0157127 , -0.0699283 , -0.0490479 , 0.161404 , 0.100489
3.20981e-05 , 0.00012653 , -6.79599e-06 , -1.79848e-05 , -9.27002e-05 , 4.27261e-05 , 0.320981 , 1.2653 , -0.0679599 , -0.179848 , -0.927002 , 0.427261 , -0.00107038 , -0.00165672 , -0.00640313 , -0.00447978 , 0.0135528 , 0.00648069 , -0.0107011 , -0.0165632 , -0.0639896 , -0.044778 , 0.135715 , 0.0648513
4.93502e-05 , 0.000109468 , -9.94525e-06 , -8.27905e-06 , -7.45492e-05 , 7.43658e-05 , 0.493502 , 1.09468 , -0.0994525 , -0.0827905 , -0.745492 , 0.743658 , -0.000932585 , -0.00176251 , -0.00559376 , -0.0040729 , 0.0102602 , 0.00299662 , -0.00932438 , -0.0176194 , -0.0559049 , -0.0407125 , 0.102709 , 0.0299771
6.42404e-05 , 8.0723e-05 , -1.15921e-05 , 3.87915e-06 , -4.48136e-05 , 0.00010033 , 0.642404 , 0.80723 , -0.115921 , 0.0387915 , -0.448136 , 1.0033 , -0.000890339 , -0.00185986 , -0.00463951 , -0.00373443 , 0.00637201 , -0.000161436 , -0.00890262 , -0.0185916 , -0.0463722 , -0.0373298 , 0.0637625 , -0.00161318
7.3232e-05 , 4.18249e-05 , -1.09968e-05 , 1.77986e-05 , -5.76349e-06 , 0.000116162 , 0.73232 , 0.418249 , -0.109968 , 0.177986 , -0.0576348 , 1.16162 , -0.000945757 , -0.00191561 , -0.00362547 , -0.00349888 , 0.0021067 , -0.00277088 , -0.00945625 , -0.0191488 , -0.0362407 , -0.0349749 , 0.0210742 , -0.0277008
7.33524e-05 , -4.28405e-06 , -7.60958e-06 , 3.24925e-05 , 3.86376e-05 , 0.000118249 , 0.733524 , -0.0428405 , -0.0760957 , 0.324925 , 0.386376 , 1.18249 , -0.0010834 , -0.00189876 , -0.00264374 , -0.00338251 , -0.00225097 , -0.00466943 , -0.0108307 , -0.0189816 , -0.0264302 , -0.0338109 , -0.0225007 , -0.0466727
6.26646e-05 , -5.35371e-05 , -1.17373e-06 , 4.67547e-05 , 8.30815e-05 , 0.000104501 , 0.626646 , -0.535371 , -0.0117372 , 0.467547 , 0.830815 , 1.04501 , -0.00127186 , -0.00178723 , -0.00178388 , -0.00338069 , -0.00637722 , -0.00578053 , -0.0127126 , -0.0178683 , -0.0178356 , -0.0337922 , -0.0637277 , -0.0577712
4.06192e-05 , -0.000101199 , 8.19828e-06 , 5.92759e-05 , 0.000121533 , 7.48765e-05 , 0.406192 , -1.01199 , 0.0819828 , 0.592759 , 1.21533 , 0.748765 , -0.00146826 , -0.00157343 , -0.00112285 , -0.00346799 , -0.00994566 , -0.00612882 , -0.0146745 , -0.0157319 , -0.0112269 , -0.0346647 , -0.0993555 , -0.0612475
8.22855e-06 , -0.000142441 , 1.99881e-05 , 6.87888e-05 , 0.000148047 , 3.16622e-05 , 0.0822855 , -1.42441 , 0.199881 , 0.687888 , 1.48047 , 0.316622 , -0.00162524 , -0.00126788 , -0.000715804 , -0.00360105 , -0.0126683 , -0.00584263 , -0.016244 , -0.0126761 , -0.00715625 , -0.0359951 , -0.126523 , -0.0583854
-3.19719e-05 , -0.000172953 , 3.32864e-05 , 7.42268e-05 , 0.00015769 , -2.05864e-05 , -0.319719 , -1.72953 , 0.332864 , 0.742268 , 1.5769 , -0.205864 , -0.00169931 , -0.000899625 , -0.000588791 , -0.0037243 , -0.0143362 , -0.00514151 , -0.0169866 , -0.00899141 , -0.00588514 , -0.0372279 , -0.143159 , -0.0513785
-7.61791e-05 , -0.000189523 , 4.68636e-05 , 7.48766e-05 , 0.000147407 , -7.54735e-05 , -0.761791 , -1.89523 , 0.468636 , 0.748766 , 1.47407 , -0.754735 , -0.0016592 , -0.000513317 , -0.00073463 , -0.00377778 , -0.0148528 , -0.00430932 , -0.0165882 , -0.00512519 , -0.00734252 , -0.0377633 , -0.14831 , -0.0430629
-0.000119768 , -0.000190486 , 5.92934e-05 , 7.05031e-05 , 0.000116705 , -0.000125535 , -1.19768 , -1.90486 , 0.592934 , 0.705031 , 1.16705 , -1.25535 , -0.00149256 , -0.000162949 , -0.00111255 , -0.00370621 , -0.0142554 , -0.0036556 , -0.0149235 , -0.0016195 , -0.0111209 , -0.0370486 , -0.14235 , -0.0365325
-0.000157871 , -0.000175994 , 6.91193e-05 , 6.14247e-05 , 6.80049e-05 , -0.000163268 , -1.57871 , -1.75994 , 0.691193 , 0.614247 , 0.68005 , -1.63268 , -0.00120983 , 9.68348e-05 , -0.00165198 , -0.00346804 , -0.0127188 , -0.00346983 , -0.0120952 , 0.000977589 , -0.0165144 , -0.0346683 , -0.127019 , -0.0346803
-0.000186019 , -0.000148035 , 7.50431e-05 , 4.85238e-05 , 6.56364e-06 , -0.000182275 , -1.86019 , -1.48035 , 0.750431 , 0.485238 , 0.0656364 , -1.82275 , -0.000844105 , 0.000220663 , -0.00226033 , -0.00304316 , -0.0105399 , -0.00397491 , -0.00843398 , 0.00221238 , -0.0225968 , -0.0304215 , -0.105275 , -0.0397317
-0.000200751 , -0.000110229 , 7.61139e-05 , 3.31807e-05 , -6.0052e-05 , -0.000178353 , -2.00751 , -1.10229 , 0.761139 , 0.331807 , -0.60052 , -1.78353 , -0.000446839 , 0.000181879 , -0.00283404 , -0.00243809 , -0.00810336 , -0.00528681 , -0.0044566 , 0.00182042 , -0.028332 , -0.0243733 , -0.0809511 , -0.0528403
-0.000200106 , -6.7382e-05 , 7.18883e-05 , 1.71336e-05 , -0.000122915 , -0.000150331 , -2.00106 , -0.67382 , 0.718883 , 0.171336 , -1.22915 , -1.50331 , -7.98524e-05 , -2.02712e-05 , -0.00327163 , -0.00168735 , -0.00583209 , -0.00738728 , -0.000784242 , -0.000202679 , -0.0327058 , -0.0168685 , -0.0582717 , -0.0738155
-0.000183935 , -2.48835e-05 , 6.25368e-05 , 2.27516e-06 , -0.000172989 , -0.000100508 , -1.83935 , -0.248835 , 0.625368 , 0.0227516 , -1.72989 , -1.00508 , 0.00019537 , -0.000357381 , -0.00348721 , -0.000850765 , -0.00412913 , -0.0101151 , 0.00196619 , -0.00357075 , -0.0348601 , -0.00850489 , -0.041265 , -0.10104
-0.000153971 , 1.19804e-05 , 4.88732e-05 , -9.59073e-06 , -0.000202495 , -3.45671e-05 , -1.53971 , 0.119804 , 0.488732 , -0.0959072 , -2.02495 , -0.345671 , 0.000329365 , -0.000773707 , -0.00342258 , -6.67962e-06 , -0.00331811 , -0.0131795 , 0.00330074 , -0.00772705 , -0.0342135 , -6.53386e-05 , -0.0331676 , -0.131605
-0.000113647 , 3.87086e-05 , 3.22953e-05 , -1.6999e-05 , -0.000206197 , 3.90559e-05 , -1.13647 , 0.387086 , 0.322953 , -0.16999 , -2.06197 , 0.390559 , 0.000295355 , -0.00119338 , -0.00305602 , 0.00075817 , -0.0035919 , -0.0161954 , 0.00295514 , -0.0119165 , -0.0305493 , 0.00758304 , -0.0359061 , -0.161674
-6.76884e-05 , 5.21595e-05 , 1.46357e-05 , -1.90442e-05 , -0.000182368 , 0.000110289 , -0.676884 , 0.521595 , 0.146357 , -0.190442 , -1.82368 , 1.10289 , 9.67743e-05 , -0.00153223 , -0.00240641 , 0.00136074 , -0.00497736 , -0.0187374 , 0.000968041 , -0.0153017 , -0.0240562 , 0.0136096 , -0.0497445 , -0.187009
-2.1519e-05 , 5.09436e-05 , -2.06352e-06 , -1.55354e-05 , -0.000133262 , 0.000168882 , -0.21519 , 0.509436 , -0.0206351 , -0.155354 , -1.33262 , 1.68882 , -0.000230213 , -0.00171231 , -0.00153176 , 0.00173401 , -0.00732317 , -0.0204049 , -0.00229676 , -0.0171057 , -0.0153131 , 0.0173436 , -0.0731636 , -0.20363
1.94239e-05 , 3.55788e-05 , -1.58236e-05 , -7.05847e-06 , -6.49848e-05 , 0.000205983 , 0.194239 , 0.355788 , -0.158236 , -0.0705847 , -0.649848 , 2.05983 , -0.000620339 , -0.00167656 , -0.000522142 , 0.00183777 , -0.0103143 , -0.020889 , -0.00618856 , -0.016756 , -0.00521954 , 0.0183821 , -0.103012 , -0.20846
5.03824e-05 , 8.39146e-06 , -2.50126e-05 , 5.07164e-06 , 1.32703e-05 , 0.000215584 , 0.503824 , 0.0839146 , -0.250126 , 0.0507164 , 0.132703 , 2.15584 , -0.000989007 , -0.00140076 , 0.000512199 , 0.00166603 , -0.0135132 , -0.0200286 , -0.00986683 , -0.014005 , 0.00512316 , 0.0166649 , -0.134921 , -0.199893
6.78772e-05 , -2.68206e-05 , -2.85949e-05 , 1.89676e-05 , 9.05141e-05 , 0.000195576 , 0.678772 , -0.268205 , -0.285949 , 0.189676 , 0.905141 , 1.95576 , -0.00124688 , -0.000900256 , 0.00145588 , 0.00125003 , -0.016423 , -0.0178476 , -0.0124437 , -0.00900072 , 0.0145613 , 0.0125041 , -0.163938 , -0.178157
7.01339e-05 , -6.53135e-05 , -2.63073e-05 , 3.24192e-05 , 0.000155608 , 0.000148226 , 0.701339 , -0.653135 , -0.263073 , 0.324192 , 1.55608 , 1.48226 , -0.00131672 , -0.000230131 , 0.00220445 , 0.000655794 , -0.0185636 , -0.014563 , -0.0131485 , -0.00229189 , 0.0220498 , 0.00656066 , -0.185283 , -0.145401
5.72805e-05 , -0.000102038 , -1.87282e-05 , 4.32038e-05 , 0.000199001 , 7.99674e-05 , 0.572805 , -1.02038 , -0.187282 , 0.432038 , 1.99001 , 0.799674 , -0.00114923 , 0.000521708 , 0.00267925 , -2.33792e-05 , -0.0195495 , -0.0105633 , -0.0114843 , 0.00523868 , 0.0268006 , -0.000231957 , -0.195117 , -0.105488
3.12941e-05 , -0.000132305 , -7.22402e-06 , 4.9413e-05 , 0.000214266 , 4.9591e-07 , 0.312941 , -1.32305 , -0.0722402 , 0.49413 , 2.14266 , 0.00495911 , -0.000734685 , 0.00124755 , 0.00283873 , -0.000678944 , -0.0191554 , -0.00635721 , -0.00734613 , 0.0125065 , 0.0283971 , -0.0067879 , -0.191194 , -0.0634903
-4.29072e-06 , -0.000152396 , 6.22576e-06 , 4.97472e-05 , 0.000199184 , -7.86815e-05 , -0.0429072 , -1.52396 , 0.0622577 , 0.497472 , 1.99184 , -0.786815 , -0.000107923 , 0.00183726 , 0.00268468 , -0.00120198 , -0.0173588 , -0.00250104 , -0.00107627 , 0.0184042 , 0.0268563 , -0.012018 , -0.173283 , -0.0249689
-4.48681e-05 , -0.000160022 , 1.93058e-05 , 4.37285e-05 , 0.00015615 , -0.000146037 , -0.448681 , -1.60022 , 0.193058 , 0.437285 , 1.5615 , -1.46037 , 0.000654465 , 0.00219741 , 0.00226222 , -0.00149885 , -0.0143502 , 0.000485062 , 0.00655977 , 0.021997 , 0.0226299 , -0.0149862 , -0.143272 , 0.0048702
-8.53721e-05 , -0.000154589 , 2.97044e-05 , 3.17946e-05 , 9.18424e-05 , -0.000191848 , -0.853721 , -1.54589 , 0.297044 , 0.317946 , 0.918424 , -1.91848 , 0.0014446 , 0.00226897 , 0.00165362 , -0.00150526 , -0.0105093 , 0.00219892 , 0.0144767 , 0.0227005 , 0.0165411 , -0.0150502 , -0.104939 , 0.0219982
-0.000120931 , -0.000137231 , 3.54662e-05 , 1.52535e-05 , 1.61694e-05 , -0.000209752 , -1.20931 , -1.37231 , 0.354662 , 0.152535 , 0.161694 , -2.09752 , 0.00213994 , 0.00204019 , 0.000966458 , -0.00119646 , -0.00634889 , 0.00242275 , 0.0214396 , 0.0204061 , 0.00966692 , -0.0119627 , -0.063399 , 0.024234
-0.000147481 , -0.000110604 , 3.53013e-05 , -3.90045e-06 , -5.9321e-05 , -0.000197764 , -1.47481 , -1.10604 , 0.353013 , -0.0390045 , -0.59321 , -1.97764 , 0.00262375 , 0.00155171 , 0.000318083 , -0.000591789 , -0.00243597 , 0.00116283 , 0.0262752 , 0.0155255 , 0.00318152 , -0.00591639 , -0.0243145 , 0.0116423
-0.000162251 , -7.84882e-05 , 2.87989e-05 , -2.32834e-05 , -0.000123318 , -0.000158564 , -1.62251 , -0.784882 , 0.287989 , -0.232834 , -1.23318 , -1.58564 , 0.00280611 , 0.000891863 , -0.000181547 , 0.000247419 , 0.000698198 , -0.00134532 , 0.028086 , 0.00893993 , -0.00181537 , 0.00247585 , 0.00700149 , -0.0134179
-0.000164071 , -4.52485e-05 , 1.65075e-05 , -4.04863e-05 , -0.000166582 , -9.90073e-05 , -1.64071 , -0.452484 , 0.165075 , -0.404863 , -1.66582 , -0.990073 , 0.00264199 , 0.000182336 , -0.000445938 , 0.00122631 , 0.00264403 , -0.00466884 , 0.0264306 , 0.0018574 , -0.00445911 , 0.0122662 , 0.02645 , -0.0466168
-0.000153456 , -1.52384e-05 , -1.3731e-07 , -5.34484e-05 , -0.000183416 , -2.89324e-05 , -1.53456 , -0.152384 , -0.00137308 , -0.534484 , -1.83416 , -0.289324 , 0.00214258 , -0.000443717 , -0.000424547 , 0.00223027 , 0.00318128 , -0.00824242 , 0.0214309 , -0.00439978 , -0.00424468 , 0.022309 , 0.0318251 , -0.0823062
-0.000132467 , 7.77224e-06 , -1.90277e-05 , -6.07803e-05 , -0.00017253 , 4.0526e-05 , -1.32467 , 0.0777224 , -0.190277 , -0.607803 , -1.7253 , 0.40526 , 0.00137703 , -0.00086694 , -0.000109672 , 0.00314188 , 0.00231654 , -0.0114565 , 0.0137821 , -0.00864106 , -0.00109528 , 0.0314294 , 0.0231899 , -0.1144
-0.000104369 , 2.10691e-05 , -3.77101e-05 , -6.19796e-05 , -0.000137129 , 9.88223e-05 , -1.04369 , 0.210691 , -0.377101 , -0.619796 , -1.37129 , 0.988223 , 0.000462977 , -0.00100529 , 0.000463355 , 0.00385827 , 0.000283557 , -0.0137541 , 0.00465581 , -0.0100402 , 0.0046359 , 0.038598 , 0.00287853 , -0.137341
-7.31471e-05 , 2.3305e-05 , -5.37714e-05 , -5.75027e-05 , -8.42348e-05 , 0.000137746 , -0.731471 , 0.23305 , -0.537714 , -0.575027 , -0.842348 , 1.37746 , -0.00045287 , -0.000831101 , 0.00122269 , 0.00430632 , -0.00249463 , -0.0147201 , -0.0044915 , -0.0083095 , 0.0122308 , 0.0430821 , -0.0248824 , -0.146987
-4.29531e-05 , 1.46193e-05 , -6.52204e-05 , -4.86774e-05 , -2.33513e-05 , 0.000152722 , -0.429531 , 0.146193 , -0.652204 , -0.486774 , -0.233513 , 1.52722 , -0.00122102 , -0.000378177 , 0.00207211 , 0.00445308 , -0.00547561 , -0.0141473 , -0.0121732 , -0.00377861 , 0.0207274 , 0.0445515 , -0.054673 , -0.14127
-1.75498e-05 , -3.43937e-06 , -7.08014e-05 , -3.74681e-05 , 3.52641e-05 , 0.000143436 , -0.175498 , -0.0343937 , -0.708014 , -0.374681 , 0.352641 , 1.43436 , -0.00171698 , 0.000262291 , 0.00290663 , 0.00431004 , -0.00808784 , -0.012068 , -0.0171446 , 0.00264025 , 0.029076 , 0.0431206 , -0.0807809 , -0.120509
1.593e-07 , -2.81709e-05 , -7.01861e-05 , -2.61331e-05 , 8.24102e-05 , 0.000113679 , 0.00159303 , -0.281709 , -0.701861 , -0.261331 , 0.824102 , 1.13679 , -0.00186508 , 0.00095653 , 0.00362911 , 0.00393032 , -0.00982545 , -0.00874497 , -0.0186407 , 0.00960006 , 0.0363046 , 0.0393209 , -0.0981494 , -0.0873227
8.4655e-06 , -5.61173e-05 , -6.40086e-05 , -1.68325e-05 , 0.0001115 , 7.0468e-05 , 0.084655 , -0.561173 , -0.640086 , -0.168325 , 1.115 , 0.70468 , -0.00165346 , 0.0015513 , 0.00416489 , 0.0033996 , -0.0103312 , -0.00462403 , -0.0165319 , 0.0155565 , 0.0416664 , 0.0340099 , -0.103206 , -0.0461578
7.01754e-06 , -8.35371e-05 , -5.37365e-05 , -1.12556e-05 , 0.000119585 , 2.26102e-05 , 0.0701754 , -0.835371 , -0.537365 , -0.112556 , 1.19585 , 0.226102 , -0.00113743 , 0.00190173 , 0.00447235 , 0.00282212 , -0.00945309 , -0.000256775 , -0.0113662 , 0.0190547 , 0.0447442 , 0.0282309 , -0.0944316 , -0.00251746
-3.20035e-06 , -0.000106896 , -4.13987e-05 , -1.03337e-05 , 0.000107668 , -2.10025e-05 , -0.0320035 , -1.06896 , -0.413987 , -0.103337 , 1.07668 , -0.210025 , -0.000430631 , 0.00189932 , 0.00454744 , 0.00230421 , -0.00726493 , 0.00379353 , -0.0042841 , 0.0190141 , 0.0454969 , 0.0230482 , -0.0725619 , 0.0379749
-2.00628e-05 , -0.000123303 , -2.92199e-05 , -1.40879e-05 , 8.02729e-05 , -5.30352e-05 , -0.200628 , -1.23303 , -0.292199 , -0.140879 , 0.802729 , -0.530352 , 0.000314648 , 0.00149506 , 0.004422 , 0.00193797 , -0.00404782 , 0.00704557 , 0.00318103 , 0.014956 , 0.0442425 , 0.0193835 , -0.040406 , 0.0705096
-4.06366e-05 , -0.000130846 , -1.92262e-05 , -2.16391e-05 , 4.43652e-05 , -6.89842e-05 , -0.406366 , -1.30846 , -0.192262 , -0.216391 , 0.443652 , -0.689842 , 0.000934798 , 0.00071286 , 0.00415615 , 0.0017877 , -0.00023615 , 0.00917702 , 0.00938375 , 0.00712996 , 0.0415821 , 0.0178805 , -0.00230275 , 0.0918574
-6.16042e-05 , -0.00012877 , -1.28935e-05 , -3.13754e-05 , 7.86469e-06 , -6.78489e-05 , -0.616042 , -1.2877 , -0.128935 , -0.313754 , 0.0786469 , -0.678489 , 0.0012854 , -0.00035032 , 0.00382644 , 0.00188124 , 0.00366155 , 0.0100713 , 0.0128788 , -0.00349209 , 0.0382817 , 0.0188178 , 0.0366699 , 0.100838
-7.97154e-05 , -0.0001175 , -1.09014e-05 , -4.12485e-05 , -2.19569e-05 , -5.20925e-05 , -0.797154 , -1.175 , -0.109014 , -0.412485 , -0.219569 , -0.520925 , 0.00126968 , -0.00153854 , 0.00351196 , 0.00220732 , 0.00715245 , 0.00982631 , 0.0127063 , -0.0153581 , 0.0351333 , 0.0220823 , 0.0715913 , 0.0984115
-9.22074e-05 , -9.84966e-05 , -1.30339e-05 , -4.91455e-05 , -3.98699e-05 , -2.69257e-05 , -0.922074 , -0.984966 , -0.130339 , -0.491455 , -0.398699 , -0.269256 , 0.00085949 , -0.00266319 , 0.00328085 , 0.00271928 , 0.0098434 , 0.00872508 , 0.00859578 , -0.0265929 , 0.0328195 , 0.0272066 , 0.0985324 , 0.0873956
-9.71343e-05 , -7.39938e-05 , -1.82432e-05 , -5.32706e-05 , -4.36058e-05 , 9.21505e-07 , -0.971343 , -0.739938 , -0.182432 , -0.532706 , -0.436058 , 0.00921505 , 0.000104031 , -0.00353646 , 0.00317943 , 0.00334413 , 0.0115039 , 0.00717464 , 0.00104509 , -0.0353253 , 0.031805 , 0.0334595 , 0.115181 , 0.0718602
-9.35682e-05 , -4.66428e-05 , -2.48624e-05 , -5.24663e-05 , -3.41349e-05 , 2.46756e-05 , -0.935682 , -0.466428 , -0.248624 , -0.524663 , -0.341349 , 0.246756 , -0.000876105 , -0.00400549 , 0.00322576 , 0.00399531 , 0.0120966 , 0.0056264 , -0.00874312 , -0.040025 , 0.0322707 , 0.0399747 , 0.121148 , 0.0563332
-8.16493e-05 , -1.91336e-05 , -3.0928e-05 , -4.64159e-05 , -1.52689e-05 , 3.89376e-05 , -0.816493 , -0.191336 , -0.30928 , -0.464159 , -0.152689 , 0.389376 , -0.00190925 , -0.0039804 , 0.00340826 , 0.00458679 , 0.0117712 , 0.00449299 , -0.0190617 , -0.0397858 , 0.0341001 , 0.045892 , 0.117912 , 0.0449611
-6.249e-05 , 6.16392e-06 , -3.45547e-05 , -3.56882e-05 , 7.30549e-06 , 4.07557e-05 , -0.6249 , 0.0616392 , -0.345547 , -0.356881 , 0.0730549 , 0.407557 , -0.00280356 , -0.00345111 , 0.00368949 , 0.00504607 , 0.010824 , 0.00407681 , -0.0280006 , -0.0344989 , 0.0369171 , 0.0504871 , 0.108426 , 0.0407848
-3.79554e-05 , 2.74885e-05 , -3.42919e-05 , -2.16173e-05 , 2.73456e-05 , 3.01455e-05 , -0.379554 , 0.274885 , -0.342919 , -0.216173 , 0.273456 , 0.301455 , -0.00338243 , -0.00248983 , 0.004014 , 0.00532389 , 0.00963299 , 0.00452235 , -0.0337955 , -0.0248848 , 0.0401653 , 0.053268 , 0.096476 , 0.0452544
-1.03593e-05 , 4.38711e-05 , -2.93969e-05 , -6.04448e-06 , 3.94394e-05 , 9.96636e-06 , -0.103593 , 0.438711 , -0.293969 , -0.0604448 , 0.394394 , 0.0996636 , -0.00351746 , -0.00123899 , 0.00431875 , 0.0053991 , 0.00858187 , 0.0057998 , -0.0351569 , -0.012372 , 0.0432133 , 0.0540233 , 0.0859182 , 0.058064
1.78757e-05 , 5.51935e-05 , -1.9971e-05 , 9.02761e-06 , 4.0169e-05 , -1.48011e-05 , 0.178757 , 0.551935 , -0.199709 , 0.0902761 , 0.40169 , -0.148011 , -0.00315266 , 0.000113357 , 0.00454394 , 0.00527826 , 0.00798822 , 0.0077213 , -0.031517 , 0.00115322 , 0.0454637 , 0.0528173 , 0.0799506 , 0.0773215
4.4548e-05 , 6.21206e-05 , -6.93359e-06 , 2.17969e-05 , 2.88156e-05 , -3.82084e-05 , 0.44548 , 0.621206 , -0.0693359 , 0.217969 , 0.288156 , -0.382084 , -0.00231559 , 0.00136653 , 0.00464246 , 0.00499037 , 0.00804796 , 0.00998561 , -0.0231473 , 0.0136816 , 0.0464472 , 0.0499382 , 0.0805468 , 0.100003
6.7948e-05 , 6.59208e-05 , 8.15741e-06 , 3.0974e-05 , 7.46662e-06 , -5.46688e-05 , 0.67948 , 0.659208 , 0.0815741 , 0.30974 , 0.0746662 , -0.546688 , -0.00111347 , 0.00234268 , 0.00458618 , 0.00457825 , 0.00880596 , 0.0122416 , -0.0111221 , 0.0234378 , 0.0458841 , 0.045813 , 0.0881554 , 0.122596
8.70392e-05 , 6.82093e-05 , 2.3402e-05 , 3.59885e-05 , -1.94801e-05 , -6.01794e-05 , 0.870392 , 0.682093 , 0.23402 , 0.359885 , -0.194801 , -0.601794 , 0.000284889 , 0.00291833 , 0.0043681 , 0.00408849 , 0.0101564 , 0.0141576 , 0.00286561 , 0.0291925 , 0.0437046 , 0.0409082 , 0.101706 , 0.141787
0.000101524 , 7.06562e-05 , 3.69079e-05 , 3.7055e-05 , -4.62997e-05 , -5.31767e-05 , 1.01524 , 0.706562 , 0.36908 , 0.37055 , -0.462997 , -0.531767 , 0.00167845 , 0.00304565 , 0.00400035 , 0.00356213 , 0.0118716 , 0.0154832 , 0.0168017 , 0.0304696 , 0.0400287 , 0.0356366 , 0.118904 , 0.155076
0.000111795 , 7.47096e-05 , 4.71277e-05 , 3.50924e-05 , -6.71915e-05 , -3.48549e-05 , 1.11795 , 0.747096 , 0.471277 , 0.350924 , -0.671915 , -0.348549 , 0.00286915 , 0.00275921 , 0.00350882 , 0.00302766 , 0.0136524 , 0.0160907 , 0.0287068 , 0.027612 , 0.0351125 , 0.0302864 , 0.136749 , 0.161182
0.000118778 , 8.13739e-05 , 5.31187e-05 , 3.15129e-05 , -7.75279e-05 , -8.88765e-06 , 1.18778 , 0.813739 , 0.531187 , 0.315129 , -0.775279 , -0.0888765 , 0.0036968 , 0.00216687 , 0.00292576 , 0.00249756 , 0.0151899 , 0.0159894 , 0.036983 , 0.0216922 , 0.0292772 , 0.0249844 , 0.15215 , 0.160188
0.000123712 , 9.10741e-05 , 5.4685e-05 , 2.79218e-05 , -7.4838e-05 , 1.93728e-05 , 1.23712 , 0.910741 , 0.54685 , 0.279218 , -0.74838 , 0.193728 , 0.00406673 , 0.00142676 , 0.00228238 , 0.00196846 , 0.0162257 , 0.0153117 , 0.0406863 , 0.0142877 , 0.0228358 , 0.0196962 , 0.162527 , 0.153404
0.000127893 , 0.000103621 , 5.23773e-05 , 2.57865e-05 , -5.93204e-05 , 4.40417e-05 , 1.27893 , 1.03621 , 0.523773 , 0.257865 , -0.593204 , 0.440417 , 0.0039649 , 0.00071536 , 0.00160285 , 0.00142455 , 0.0165989 , 0.0142748 , 0.0396741 , 0.00716469 , 0.016033 , 0.0142609 , 0.166272 , 0.143003
0.00013243 , 0.000118277 , 4.7356e-05 , 2.61379e-05 , -3.37881e-05 , 5.99422e-05 , 1.3243 , 1.18277 , 0.47356 , 0.261379 , -0.337881 , 0.599422 , 0.0034574 , 0.000193096 , 0.000900952 , 0.000843327 , 0.0162704 , 0.0131295 , 0.0346023 , 0.00193356 , 0.00901057 , 0.00844946 , 0.162991 , 0.131501
0.000138063 , 0.000133898 , 4.11443e-05 , 2.9367e-05 , -3.06812e-06 , 6.36801e-05 , 1.38063 , 1.33898 , 0.411443 , 0.29367 , -0.0306812 , 0.636801 , 0.00267493 , -2.59016e-05 , 0.000179817 , 0.000202187 , 0.0153212 , 0.0121055 , 0.0267738 , -0.000258909 , 0.00180147 , 0.0020344 , 0.153486 , 0.121213
0.00014505 , 0.000149137 , 3.53185e-05 , 3.51542e-05 , 2.7008e-05 , 5.43298e-05 , 1.4505 , 1.49137 , 0.353185 , 0.351542 , 0.27008 , 0.543298 , 0.00178572 , 0.000105463 , -0.000565767 , -0.000515113 , 0.0139268 , 0.011366 , 0.0178718 , 0.00105909 , -0.00564793 , -0.00514471 , 0.139508 , 0.113791
0.000153151 , 0.000162667 , 3.11971e-05 , 4.25463e-05 , 5.08009e-05 , 3.35974e-05 , 1.53151 , 1.62667 , 0.311971 , 0.425463 , 0.508009 , 0.335974 , 0.000962563 , 0.000559662 , -0.0013451 , -0.00131357 , 0.0123147 , 0.0109785 , 0.00963017 , 0.00560812 , -0.0134345 , -0.0131332 , 0.123334 , 0.109912
0.000161698 , 0.000173383 , 2.95893e-05 , 5.01571e-05 , 6.39957e-05 , 5.43881e-06 , 1.61698 , 1.73383 , 0.295893 , 0.501571 , 0.639957 , 0.0543881 , 0.000350562 , 0.00124127 , -0.0021665 , -0.00218441 , 0.0107147 , 0.0109062 , 0.00350579 , 0.0124285 , -0.0216451 , -0.021839 , 0.107279 , 0.109203
0.000169732 , 0.000180564 , 3.06545e-05 , 5.64482e-05 , 6.44356e-05 , -2.47748e-05 , 1.69732 , 1.80564 , 0.306545 , 0.564482 , 0.644356 , -0.247748 , 4.12617e-05 , 0.00200665 , -0.00303244 , -0.00310548 , 0.00931404 , 0.0110212 , 0.000415864 , 0.0200817 , -0.0303047 , -0.0310397 , 0.0932303 , 0.110368
0.00017619 , 0.000183947 , 3.38983e-05 , 6.00314e-05 , 5.24942e-05 , -5.13606e-05 , 1.76191 , 1.83947 , 0.338983 , 0.600314 , 0.524942 , -0.513606 , 5.78488e-05 , 0.00269281 , -0.00393585 , -0.00404435 , 0.0082231 , 0.0111344 , 0.000588547 , 0.0269401 , -0.0393394 , -0.0404141 , 0.0823007 , 0.111504
0.000180104 , 0.000183727 , 3.83004e-05 , 5.99329e-05 , 3.0923e-05 , -6.94599e-05 , 1.80104 , 1.83727 , 0.383004 , 0.599329 , 0.30923 , -0.694599 , 0.000353792 , 0.00314962 , -0.00485824 , -0.00496333 , 0.00745989 , 0.0110372 , 0.00355256 , 0.0315067 , -0.0485592 , -0.0495905 , 0.0746675 , 0.110519
0.000180767 , 0.000180466 , 4.25416e-05 , 5.57743e-05 , 4.22249e-06 , -7.59727e-05 , 1.80768 , 1.80466 , 0.425416 , 0.557743 , 0.0422249 , -0.759727 , 0.000824983 , 0.00326884 , -0.00577025 , -0.00582515 , 0.0069531 , 0.0105445 , 0.00826343 , 0.0327012 , -0.0576676 , -0.0582005 , 0.0696062 , 0.105566
0.000177861 , 0.000174946 , 4.52799e-05 , 4.78416e-05 , -2.23173e-05 , -7.01028e-05 , 1.77861 , 1.74946 , 0.452799 , 0.478416 , -0.223173 , -0.701028 , 0.00133286 , 0.00300422 , -0.00663448 , -0.0065979 , 0.00656278 , 0.00953173 , 0.0133371 , 0.0300589 , -0.066292 , -0.065925 , 0.0657042 , 0.0954098
0.000171494 , 0.000167994 , 4.54185e-05 , 3.70307e-05 , -4.36969e-05 , -5.34167e-05 , 1.71494 , 1.67994 , 0.454185 , 0.370307 , -0.436969 , -0.534167 , 0.00173374 , 0.00237874 , -0.00741025 , -0.00725812 , 0.00611338 , 0.00795774 , 0.0173416 , 0.0238051 , -0.0740311 , -0.0725257 , 0.0611993 , 0.0796441
0.000162163 , 0.00016031 , 4.23187e-05 , 2.46825e-05 , -5.61806e-05 , -2.94241e-05 , 1.62163 , 1.6031 , 0.423187 , 0.246825 , -0.561806 , -0.294241 , 0.00190822 , 0.00147827 , -0.00805919 , -0.00779168 , 0.00543207 , 0.00587019 , 0.0190865 , 0.0147962 , -0.0805075 , -0.0778567 , 0.0543659 , 0.0587478
0.000150648 , 0.000152339 , 3.59196e-05 , 1.23398e-05 , -5.79676e-05 , -2.78697e-06 , 1.50648 , 1.52339 , 0.359196 , 0.123398 , -0.579676 , -0.0278696 , 0.00178463 , 0.00043361 , -0.00855032 , -0.00819263 , 0.00438461 , 0.00339356 , 0.0178542 , 0.00434245 , -0.0854145 , -0.0818569 , 0.0438695 , 0.0339652
0.000137851 , 0.000144194 , 2.67477e-05 , 1.47179e-06 , -4.94344e-05 , 2.1661e-05 , 1.37851 , 1.44194 , 0.267477 , 0.014718 , -0.494344 , 0.21661 , 0.00135183 , -0.000604941 , -0.00886357 , -0.00846097 , 0.00290152 , 0.000703903 , 0.0135295 , -0.00604802 , -0.0885495 , -0.0845289 , 0.0290238 , 0.00705736
0.000124629 , 0.00013566 , 1.58169e-05 , -6.77772e-06 , -3.29221e-05 , 3.98734e-05 , 1.24629 , 1.3566 , 0.158169 , -0.0677772 , -0.329221 , 0.398734 , 0.000659442 , -0.00149548 , -0.00899103 , -0.00859988 , 0.000990033 , -0.00200328 , 0.00660522 , -0.0149523 , -0.0898287 , -0.08591 , 0.00990533 , -0.0200179
