-2.46545e-06 , -6.0342e-06 , -6.86795e-12 , 2.54309e-11 , 3.53946e-08 , 8.55526e-06 , 1.31935e-08 , 5.30544e-08
-1.04085e-05 , -2.17595e-06 , -5.98971e-12 , -4.08026e-12 , -2.11902e-07 , 3.55248e-06 , 4.57457e-08 , 6.94965e-08
-2.02112e-05 , -3.58134e-06 , -6.75927e-12 , -1.17214e-12 , -5.61847e-07 , -4.1499e-06 , 8.96189e-08 , 1.13377e-08
-2.87535e-05 , 1.49511e-05 , -8.53718e-13 , 5.62315e-12 , -5.12577e-07 , 5.95292e-06 , 1.30412e-07 , -3.86833e-08
-2.83983e-05 , 3.41333e-05 , 7.33062e-12 , 1.29606e-11 , -2.39039e-07 , -1.33843e-06 , 1.38831e-07 , -1.43191e-07
-9.68476e-06 , 6.64415e-05 , 2.03418e-11 , 9.99799e-12 , 7.19002e-07 , 6.97385e-07 , 7.29298e-08 , -2.8564e-07
3.68816e-05 , 8.81511e-05 , 3.53438e-11 , -2.86307e-11 , 1.8584e-06 , 1.39621e-07 , -1.09227e-07 , -3.96459e-07
0.000113171 , 8.88549e-05 , 4.6247e-11 , -3.01547e-11 , 3.39944e-06 , -2.83213e-06 , -4.2327e-07 , -4.20649e-07
0.000205185 , 3.06935e-05 , 4.21804e-11 , -7.78134e-11 , 4.603e-06 , -2.55658e-07 , -8.22552e-07 , -2.11655e-07
0.000274987 , -0.000106885 , 1.59241e-11 , -9.7948e-11 , 4.25247e-06 , -5.3218e-06 , -1.16242e-06 , 3.29439e-07
0.000259808 , -0.000328341 , -3.81546e-11 , -9.40488e-11 , 1.10506e-06 , -9.61848e-06 , -1.19028e-06 , 1.22242e-06
8.42503e-05 , -0.000582061 , -9.89659e-11 , -4.19771e-11 , -5.85095e-06 , -1.27674e-05 , -5.88023e-07 , 2.32687e-06
-0.000306848 , -0.000762776 , -1.17068e-10 , 1.06962e-10 , -1.62527e-05 , -1.03065e-05 , 9.08379e-07 , 3.22038e-06
-0.000899347 , -0.000699599 , -2.63602e-12 , 3.55578e-10 , -2.75576e-05 , -8.17462e-07 , 3.31402e-06 , 3.23953e-06
-0.00155603 , -0.000212673 , 3.63298e-10 , 6.78881e-10 , -3.37141e-05 , 1.53433e-05 , 6.1684e-06 , 1.58344e-06
-0.00198729 , 0.00081682 , 1.09441e-09 , 9.35277e-10 , -2.68697e-05 , 3.85662e-05 , 8.3764e-06 , -2.32738e-06
-0.00177839 , 0.00231703 , 2.23853e-09 , 8.97277e-10 , -1.80042e-06 , 5.93948e-05 , 8.26172e-06 , -8.38117e-06
-0.000506666 , 0.00391857 , 3.69699e-09 , 3.33298e-10 , 3.85077e-05 , 7.21224e-05 , 3.98107e-06 , -1.5273e-05
0.00204133 , 0.00489795 , 5.18771e-09 , -1.02997e-09 , 8.10423e-05 , 6.7037e-05 , -5.62609e-06 , -2.02905e-05
0.00560656 , 0.00427435 , 6.28292e-09 , -3.26918e-09 , 0.000116308 , 1.59464e-05 , -1.99011e-05 , -1.96301e-05
0.00927596 , 0.00111432 , 6.38006e-09 , -6.17655e-09 , 0.000149417 , -0.000114406 , -3.5476e-05 , -9.4206e-06
0.0113582 , -0.00483119 , 4.86385e-09 , -9.16251e-09 , 0.000157014 , -0.000302393 , -4.61632e-05 , 1.24615e-05
0.00967015 , -0.0128254 , 1.56024e-09 , -1.09836e-08 , 6.54253e-05 , -0.000442645 , -4.38702e-05 , 4.43672e-05
0.00230638 , -0.0210162 , -3.0722e-09 , -9.14441e-09 , -0.000302501 , -0.000454794 , -2.09618e-05 , 7.92985e-05
-0.0106858 , -0.0242947 , -7.94221e-09 , -5.17184e-09 , -0.000743585 , -0.000225684 , 2.59807e-05 , 0.000101675
-0.0287738 , -0.0192497 , -5.62873e-09 , 2.06906e-09 , -0.00107415 , 0.000205479 , 9.56561e-05 , 9.38292e-05
-0.0427302 , -0.00497898 , -4.03211e-09 , 1.47932e-08 , -0.00109427 , 0.00019859 , 0.000166232 , 4.30134e-05
-0.0486559 , 0.0244258 , 5.81748e-09 , 2.49845e-08 , -0.000385449 , 0.00088697 , 0.000208114 , -5.50411e-05
-0.0380487 , 0.0581888 , 2.23565e-08 , 3.16757e-08 , 0.000741449 , 0.00140107 , 0.000187188 , -0.000181497
-0.0096103 , 0.0860605 , 4.42295e-08 , 2.52559e-08 , 0.000128705 , 0.00142891 , 8.26985e-05 , -0.00031024
0.0443959 , 0.0943615 , 7.2751e-08 , 1.4635e-08 , 0.00224986 , 0.00080053 , -0.000103068 , -0.000381461
0.107331 , 0.0717818 , 8.92213e-08 , -1.35663e-08 , 0.00228889 , -0.000329729 , -0.000344029 , -0.000338536
0.157157 , 0.0132427 , 9.66559e-08 , -5.62929e-08 , 0.00234876 , -0.00321794 , -0.000572249 , -0.000151918
0.169132 , -0.0822839 , 8.34281e-08 , -8.34647e-08 , 0.0013036 , -0.00708627 , -0.000688008 , 0.00018893
0.124252 , -0.188265 , 4.91745e-08 , -1.50549e-07 , -0.000790374 , -0.00879857 , -0.000597317 , 0.000618509
0.0210448 , -0.27026 , -1.88677e-08 , -1.87632e-07 , -0.00467743 , -0.0054593 , -0.000262488 , 0.000989886
-0.147488 , -0.283848 , -9.20384e-08 , -1.95298e-07 , -0.0119267 , -0.00137564 , 0.000312559 , 0.0011536
-0.312519 , -0.203365 , -1.96201e-07 , -1.55363e-07 , -0.0144266 , 0.00651808 , 0.000991311 , 0.00097576
-0.43895 , -0.0222366 , -3.32281e-07 , -4.87258e-08 , -0.00840138 , 0.00100223 , 0.0015468 , 0.000383668
-0.449692 , 0.223572 , -3.83962e-07 , 7.8905e-08 , -0.00142678 , 0.00641956 , 0.00175871 , -0.000541647
-0.316956 , 0.484933 , -3.92466e-07 , 3.60149e-07 , 0.0104593 , 0.00856253 , 0.00144867 , -0.00159726
-0.028039 , 0.662856 , -2.61975e-07 , 5.82447e-07 , -0.00124467 , 0.0104876 , 0.000521977 , -0.00248579
0.331448 , 0.670399 , -9.43006e-08 , 9.08603e-07 , 0.0137591 , 0.00322988 , -0.000875839 , -0.00282977
0.708498 , 0.465752 , 4.05815e-07 , 1.13732e-06 , 0.010392 , -0.0044556 , -0.00242067 , -0.00236999
0.944991 , 0.0614086 , 9.06265e-07 , 1.26979e-06 , 0.0161792 , 0.000104487 , -0.0036776 , -0.00110016
0.939522 , -0.482151 , 1.64092e-06 , 1.1785e-06 , 0.00447349 , -0.0236979 , -0.00413257 , 0.000652268
0.638537 , -0.974245 , 2.31518e-06 , 7.77752e-07 , -0.00556831 , -0.0261698 , -0.00347953 , 0.00232173
0.0779373 , -1.27385 , 2.87585e-06 , -2.29873e-08 , -0.000151628 , -0.0173487 , -0.00179542 , 0.00335968
-0.635096 , -1.22144 , 3.07299e-06 , -9.93367e-07 , -0.0245305 , 0.000677506 , 0.000365423 , 0.00340064
-1.25024 , -0.805597 , 2.74798e-06 , -2.17589e-06 , -0.0307079 , 0.0270824 , 0.00224184 , 0.00217695
-1.60151 , -0.0578735 , 1.63649e-06 , -3.09393e-06 , -0.0150334 , 0.0134587 , 0.00320351 , -0.000476922
-1.50196 , 0.749518 , -6.20867e-08 , -3.85454e-06 , 0.000489261 , 0.0311697 , 0.00291348 , -0.00411581
-0.972356 , 1.50232 , -2.41603e-06 , -3.39027e-06 , 0.0328398 , 0.00770205 , 0.00107489 , -0.00779009
-0.0707844 , 1.88052 , -4.79852e-06 , -2.03994e-06 , 0.0199493 , 0.0247367 , -0.00244231 , -0.0106016
0.860851 , 1.76272 , -7.25631e-06 , 7.43176e-07 , 0.0320966 , -0.00254892 , -0.00708999 , -0.0118281
1.69751 , 1.13302 , -8.37267e-06 , 4.57916e-06 , 0.0206317 , -0.0119069 , -0.0116657 , -0.0112081
2.08329 , 0.124521 , -8.28775e-06 , 9.22166e-06 , 0.0248014 , -0.00194495 , -0.0152594 , -0.00922327
1.91682 , -0.975005 , -6.15411e-06 , 1.38295e-05 , 0.000873546 , -0.0101386 , -0.0170724 , -0.0072276
1.21045 , -1.8071 , -2.19057e-06 , 1.76124e-05 , -0.0146243 , -0.0449685 , -0.0170093 , -0.00639308
0.137176 , -2.17826 , 3.43811e-06 , 1.92078e-05 , -0.00400745 , -0.0129378 , -0.0157088 , -0.00728605
-0.987771 , -1.92264 , 9.84838e-06 , 1.81179e-05 , -0.0106704 , 0.00820104 , -0.014619 , -0.0101365
-1.80131 , -1.17944 , 1.60564e-05 , 1.35083e-05 , -0.0427557 , 0.0449713 , -0.0149103 , -0.0148992
-2.12742 , -0.105813 , 2.03398e-05 , 5.77088e-06 , -0.0087061 , 0.0151455 , -0.0170605 , -0.0216136
-1.83922 , 0.881922 , 2.17588e-05 , -5.40703e-06 , 0.00900148 , 0.0383947 , -0.0211897 , -0.0293597
-1.10881 , 1.66859 , 1.89856e-05 , -1.80226e-05 , 0.0475118 , 0.0150608 , -0.0271614 , -0.0366787
-0.107092 , 1.93978 , 1.19045e-05 , -3.15045e-05 , 0.00520075 , 0.0200552 , -0.0348942 , -0.0428153
0.781233 , 1.68014 , -2.90815e-07 , -4.36787e-05 , 0.0425158 , -0.006123 , -0.0433492 , -0.0472667
1.45818 , 0.999737 , -1.59411e-05 , -5.32538e-05 , 0.00221435 , -0.0214734 , -0.051243 , -0.0502928
1.66506 , 0.128036 , -3.45667e-05 , -5.88032e-05 , 0.00984075 , -0.0110128 , -0.0578849 , -0.0526724
1.41281 , -0.692646 , -5.3837e-05 , -5.97799e-05 , -0.00104773 , -0.0319692 , -0.0629925 , -0.0554775
0.822077 , -1.21045 , -7.20059e-05 , -5.60129e-05 , -0.0187411 , -0.0184634 , -0.0667684 , -0.0593788
0.109652 , -1.35131 , -8.69607e-05 , -4.84345e-05 , -0.0103542 , -2.51313e-05 , -0.069949 , -0.0645725
-0.538849 , -1.09367 , -9.72029e-05 , -3.80871e-05 , -0.0322935 , 0.0143038 , -0.0733143 , -0.0708678
-0.926857 , -0.61819 , -0.000101547 , -2.70039e-05 , -0.0104905 , 0.0399957 , -0.0773595 , -0.077902
-1.01705 , -0.0662246 , -9.97197e-05 , -1.68034e-05 , 0.000843124 , -0.0104463 , -0.082135 , -0.0852122
-0.802464 , 0.366122 , -9.18726e-05 , -1.03536e-05 , 0.0125085 , 0.0254069 , -0.0874377 , -0.0919539
-0.441221 , 0.654902 , -7.92368e-05 , -8.80305e-06 , 0.0369479 , 0.00867791 , -0.0928984 , -0.0975615
-0.0472007 , 0.703116 , -6.31712e-05 , -1.39958e-05 , -0.00170579 , 0.0100325 , -0.0980254 , -0.101718
0.249388 , 0.557029 , -4.64646e-05 , -2.61344e-05 , 0.0192275 , 0.00694704 , -0.102202 , -0.104392
0.440738 , 0.296686 , -3.10314e-05 , -4.52705e-05 , 0.00607002 , -0.0119521 , -0.105042 , -0.105757
0.464332 , 0.0336628 , -1.95051e-05 , -7.012e-05 , 0.00646117 , -0.00965298 , -0.106376 , -0.106112
0.356754 , -0.182461 , -1.34859e-05 , -9.86041e-05 , 0.00478469 , -0.0116039 , -0.106226 , -0.105664
0.180149 , -0.284758 , -1.44627e-05 , -0.000128118 , -0.0122769 , -0.00684654 , -0.104762 , -0.104543
0.0143618 , -0.291781 , -2.27776e-05 , -0.000155565 , -0.00588957 , 0.00460538 , -0.102235 , -0.102752
-0.11671 , -0.204275 , -3.77058e-05 , -0.000177787 , -0.0067242 , 0.00592064 , -0.0987988 , -0.100166
-0.170254 , -0.0971554 , -5.7727e-05 , -0.000191827 , -0.00677942 , 0.0173417 , -0.0946083 , -0.0966246
-0.1706 , -0.00523596 , -8.04664e-05 , -0.000195155 , 0.00400672 , -7.14611e-05 , -0.089712 , -0.0919695
-0.113176 , 0.063657 , -0.000103076 , -0.000186569 , 0.00155818 , 0.00335452 , -0.084093 , -0.0860626
-0.0498076 , 0.099208 , -0.000122264 , -0.000165677 , 0.0121464 , 0.00271025 , -0.0777001 , -0.0789171
0.00115113 , 0.092918 , -0.000134812 , -0.000133424 , 0.000350981 , -0.000970476 , -0.070489 , -0.0705616
0.0379798 , 0.0635177 , -0.000138184 , -9.16558e-05 , 0.00257199 , 0.00276688 , -0.0624307 , -0.0611206
0.0551186 , 0.0252432 , -0.000130751 , -4.31522e-05 , 0.00328619 , -0.00167013 , -0.0535523 , -0.0507428
0.0496989 , -0.00221306 , -0.000111932 , 8.64423e-06 , -0.000850717 , 0.00131548 , -0.0438888 , -0.0396123
0.0329385 , -0.0228284 , -8.2319e-05 , 6.0225e-05 , 0.00386485 , 0.00264751 , -0.0335025 , -0.0279248
0.0120331 , -0.0298521 , -4.35416e-05 , 0.000108258 , -0.000776357 , -0.00156937 , -0.0224639 , -0.0158937
-0.000436999 , -0.0251191 , 1.67991e-06 , 0.000149949 , 0.00185268 , 0.00399257 , -0.0108588 , -0.00376478
-0.0117844 , -0.0123495 , 5.00887e-05 , 0.000183303 , 0.0018808 , -0.000111282 , 0.00119962 , 0.00822367
-0.0139749 , -0.0024129 , 9.81091e-05 , 0.000207487 , -0.00185985 , 0.00391372 , 0.013577 , 0.0198166
-0.0103722 , -0.000276299 , 0.000142437 , 0.000222693 , 0.00288839 , 0.00124604 , 0.026089 , 0.0307764
-0.00407632 , 0.000222639 , 0.000180352 , 0.00023002 , 0.000121285 , -0.000508401 , 0.0385099 , 0.0408871
-0.00188973 , 0.00387352 , 0.000210114 , 0.000231032 , 0.00202963 , 0.00251048 , 0.0505745 , 0.0499854
-0.0025109 , 0.00264668 , 0.000231075 , 0.000227491 , 0.00148148 , -0.00122668 , 0.0619897 , 0.0579939
-0.000509792 , -0.00330589 , 0.000243643 , 0.000220962 , -0.00146223 , 0.00288522 , 0.0724535 , 0.0649179
0.000845393 , -0.00431015 , 0.000249047 , 0.000212573 , 0.00188442 , 0.00135174 , 0.0816831 , 0.0708691
-0.00290913 , 0.0019592 , 0.000248999 , 0.000202671 , -0.000785864 , 0.00105606 , 0.0894575 , 0.0760544
-0.00590691 , 0.00421016 , 0.000245301 , 0.000190635 , 0.00055196 , 0.00222286 , 0.0956431 , 0.0807444
-0.00397522 , 0.00418921 , 0.000239472 , 0.000175034 , 0.00155637 , -0.00178652 , 0.100217 , 0.0852647
0.000235379 , 0.00568363 , 0.000232187 , 0.00015414 , -9.50002e-05 , 0.00153643 , 0.103282 , 0.0899191
0.00126322 , 0.00673497 , 0.000223021 , 0.000126428 , 0.00200881 , -0.000726714 , 0.105061 , 0.0949667
0.00272074 , 0.00578699 , 0.000210499 , 9.09546e-05 , -0.00064034 , 0.000445278 , 0.105889 , 0.100554
0.00500321 , 0.00346217 , 0.000192404 , 4.76706e-05 , -0.000133734 , 0.000320633 , 0.106159 , 0.106679
0.00510732 , 0.0030615 , 0.000166199 , -1.97726e-06 , 0.000997494 , -0.000354896 , 0.106282 , 0.113166
0.00362044 , 0.00286793 , 0.000129527 , -5.47642e-05 , -0.00214488 , 0.0015666 , 0.106623 , 0.119655
0.00286708 , 0.00128065 , 8.08058e-05 , -0.000105836 , 0.00107789 , -0.00108068 , 0.107439 , 0.125633
0.00358293 , -0.000359498 , 2.00823e-05 , -0.000149235 , -0.000890411 , 0.000388427 , 0.108829 , 0.130466
0.0030054 , -0.00314173 , -5.04356e-05 , -0.000178739 , -0.000377892 , -0.000675764 , 0.110696 , 0.133472
0.00154144 , -0.00479875 , -0.000126229 , -0.000188729 , 0.000764918 , -9.85695e-06 , 0.112736 , 0.134008
0.000185284 , -0.00273567 , -0.000200787 , -0.000174932 , -0.00228078 , -0.000208544 , 0.114454 , 0.131546
-0.00297961 , 0.00228082 , -0.000266167 , -0.000135439 , 0.000999142 , -0.00105466 , 0.115219 , 0.125769
-0.00484019 , 0.0030618 , -0.000313708 , -7.16647e-05 , -0.00204466 , -0.000279378 , 0.114328 , 0.11662
-0.00154392 , -0.000655136 , -0.000335171 , 1.13226e-05 , -7.54424e-05 , -0.00203354 , 0.111105 , 0.104344
0.00330241 , -0.00150932 , -0.000324194 , 0.000105176 , -0.0015478 , -0.00032723 , 0.105006 , 0.0894915
0.00169814 , 0.00137268 , -0.000277579 , 0.000199018 , -0.00218016 , -0.00242887 , 0.0957026 , 0.0728687
-0.00350064 , 0.0014759 , -0.00019623 , 0.000280502 , -0.000559721 , 0.000136146 , 0.0831653 , 0.0554778
-0.00246638 , -0.00123434 , -8.55475e-05 , 0.000337204 , -0.00245343 , -0.00190759 , 0.0676997 , 0.0383933
0.00247447 , -0.0013159 , 4.47887e-05 , 0.000358371 , -0.000782594 , -0.00213181 , 0.0499515 , 0.0226553
0.00134865 , -0.000582221 , 0.000181455 , 0.000336645 , -0.00210924 , -0.00191648 , 0.0308646 , 0.00913481
-0.00293102 , -0.00141495 , 0.000308635 , 0.000269441 , -0.00182766 , -0.00416573 , 0.0115821 , -0.00156893
-0.00140978 , -0.000880446 , 0.000409905 , 0.000159817 , -0.0024737 , -3.42773e-05 , -0.00666166 , -0.00920493
0.00164843 , 0.00242944 , 0.000470414 , 1.66736e-05 , -0.00201761 , -0.00483812 , -0.0226949 , -0.013906
0.000866473 , 0.0056279 , 0.000478964 , -0.00014598 , -0.00349513 , -0.000654483 , -0.0355445 , -0.0161602
-0.00118809 , 0.0049855 , 0.000429795 , -0.000310477 , -0.00165388 , -0.00347634 , -0.0445641 , -0.0167497
0.000841055 , 0.00105157 , 0.000323831 , -0.000457408 , -0.00320007 , -0.00220438 , -0.0495285 , -0.016631
0.00552097 , -0.000452198 , 0.000168994 , -0.000567973 , -0.00212297 , -0.00126748 , -0.0506551 , -0.016802
0.00471188 , 0.00300684 , -2.03225e-05 , -0.00062653 , -0.00235228 , -0.00405778 , -0.0486009 , -0.0181464
-0.00111908 , 0.00506819 , -0.000224453 , -0.000622828 , -0.00351736 , 0.000290435 , -0.0443625 , -0.0213105
-0.00192042 , 0.00259956 , -0.000420606 , -0.000553685 , -0.000257912 , -0.00452286 , -0.0391581 , -0.0266053
0.00314446 , 0.00156399 , -0.000585692 , -0.000423942 , -0.00434343 , -0.000743824 , -0.034258 , -0.0339578
0.00436826 , 0.00256826 , -0.000699147 , -0.000246286 , 0.000341156 , -0.00330031 , -0.0308175 , -0.0429132
0.00132239 , 0.00166976 , -0.000745616 , -3.99135e-05 , -0.00345136 , -0.00156597 , -0.029728 , -0.0527043
0.00149224 , -0.00122067 , -0.000717277 , 0.000171581 , -0.000844063 , -0.000960294 , -0.0314938 , -0.0623573
0.00368207 , -0.00044709 , -0.000615103 , 0.000362928 , -0.00107706 , -0.00236499 , -0.0361723 , -0.0708441
0.00292794 , 0.00350008 , -0.000448944 , 0.000510337 , -0.00232276 , 0.000426358 , -0.0433732 , -0.0772269
-0.000187054 , 0.00445935 , -0.000236671 , 0.00059462 , 0.00138528 , -0.00168604 , -0.0523194 , -0.080813
6.40094e-05 , 0.00336077 , -2.26274e-06 , 0.000603809 , -0.00268995 , 0.000702264 , -0.0619639 , -0.0812689
0.00271082 , 0.0039438 , 0.000227093 , 0.000534902 , 0.00231352 , -0.000533298 , -0.071131 , -0.0786846
0.0026365 , 0.004694 , 0.000424422 , 0.000394465 , -0.00160983 , 0.000696884 , -0.0786938 , -0.0735742
0.00259966 , 0.00328412 , 0.000566327 , 0.000198088 , 0.00165535 , 0.000501582 , -0.0837415 , -0.0667983
0.00428143 , 0.00248515 , 0.000635858 , -3.13537e-05 , 0.000795444 , 0.000430407 , -0.0857147 , -0.0594489
0.00459429 , 0.0030985 , 0.000624769 , -0.00026653 , 0.000836253 , 0.000877624 , -0.0844943 , -0.0526765
0.00292003 , 0.00246511 , 0.000534805 , -0.00047905 , 0.00253181 , 0.000795526 , -0.0804069 , -0.047525
0.00287086 , 0.000521605 , 0.000377527 , -0.00064288 , -0.000452349 , 0.00182437 , -0.0741735 , -0.0447813
0.00322498 , -0.000401073 , 0.000172762 , -0.000737621 , 0.00274649 , 0.00176895 , -0.0667803 , -0.0448652
0.00142198 , -0.000171437 , -5.38912e-05 , -0.000751226 , 0.000345086 , 0.00238193 , -0.0593246 , -0.0477695
0.000168231 , -0.00114439 , -0.000274214 , -0.000681425 , 0.00335174 , 0.00234532 , -0.052846 , -0.0530504
0.0016661 , -0.00278563 , -0.000460898 , -0.000535861 , 0.00198175 , 0.00271031 , -0.048179 , -0.0598786
0.00179574 , -0.00136197 , -0.000591006 , -0.00033127 , 0.00258203 , 0.0024001 , -0.0458308 , -0.067157
-0.00277454 , 0.000907076 , -0.000648806 , -9.13889e-05 , 0.00319464 , 0.00277853 , -0.0459162 , -0.0736581
-0.00564813 , 0.00131585 , -0.000627644 , 0.000156275 , 0.00236344 , 0.00264722 , -0.0481301 , -0.0782188
-0.00164447 , 0.000968279 , -0.000530712 , 0.000383991 , 0.0035074 , 0.00292075 , -0.0517983 , -0.079896
0.00146866 , 0.000183678 , -0.000370451 , 0.000567105 , 0.00165667 , 0.00178807 , -0.0559613 , -0.078126
-0.000791119 , 0.000328255 , -0.000166621 , 0.000686884 , 0.0028776 , 0.00236253 , -0.0595238 , -0.0727916
-0.00248999 , 0.00195075 , 5.64263e-05 , 0.000732723 , 0.00231338 , 0.00225252 , -0.0614234 , -0.0642264
-0.00147336 , 0.00281661 , 0.000272752 , 0.000703278 , 0.00203538 , 0.0025197 , -0.0607979 , -0.0531449
0.000104812 , 0.00203251 , 0.000457978 , 0.000606191 , 0.00190157 , 0.00310649 , -0.0571279 , -0.0405135
0.00084865 , 0.000623258 , 0.000592446 , 0.000456702 , 0.00206945 , 0.00187391 , -0.0502965 , -0.0274211
0.000857619 , -0.00166382 , 0.000663622 , 0.000275385 , 0.00247817 , 0.00332203 , -0.0405969 , -0.0149137
0.00150954 , -0.00239297 , 0.000667126 , 8.52062e-05 , 0.00251708 , 0.00054037 , -0.02866 , -0.00386848
0.00169665 , -0.00112939 , 0.000606702 , -9.13898e-05 , 0.00154221 , 0.00231583 , -0.0153588 , 0.00513089
-0.000883043 , -0.000918204 , 0.000493365 , -0.000235157 , 0.0023145 , 0.000239849 , -0.00167471 , 0.0118576
-0.00214255 , -0.00102928 , 0.000343643 , -0.000332469 , 0.000463095 , 0.000724837 , 0.0114329 , 0.016472
-0.000167754 , -0.000728642 , 0.000177166 , -0.000376696 , 0.000851653 , 0.0013823 , 0.023158 , 0.0194819
0.00157448 , -0.00247359 , 1.38743e-05 , -0.000368326 , 0.000279001 , -0.000469052 , 0.0329494 , 0.0216433
0.00191742 , -0.00518614 , -0.000128636 , -0.000314359 , -0.000110043 , 0.00186714 , 0.0405853 , 0.0238161
0.000584388 , -0.00416384 , -0.000237054 , -0.000226911 , 0.00124299 , -0.000862875 , 0.0461904 , 0.026806
-0.00290378 , -1.86224e-05 , -0.000303594 , -0.000121111 , -0.000680704 , 0.00113044 , 0.0501943 , 0.0312326
-0.00482428 , 0.00105335 , -0.000326566 , -1.28629e-05 , 0.00130956 , -0.000297669 , 0.0532337 , 0.0374338
-0.00188949 , -0.00213964 , -0.000309925 , 8.33343e-05 , -0.000846404 , -0.000305692 , 0.0560189 , 0.0454222
0.00229139 , -0.00420398 , -0.000262076 , 0.000156257 , -2.77204e-05 , -2.19024e-05 , 0.0592041 , 0.0548975
0.0019803 , -0.00259797 , -0.000194348 , 0.000199095 , -0.000200083 , -0.00134986 , 0.0632667 , 0.0652972
-0.00234034 , -0.000518906 , -0.000119107 , 0.00020997 , -0.00111625 , -0.000396186 , 0.0684365 , 0.075883
-0.00525587 , 0.000212083 , -4.78127e-05 , 0.000191712 , -0.000442387 , -0.000813419 , 0.074667 , 0.0858402
-0.00450084 , 0.00115928 , 1.0487e-05 , 0.000150717 , -0.00162224 , -0.00102893 , 0.0816529 , 0.0943994
-0.00219827 , 0.00212413 , 5.01477e-05 , 9.55365e-05 , -0.000686578 , 0.000121557 , 0.0888751 , 0.10095
-0.00137293 , 0.00111301 , 6.92669e-05 , 3.5522e-05 , -0.000893991 , -0.00104822 , 0.0956803 , 0.10512
-0.000773863 , -0.000867192 , 6.9366e-05 , -2.06409e-05 , -0.00141639 , -0.000176699 , 0.101379 , 0.106824
0.00124365 , 0.00096328 , 5.46969e-05 , -6.62343e-05 , -0.000170389 , -0.000374682 , 0.105361 , 0.106242
0.000906972 , 0.00486383 , 3.12014e-05 , -9.72848e-05 , -0.00126968 , -0.00179282 , 0.107182 , 0.103773
-0.00268495 , 0.0051651 , 5.18935e-06 , -0.0001128 , -0.000469883 , 0.000400047 , 0.106638 , 0.0999311
-0.00104735 , 0.00120518 , -1.78196e-05 , -0.000114467 , -0.000396358 , -0.00259064 , 0.103777 , 0.0952576
0.00519263 , -0.00375768 , -3.38824e-05 , -0.000105977 , -0.00194618 , 0.000558949 , 0.0988812 , 0.0902227
0.00617376 , -0.00533412 , -4.11873e-05 , -9.21115e-05 , 0.000294566 , -0.00150559 , 0.0923953 , 0.0851592
0.00155948 , -0.00255821 , -4.02098e-05 , -7.7616e-05 , -0.00255866 , -0.000869438 , 0.0848472 , 0.0802166
-0.00266872 , 0.000214302 , -3.32952e-05 , -6.62437e-05 , 0.000429161 , -0.000488203 , 0.0767561 , 0.0753539
-0.00262183 , -0.000227237 , -2.39571e-05 , -6.02221e-05 , -0.00164056 , -0.00240031 , 0.0685553 , 0.070361
0.00035602 , -0.00241029 , -1.60158e-05 , -5.99822e-05 , -0.000621012 , 0.00013596 , 0.0605319 , 0.0649205
0.00167862 , -0.00446864 , -1.26786e-05 , -6.41554e-05 , -0.000513929 , -0.00276594 , 0.0527961 , 0.0586838
-0.000310315 , -0.00525215 , -1.59592e-05 , -6.99707e-05 , -0.00248325 , -0.000367766 , 0.0452847 , 0.0513571
-0.00218383 , -0.00304238 , -2.63247e-05 , -7.39473e-05 , 0.000235876 , -0.00163134 , 0.0377996 , 0.0427752
-0.00261383 , -6.37516e-05 , -4.23967e-05 , -7.2779e-05 , -0.0032468 , -0.00200279 , 0.0300724 , 0.0329464
