0 -0.0412407 -0.0334777
0.0030303 -0.0451137 -0.0356119
0.00606061 -0.0425165 -0.0376643
0.00909091 -0.0533324 -0.0404185
0.0121212 -0.0474186 -0.0423669
0.0151515 -0.0597642 -0.0463953
0.0181818 -0.0582474 -0.0476546
0.0212121 -0.0627063 -0.0539
0.0242424 -0.0786518 -0.053483
0.0272727 -0.0594347 -0.0634044
0.030303 -0.115338 -0.0594516
0.0333333 -0.0445592 -0.0753788
0.0363636 -0.185624 -0.0637748
0.0393939 0.000607067 -0.0886469
0.0424242 -0.414909 -0.0523531
0.0454545 -1.49677 -0.412644
0.0484848 -0.065263 -0.0947985
0.0515152 -0.0214104 -0.180928
0.0545455 -0.379074 -0.0311599
0.0575758 0.112473 -0.261232
0.0606061 -0.862693 0.422279
0.0636364 1.2711 -2.36574
0.0666667 -0.322432 -1.63585
0.069697 0.476346 -0.31
0.0727273 -1.21796 -1.34958
0.0757576 1.30777 -1.21008
0.0787879 0.551298 0.235874
0.0818182 0.419003 29.8699
0.0848485 -9.89653 1.9351
0.0878788 4.96856 -9.7873
0.0909091 -213.655 144.278
0.0939394 27.1561 25.2122
0.0969697 -443.91 -159.296
0.1 -962.673 -526.529
0.10303 -2.07588 18.0882
0.106061 -0.0111882 -1.18223
0.109091 0.498329 0.286552
0.112121 -133.705 110.551
0.115152 -9.65132 -5.71303
0.118182 -3.67523 8.35283
0.121212 6.13148 -10.9044
0.124242 -23.9155 -15.2389
0.127273 -6.63718 5.64111
0.130303 3.11376 -0.270842
0.133333 7.34156 18.3762
0.136364 -0.691621 2.29123
0.139394 -0.790041 -1.44267
0.142424 -0.711281 -4.73912e-07
0.145455 1.24664 1.21262
0.148485 0.3128 0.614913
0.151515 0.959419 -1.02439
0.154545 -0.762893 -0.0552714
0.157576 9.772 9.51023
0.160606 -2.16086 -0.369241
0.163636 -0.1296 0.562287
0.166667 -2.46538 1.08874
0.169697 1.08537 -0.0606413
0.172727 0.987121 -0.607137
0.175758 -1.75429 1.12341
0.178788 -0.988459 -2.70003
0.181818 0.874226 -0.0436336
0.184848 -0.263887 -1.36364
0.187879 0.0790092 -0.0568136
0.190909 -0.427024 -0.0750904
0.193939 -1.31932 -0.815363
0.19697 -1.1218 0.21235
0.2 0.883167 -0.0098031
0.20303 0.439672 0.420447
0.206061 0.200162 -0.0747097
0.209091 -1.16626 0.652403
0.212121 0.0100696 -0.144325
0.215152 0.235036 -0.232283
0.218182 0.260657 0.204121
0.221212 -0.114866 0.134088
0.224242 -0.575843 0.372036
0.227273 -0.228216 -0.554556
0.230303 -1.42513 -1.46041
0.233333 -0.855378 0.969237
0.236364 0.236076 0.24601
0.239394 0.247732 -0.00520013
0.242424 0.135283 0.254798
0.245455 0.255178 -0.0435244
0.248485 -1.25245 0.736209
0.251515 -0.00515494 0.405849
0.254545 -0.0704964 0.0682864
0.257576 -0.160317 -0.373913
0.260606 0.0327372 -0.0802363
0.263636 0.0555444 0.415219
0.266667 -0.78649 -0.152329
0.269697 -0.0137895 0.1835
0.272727 -0.450395 -0.00101768
0.275758 -0.189997 -0.441681
0.278788 -0.63429 -0.44823
0.281818 0.287104 -0.369482
0.284848 0.0195406 0.233119
0.287879 -0.114157 -0.0567989
0.290909 -0.451499 0.37445
0.293939 0.116207 0.237938
0.29697 0.127077 -0.0126559
0.3 0.0721604 0.200383
