3.84176e-16 , -6.20697e-15 , 2.17572e-13 , 3.22681e-13 , 1.26253e-14 , 5.35769e-14 , 3.84176e-13 , -6.20697e-12 , 2.17572e-10 , 3.22681e-10 , 1.26253e-11 , 5.35769e-11 , -7.08022e-15 , 8.27259e-15 , 1.63783e-14 , 5.34567e-14 , -2.76691e-13 , -3.95331e-13 , -2.47808e-14 , 2.89541e-14 , 5.73239e-14 , 1.87098e-13 , -9.68419e-13 , -1.38366e-12
4.02567e-09 , -2.49565e-09 , 6.7983e-09 , -6.14266e-06 , 8.68036e-09 , -2.44064e-06 , 4.02567e-06 , -2.49565e-06 , 6.7983e-06 , -0.00614258 , 8.68036e-06 , -0.00244063 , -1.81441e-08 , -3.71112e-06 , 4.64312e-08 , -4.27232e-06 , -7.18882e-08 , 1.28749e-05 , -6.35043e-08 , -1.29889e-05 , 1.62509e-07 , -1.49531e-05 , -2.51609e-07 , 4.5062e-05
-6.73649e-06 , -0.00172102 , -9.57209e-05 , -0.0147563 , -7.27461e-05 , -0.0120509 , -0.00673642 , -1.71661 , -0.0957027 , -14.3504 , -0.0727358 , -11.7818 , -4.22747e-05 , -0.00580983 , -0.000299003 , -0.0564039 , 0.000444501 , 0.0811653 , -0.000147961 , -0.0203344 , -0.00104651 , -0.197414 , 0.00155575 , 0.284079
-0.00219229 , -0.135774 , -0.00739451 , -0.397663 , -0.00803107 , -0.482821 , -2.18434 , -157.985 , -7.29489 , -499.791 , -7.91252 , -585.491 , -0.00122536 , 0.0861309 , -0.0521147 , -4.19124 , 0.0647846 , 4.80682 , -0.00428875 , 0.301458 , -0.182401 , -14.6694 , 0.226746 , 16.8239
-0.0614722 , -1.70276 , -0.0952242 , -4.61532 , -0.148352 , -6.83229 , -57.2298 , -2537.98 , -88.2418 , -6876.78 , -125.133 , -10092.7 , 0.0566838 , 4.00706 , -1.33859 , -64.0953 , 1.48587 , 63.9493 , 0.198393 , 14.0247 , -4.68507 , -224.334 , 5.20056 , 223.822
-0.27735 , -13.2018 , -0.391339 , -29.3771 , -0.643873 , -50.7189 , -329.619 , -19787 , -493.689 , -44032.6 , -776.249 , -75971.1 , 1.19263 , 45.339 , -8.34865 , -610.623 , 9.14194 , 545.602 , 4.17421 , 158.687 , -29.2203 , -2137.18 , 31.9968 , 1909.61
-0.831401 , -56.7421 , -1.50153 , -107.288 , -2.66529 , -207.118 , -1216.29 , -85095.6 , -2183.73 , -160899 , -3816.38 , -310570 , 6.85341 , 378.381 , -35.2844 , -3126.66 , 33.6083 , 2635.11 , 23.9869 , 1324.33 , -123.495 , -10943.3 , 117.629 , 9222.89
-2.61034 , -155.862 , -4.66571 , -256.52 , -8.9401 , -528.147 , -3894.06 , -233772 , -6954.29 , -384745 , -13282.7 , -792111 , 24.0332 , 1889.5 , -142.852 , -9857.76 , 120.052 , 8126 , 84.1163 , 6613.26 , -499.981 , -34502.1 , 420.182 , 28441
-6.59058 , -296.736 , -10.8968 , -440.105 , -21.8421 , -905.879 , -9864.08 , -445081 , -16305.5 , -660120 , -32647.3 , -1.35871e+06 , 86.2952 , 6024.37 , -413.358 , -20642.8 , 339.961 , 17264.5 , 302.033 , 21085.3 , -1446.75 , -72249.8 , 1189.86 , 60425.6
-12.9712 , -406.622 , -20.1198 , -584.636 , -40.1733 , -1087.91 , -19433.2 , -609905 , -30139.1 , -876911 , -60144.3 , -1.63175e+06 , 253.019 , 13186.7 , -872.745 , -29640 , 733.09 , 26030.8 , 885.567 , 46153.6 , -3054.61 , -103740 , 2565.81 , 91107.7
-20.3431 , -395.64 , -31.1577 , -638.972 , -58.7678 , -935.452 , -30490.2 , -593435 , -46692.5 , -958404 , -88032.8 , -1.40306e+06 , 562.285 , 21003.7 , -1415.03 , -29298.2 , 1228.39 , 27344 , 1968 , 73512.8 , -4952.6 , -102544 , 4299.38 , 95704
-26.0191 , -217.906 , -42.2134 , -580.5 , -72.5348 , -605.903 , -39006.2 , -326836 , -63271.5 , -870674 , -108681 , -908750 , 984.277 , 25093.7 , -1861.36 , -20122.3 , 1646.92 , 17789.9 , 3444.97 , 87827.9 , -6514.75 , -70428 , 5764.23 , 62264.7
-27.0787 , 110.725 , -51.056 , -390.041 , -80.9099 , -387.085 , -40601.4 , 166132 , -76532.1 , -584987 , -121241 , -580513 , 1414.52 , 21552.9 , -2136.87 , -12078.7 , 1833.29 , 3549.35 , 4950.83 , 75435 , -7479.04 , -42275.4 , 6416.52 , 12422.7
-21.5882 , 489.919 , -55.3197 , -85.4821 , -87.189 , -361.393 , -32373.7 , 734963 , -82927.9 , -128216 , -130654 , -542003 , 1708.32 , 10570.8 , -2343.08 , -12734.9 , 1814.06 , -2925.81 , 5979.13 , 36997.9 , -8200.78 , -44572.2 , 6349.2 , -10240.3
-10.3933 , 712.58 , -53.7957 , 225.437 , -93.1623 , -301.927 , -15587.4 , 1.06899e+06 , -80646.8 , 338183 , -139606 , -452834 , 1791.05 , 399.751 , -2606.67 , -16814.6 , 1804.9 , 4530.87 , 6268.66 , 1399.13 , -9123.34 , -58851.2 , 6317.14 , 15858
2.02496 , 621.564 , -47.6911 , 409.81 , -95.7974 , 24.7578 , 3041.31 , 932446 , -71496.8 , 614764 , -143552 , 37168.9 , 1787.56 , 2608.13 , -2876.8 , -12207.3 , 1995.64 , 16610.3 , 6256.47 , 9128.46 , -10068.8 , -42725.6 , 6984.74 , 58136.1
10.8887 , 362.754 , -39.6122 , 460.335 , -90.7148 , 510.215 , 16340.4 , 544181 , -59384.5 , 690553 , -135925 , 765369 , 1952.02 , 17358.1 , -2976.05 , -5.11108 , 2320.91 , 17740.3 , 6832.06 , 60753.5 , -10416.2 , -17.8888 , 8123.17 , 62091.1
16.1601 , 252.687 , -31.015 , 483.268 , -78.114 , 804.755 , 24249.8 , 379073 , -46493.6 , 724949 , -117023 , 1.20724e+06 , 2376.35 , 27795.1 , -2930.67 , 753.405 , 2538.87 , 6593.47 , 8317.21 , 97283 , -10257.3 , 2636.92 , 8886.05 , 23077.1
21.0085 , 269.16 , -21.8332 , 515.812 , -63.4789 , 729.874 , 31530.4 , 403790 , -32727.6 , 773771 , -95074.5 , 1.09493e+06 , 2794.21 , 14972.3 , -3037.59 , -14542.9 , 2557.91 , -1538.3 , 9779.73 , 52403.1 , -10631.6 , -50900 , 8952.69 , -5384.05
24.414 , 54.6612 , -12.5164 , 479.499 , -52.3677 , 458.372 , 36654.4 , 82013.1 , -18765.6 , 719324 , -78411.7 , 687657 , 2771.62 , -17316 , -3356.32 , -17808.9 , 2543.78 , 2375.63 , 9700.69 , -60606 , -11747.1 , -62331.3 , 8903.22 , 8314.71
