0 , -1.03277e+12 , -1.13252e+09
0.001001 , -1.05353e+12 , -1.27413e+09
0.002002 , -1.03929e+12 , -1.39125e+09
0.003003 , -9.90864e+11 , -1.47878e+09
0.004004 , -9.11109e+11 , -1.53312e+09
0.00500501 , -8.04677e+11 , -1.55238e+09
0.00600601 , -6.77716e+11 , -1.53647e+09
0.00700701 , -5.37439e+11 , -1.48707e+09
0.00800801 , -3.91636e+11 , -1.4075e+09
0.00900901 , -2.4814e+11 , -1.30246e+09
0.01001 , -1.14317e+11 , -1.17774e+09
0.011011 , 3.41319e+09 , -1.03981e+09
0.012012 , 9.99709e+10 , -8.95429e+08
0.013013 , 1.71903e+11 , -7.51232e+08
0.014014 , 2.17548e+11 , -6.13328e+08
0.015015 , 2.37064e+11 , -4.86975e+08
0.016016 , 2.32324e+11 , -3.76307e+08
0.017017 , 2.06694e+11 , -2.84164e+08
0.018018 , 1.64707e+11 , -2.12003e+08
0.019019 , 1.11667e+11 , -1.5992e+08
0.02002 , 5.32132e+10 , -1.26756e+08
0.021021 , -5.11702e+09 , -1.10288e+08
0.022022 , -5.83007e+10 , -1.07475e+08
0.023023 , -1.02177e+11 , -1.1476e+08
0.024024 , -1.3371e+11 , -1.2837e+08
0.025025 , -1.51152e+11 , -1.44623e+08
0.026026 , -1.54091e+11 , -1.60204e+08
0.027027 , -1.43394e+11 , -1.72388e+08
0.028028 , -1.21048e+11 , -1.79202e+08
0.029029 , -8.99153e+10 , -1.79518e+08
0.03003 , -5.34353e+10 , -1.73065e+08
0.031031 , -1.52935e+10 , -1.60374e+08
0.032032 , 2.09133e+10 , -1.42653e+08
0.033033 , 5.1984e+10 , -1.21617e+08
0.034034 , 7.53707e+10 , -9.92847e+07
0.035035 , 8.93659e+10 , -7.77529e+07
0.036036 , 9.3207e+10 , -5.89863e+07
0.037037 , 8.70927e+10 , -4.46233e+07
0.038038 , 7.21153e+10 , -3.58237e+07
0.039039 , 5.01165e+10 , -3.31666e+07
0.04004 , 2.34843e+10 , -3.66065e+07
0.041041 , -5.08838e+09 , -4.54896e+07
0.042042 , -3.28624e+10 , -5.86273e+07
0.043043 , -5.7302e+10 , -7.44181e+07
0.044044 , -7.62959e+10 , -9.10073e+07
0.045045 , -8.83306e+10 , -1.06469e+08
0.046046 , -9.26012e+10 , -1.18992e+08
0.047047 , -8.90549e+10 , -1.27057e+08
0.048048 , -7.83632e+10 , -1.29585e+08
0.049049 , -6.18307e+10 , -1.26048e+08
0.0500501 , -4.12486e+10 , -1.16526e+08
0.0510511 , -1.87109e+10 , -1.01714e+08
0.0520521 , 3.59089e+09 , -8.28739e+07
0.0530531 , 2.35735e+10 , -6.17286e+07
0.0540541 , 3.94503e+10 , -4.03238e+07
0.0550551 , 4.98851e+10 , -2.08521e+07
0.0560561 , 5.40995e+10 , -5.46387e+06
0.0570571 , 5.19243e+10 , 3.92166e+06
0.0580581 , 4.37935e+10 , 5.78895e+06
0.0590591 , 3.06827e+10 , -831745
0.0600601 , 1.39994e+10 , -1.62656e+07
0.0610611 , -4.56293e+09 , -4.0146e+07
0.0620621 , -2.31917e+10 , -7.14239e+07
0.0630631 , -4.01284e+10 , -1.08433e+08
0.0640641 , -5.38309e+10 , -1.49007e+08
0.0650651 , -6.31099e+10 , -1.90639e+08
0.0660661 , -6.7229e+10 , -2.30674e+08
0.0670671 , -6.59592e+10 , -2.66516e+08
0.0680681 , -5.95843e+10 , -2.95835e+08
0.0690691 , -4.88592e+10 , -3.16762e+08
0.0700701 , -3.49246e+10 , -3.28049e+08
0.0710711 , -1.91896e+10 , -3.29192e+08
0.0720721 , -3.19134e+09 , -3.20498e+08
0.0730731 , 1.15516e+10 , -3.03097e+08
0.0740741 , 2.3681e+10 , -2.78892e+08
0.0750751 , 3.21209e+10 , -2.50461e+08
0.0760761 , 3.61706e+10 , -2.20908e+08
0.0770771 , 3.55589e+10 , -1.93673e+08
0.0780781 , 3.04579e+10 , -1.72326e+08
0.0790791 , 2.14546e+10 , -1.60345e+08
0.0800801 , 9.48487e+09 , -1.60907e+08
0.0810811 , -4.26324e+09 , -1.76694e+08
0.0820821 , -1.84666e+10 , -2.09735e+08
0.0830831 , -3.17933e+10 , -2.61292e+08
0.0840841 , -4.30266e+10 , -3.31789e+08
0.0850851 , -5.11734e+10 , -4.20803e+08
0.0860861 , -5.55499e+10 , -5.27099e+08
0.0870871 , -5.5835e+10 , -6.48715e+08
0.0880881 , -5.20886e+10 , -7.83083e+08
0.0890891 , -4.47339e+10 , -9.27181e+08
0.0900901 , -3.45063e+10 , -1.0777e+09
0.0910911 , -2.23742e+10 , -1.23121e+09
0.0920921 , -9.44143e+09 , -1.38434e+09
0.0930931 , 3.16053e+09 , -1.53392e+09
0.0940941 , 1.43794e+10 , -1.67707e+09
0.0950951 , 2.33378e+10 , -1.81133e+09
0.0960961 , 2.94094e+10 , -1.93469e+09
0.0970971 , 3.22685e+10 , -2.04559e+09
0.0980981 , 3.19101e+10 , -2.14294e+09
0.0990991 , 2.86376e+10 , -2.22603e+09
0.1001 , 2.30224e+10 , -2.29449e+09
0.101101 , 1.58386e+10 , -2.34821e+09
0.102102 , 7.97987e+09 , -2.38725e+09
0.103103 , 3.67983e+08 , -2.41177e+09
0.104104 , -6.13918e+09 , -2.42198e+09
0.105105 , -1.08305e+10 , -2.41806e+09
0.106106 , -1.32078e+10 , -2.4002e+09
0.107107 , -1.30299e+10 , -2.36854e+09
0.108108 , -1.03294e+10 , -2.32323e+09
0.109109 , -5.40337e+09 , -2.26448e+09
0.11011 , 1.22238e+09 , -2.19258e+09
0.111111 , 8.85068e+09 , -2.10801e+09
0.112112 , 1.66856e+10 , -2.01143e+09
0.113113 , 2.39136e+10 , -1.90384e+09
0.114114 , 2.97843e+10 , -1.78648e+09
0.115115 , 3.36845e+10 , -1.66098e+09
0.116116 , 3.51961e+10 , -1.52924e+09
0.117117 , 3.41355e+10 , -1.39345e+09
0.118118 , 3.05682e+10 , -1.25604e+09
0.119119 , 2.47997e+10 , -1.11954e+09
0.12012 , 1.73432e+10 , -9.86519e+08
0.121121 , 8.86764e+09 , -8.59476e+08
0.122122 , 1.31323e+08 , -7.407e+08
0.123123 , -8.0916e+09 , -6.32174e+08
0.124124 , -1.50852e+10 , -5.35478e+08
0.125125 , -2.02591e+10 , -4.51708e+08
0.126126 , -2.32024e+10 , -3.81428e+08
0.127127 , -2.37201e+10 , -3.24652e+08
0.128128 , -2.18473e+10 , -2.80849e+08
0.129129 , -1.78426e+10 , -2.48993e+08
0.13013 , -1.21586e+10 , -2.27627e+08
0.131131 , -5.39615e+09 , -2.14963e+08
0.132132 , 1.75583e+09 , -2.08989e+08
0.133133 , 8.58732e+09 , -2.07595e+08
0.134134 , 1.44349e+10 , -2.08691e+08
0.135135 , 1.87436e+10 , -2.10329e+08
0.136136 , 2.11176e+10 , -2.10799e+08
0.137137 , 2.13539e+10 , -2.08719e+08
0.138138 , 1.94581e+10 , -2.03085e+08
0.139139 , 1.56385e+10 , -1.9331e+08
0.14014 , 1.02825e+10 , -1.79217e+08
0.141141 , 3.91538e+09 , -1.61021e+08
0.142142 , -2.85282e+09 , -1.39278e+08
0.143143 , -9.38744e+09 , -1.14815e+08
0.144144 , -1.50903e+10 , -8.8653e+07
0.145145 , -1.94559e+10 , -6.19129e+07
0.146146 , -2.21179e+10 , -3.57305e+07
0.147147 , -2.28803e+10 , -1.11713e+07
0.148148 , -2.17328e+10 , 1.08411e+07
0.149149 , -1.88471e+10 , 2.9582e+07
0.15015 , -1.45559e+10 , 4.45632e+07
0.151151 , -9.317e+09 , 5.55513e+07
0.152152 , -3.66669e+09 , 6.25661e+07
0.153153 , 1.83441e+09 , 6.58612e+07
0.154154 , 6.65571e+09 , 6.58881e+07
0.155155 , 1.03473e+10 , 6.32503e+07
0.156156 , 1.25813e+10 , 5.86487e+07
0.157157 , 1.3181e+10 , 5.28255e+07
0.158158 , 1.21337e+10 , 4.65093e+07
0.159159 , 9.58869e+09 , 4.03655e+07
0.16016 , 5.83789e+09 , 3.49566e+07
0.161161 , 1.28456e+09 , 3.07124e+07
0.162162 , -3.59912e+09 , 2.79133e+07
0.163163 , -8.31978e+09 , 2.66859e+07
0.164164 , -1.24118e+10 , 2.70099e+07
0.165165 , -1.54822e+10 , 2.87355e+07
0.166166 , -1.7248e+10 , 3.16078e+07
0.167167 , -1.7561e+10 , 3.52973e+07
0.168168 , -1.64197e+10 , 3.94319e+07
0.169169 , -1.39662e+10 , 4.36294e+07
0.17017 , -1.04689e+10 , 4.75263e+07
0.171171 , -6.29356e+09 , 5.08035e+07
0.172172 , -1.86448e+09 , 5.32055e+07
0.173173 , 2.3782e+09 , 5.45529e+07
0.174174 , 6.02271e+09 , 5.47496e+07
0.175175 , 8.72594e+09 , 5.37825e+07
0.176176 , 1.02461e+10 , 5.17174e+07
0.177177 , 1.04649e+10 , 4.86898e+07
0.178178 , 9.39689e+09 , 4.48935e+07
0.179179 , 7.18555e+09 , 4.05676e+07
0.18018 , 4.08672e+09 , 3.59821e+07
0.181181 , 4.40991e+08 , 3.14251e+07
0.182182 , -3.3617e+09 , 2.71898e+07
0.183183 , -6.92194e+09 , 2.35634e+07
0.184184 , -9.87095e+09 , 2.08165e+07
0.185185 , -1.1907e+10 , 1.91943e+07
0.186186 , -1.28248e+10 , 1.89078e+07
0.187187 , -1.25344e+10 , 2.01265e+07
0.188188 , -1.10694e+10 , 2.2971e+07
0.189189 , -8.58108e+09 , 2.75059e+07
0.19019 , -5.32289e+09 , 3.37339e+07
0.191191 , -1.62344e+09 , 4.15907e+07
0.192192 , 2.14688e+09 , 5.09412e+07
0.193193 , 5.61312e+09 , 6.15794e+07
0.194194 , 8.43307e+09 , 7.32298e+07
0.195195 , 1.03309e+10 , 8.55548e+07
0.196196 , 1.11237e+10 , 9.81644e+07
0.197197 , 1.07388e+10 , 1.10632e+08
0.198198 , 9.21976e+09 , 1.22516e+08
0.199199 , 6.72092e+09 , 1.3338e+08
0.2002 , 3.49132e+09 , 1.42823e+08
0.201201 , -1.50795e+08 , 1.50504e+08
0.202202 , -3.84982e+09 , 1.56171e+08
0.203203 , -7.24793e+09 , 1.59682e+08
0.204204 , -1.00201e+10 , 1.61027e+08
0.205205 , -1.19054e+10 , 1.60338e+08
0.206206 , -1.27318e+10 , 1.5789e+08
0.207207 , -1.24319e+10 , 1.54093e+08
0.208208 , -1.10482e+10 , 1.49477e+08
0.209209 , -8.72758e+09 , 1.44662e+08
0.21021 , -5.70615e+09 , 1.40317e+08
0.211211 , -2.2848e+09 , 1.3712e+08
0.212212 , 1.20055e+09 , 1.35706e+08
0.213213 , 4.41198e+09 , 1.36617e+08
0.214214 , 7.04222e+09 , 1.40257e+08
0.215215 , 8.84391e+09 , 1.46845e+08
0.216216 , 9.6525e+09 , 1.56392e+08
0.217217 , 9.40087e+09 , 1.68676e+08
0.218218 , 8.12412e+09 , 1.83243e+08
0.219219 , 5.95446e+09 , 1.99419e+08
0.22022 , 3.10671e+09 , 2.16341e+08
0.221221 , -1.43954e+08 , 2.33001e+08
0.222222 , -3.48971e+09 , 2.48309e+08
0.223223 , -6.62045e+09 , 2.61156e+08
0.224224 , -9.25372e+09 , 2.70489e+08
0.225225 , -1.11614e+10 , 2.75387e+08
0.226226 , -1.21905e+10 , 2.75128e+08
0.227227 , -1.22762e+10 , 2.69246e+08
0.228228 , -1.14457e+10 , 2.57576e+08
0.229229 , -9.81321e+09 , 2.40279e+08
0.23023 , -7.5664e+09 , 2.1785e+08
0.231231 , -4.94573e+09 , 1.91093e+08
0.232232 , -2.21913e+09 , 1.61091e+08
0.233233 , 3.45546e+08 , 1.2914e+08
0.234234 , 2.50741e+09 , 9.66826e+07
0.235235 , 4.0761e+09 , 6.52148e+07
0.236236 , 4.92976e+09 , 3.6201e+07
0.237237 , 5.02563e+09 , 1.09808e+07
0.238238 , 4.40246e+09 , -9.31437e+06
0.239239 , 3.17443e+09 , -2.38325e+07
0.24024 , 1.51757e+09 , -3.20543e+07
0.241241 , -3.50034e+08 , -3.38261e+07
0.242242 , -2.19195e+09 , -2.93675e+07
0.243243 , -3.77871e+09 , -1.92554e+07
0.244244 , -4.91193e+09 , -4.38465e+06
0.245245 , -5.44502e+09 , 1.40932e+07
0.246246 , -5.29815e+09 , 3.48467e+07
0.247247 , -4.46611e+09 , 5.64535e+07
0.248248 , -3.01841e+09 , 7.74937e+07
0.249249 , -1.09148e+09 , 9.66425e+07
0.25025 , 1.12601e+09 , 1.12755e+08
0.251251 , 3.4132e+09 , 1.24936e+08
0.252252 , 5.54039e+09 , 1.32595e+08
0.253253 , 7.29322e+09 , 1.35473e+08
0.254254 , 8.49526e+09 , 1.33655e+08
0.255255 , 9.02663e+09 , 1.27547e+08
0.256256 , 8.83674e+09 , 1.17842e+08
0.257257 , 7.94994e+09 , 1.05457e+08
0.258258 , 6.46341e+09 , 9.14667e+07
0.259259 , 4.5375e+09 , 7.70147e+07
0.26026 , 2.37966e+09 , 6.32342e+07
0.261261 , 2.23317e+08 , 5.11643e+07
0.262262 , -1.69589e+09 , 4.16782e+07
0.263263 , -3.16429e+09 , 3.54251e+07
0.264264 , -4.01229e+09 , 3.27904e+07
0.265265 , -4.13208e+09 , 3.38758e+07
0.266266 , -3.4893e+09 , 3.85017e+07
0.267267 , -2.1273e+09 , 4.62295e+07
0.268268 , -1.63708e+08 , 5.64031e+07
0.269269 , 2.22053e+09 , 6.82045e+07
0.27027 , 4.79851e+09 , 8.07207e+07
0.271271 , 7.3194e+09 , 9.30143e+07
0.272272 , 9.53301e+09 , 1.04195e+08
0.273273 , 1.12145e+10 , 1.13483e+08
0.274274 , 1.21867e+10 , 1.20266e+08
0.275275 , 1.23379e+10 , 1.24134e+08
0.276276 , 1.16335e+10 , 1.24909e+08
0.277277 , 1.01198e+10 , 1.22642e+08
0.278278 , 7.92034e+09 , 1.17605e+08
0.279279 , 5.22452e+09 , 1.10257e+08
0.28028 , 2.26979e+09 , 1.01205e+08
0.281281 , -6.80794e+08 , 9.11442e+07
0.282282 , -3.36363e+09 , 8.08063e+07
0.283283 , -5.53965e+09 , 7.08965e+07
0.284284 , -7.01713e+09 , 6.20398e+07
0.285285 , -7.66994e+09 , 5.47348e+07
0.286286 , -7.44953e+09 , 4.93192e+07
0.287287 , -6.3895e+09 , 4.59495e+07
0.288288 , -4.60225e+09 , 4.45961e+07
0.289289 , -2.26818e+09 , 4.50538e+07
0.29029 , 3.8161e+08 , 4.69663e+07
0.291291 , 3.08734e+09 , 4.9862e+07
0.292292 , 5.5853e+09 , 5.31988e+07
0.293293 , 7.63275e+09 , 5.64122e+07
0.294294 , 9.03076e+09 , 5.89653e+07
0.295295 , 9.64273e+09 , 6.03939e+07
0.296296 , 9.40686e+09 , 6.03449e+07
0.297297 , 8.3414e+09 , 5.86043e+07
0.298298 , 6.54224e+09 , 5.51133e+07
0.299299 , 4.17324e+09 , 4.99703e+07
0.3003 , 1.45e+09 , 4.34211e+07
0.301301 , -1.38092e+09 , 3.58356e+07
0.302302 , -4.06567e+09 , 2.76761e+07
0.303303 , -6.36713e+09 , 1.9458e+07
0.304304 , -8.08713e+09 , 1.17067e+07
0.305305 , -9.08458e+09 , 4.91515e+06
0.306306 , -9.28807e+09 , -495605
0.307307 , -8.70154e+09 , -4.20888e+06
0.308308 , -7.40279e+09 , -6.03586e+06
0.309309 , -5.53485e+09 , -5.92823e+06
0.31031 , -3.29131e+09 , -3.97912e+06
0.311311 , -8.96995e+08 , -412667
0.312312 , 1.41401e+09 , 4.43669e+06
0.313313 , 3.42096e+09 , 1.01534e+07
0.314314 , 4.9373e+09 , 1.62755e+07
0.315315 , 5.82794e+09 , 2.23327e+07
0.316316 , 6.02127e+09 , 2.78834e+07
0.317317 , 5.51481e+09 , 3.25486e+07
0.318318 , 4.37412e+09 , 3.60402e+07
0.319319 , 2.72509e+09 , 3.81805e+07
0.32032 , 7.40557e+08 , 3.89125e+07
0.321321 , -1.37743e+09 , 3.82996e+07
0.322322 , -3.41787e+09 , 3.65161e+07
0.323323 , -5.18156e+09 , 3.38283e+07
0.324324 , -6.50032e+09 , 3.0569e+07
0.325325 , -7.25287e+09 , 2.71068e+07
0.326326 , -7.37582e+09 , 2.38137e+07
0.327327 , -6.86876e+09 , 2.10336e+07
0.328328 , -5.79313e+09 , 1.9053e+07
0.329329 , -4.26502e+09 , 1.80789e+07
0.33033 , -2.44276e+09 , 1.82224e+07
0.331331 , -5.10541e+08 , 1.94919e+07
0.332332 , 1.34015e+09 , 2.17945e+07
0.333333 , 2.9295e+09 , 2.49461e+07
0.334334 , 4.10679e+09 , 2.86889e+07
0.335335 , 4.76464e+09 , 3.27147e+07
0.336336 , 4.84872e+09 , 3.66919e+07
0.337337 , 4.36192e+09 , 4.02936e+07
0.338338 , 3.36292e+09 , 4.32253e+07
0.339339 , 1.95913e+09 , 4.52487e+07
0.34034 , 2.94995e+08 , 4.62007e+07
0.341341 , -1.46308e+09 , 4.60054e+07
0.342342 , -3.14379e+09 , 4.46794e+07
0.343343 , -4.58795e+09 , 4.23281e+07
0.344344 , -5.66406e+09 , 3.9136e+07
0.345345 , -6.28061e+09 , 3.53498e+07
0.346346 , -6.39416e+09 , 3.12575e+07
0.347347 , -6.01228e+09 , 2.71632e+07
0.348348 , -5.1913e+09 , 2.3363e+07
0.349349 , -4.02914e+09 , 2.01204e+07
0.35035 , -2.65397e+09 , 1.76457e+07
0.351351 , -1.21011e+09 , 1.60796e+07
0.352352 , 1.57481e+08 , 1.54835e+07
0.353353 , 1.31844e+09 , 1.58351e+07
0.354354 , 2.17033e+09 , 1.70324e+07
0.355355 , 2.64881e+09 , 1.8902e+07
0.356356 , 2.73358e+09 , 2.12146e+07
0.357357 , 2.4495e+09 , 2.3703e+07
0.358358 , 1.8629e+09 , 2.60831e+07
0.359359 , 1.07349e+09 , 2.80759e+07
0.36036 , 2.02773e+08 , 2.94274e+07
0.361361 , -6.19741e+08 , 2.9927e+07
0.362362 , -1.27112e+09 , 2.94208e+07
0.363363 , -1.64873e+09 , 2.78207e+07
0.364364 , -1.68174e+09 , 2.5108e+07
0.365365 , -1.33907e+09 , 2.13311e+07
0.366366 , -6.33093e+08 , 1.65992e+07
0.367367 , 3.81452e+08 , 1.10706e+07
0.368368 , 1.6131e+09 , 4.93938e+06
0.369369 , 2.94337e+09 , -1.58098e+06
0.37037 , 4.23939e+09 , -8.27334e+06
0.371371 , 5.36827e+09 , -1.49319e+07
0.372372 , 6.21157e+09 , -2.13752e+07
0.373373 , 6.6784e+09 , -2.74552e+07
0.374374 , 6.71569e+09 , -3.30636e+07
0.375375 , 6.31465e+09 , -3.81333e+07
0.376376 , 5.51253e+09 , -4.26365e+07
0.377377 , 4.38957e+09 , -4.6579e+07
0.378378 , 3.06139e+09 , -4.99923e+07
0.379379 , 1.66752e+09 , -5.29239e+07
0.38038 , 3.57239e+08 , -5.54265e+07
0.381381 , -7.25806e+08 , -5.7549e+07
0.382382 , -1.45863e+09 , -5.93275e+07
0.383383 , -1.75206e+09 , -6.07793e+07
0.384384 , -1.56057e+09 , -6.19001e+07
0.385385 , -8.87768e+08 , -6.26636e+07
0.386386 , 2.13076e+08 , -6.30243e+07
0.387387 , 1.64363e+09 , -6.2923e+07
0.388388 , 3.26981e+09 , -6.22946e+07
0.389389 , 4.93483e+09 , -6.10767e+07
0.39039 , 6.47492e+09 , -5.92182e+07
0.391391 , 7.73588e+09 , -5.66884e+07
0.392392 , 8.58905e+09 , -5.34832e+07
0.393393 , 8.94484e+09 , -4.96301e+07
0.394394 , 8.76261e+09 , -4.51895e+07
0.395395 , 8.05572e+09 , -4.02542e+07
0.396396 , 6.8912e+09 , -3.49448e+07
0.397397 , 5.384e+09 , -2.9403e+07
0.398398 , 3.68633e+09 , -2.3783e+07
0.399399 , 1.97302e+09 , -1.82412e+07
0.4004 , 4.24439e+08 , -1.29261e+07
0.401401 , -7.91526e+08 , -7.96782e+06
0.402402 , -1.5365e+09 , -3.47021e+06
0.403403 , -1.71606e+09 , 495931
0.404404 , -1.28997e+09 , 3.89633e+06
0.405405 , -2.77373e+08 , 6.73378e+06
0.406406 , 1.24397e+09 , 9.04571e+06
0.407407 , 3.1441e+09 , 1.08987e+07
0.408408 , 5.25256e+09 , 1.2381e+07
0.409409 , 7.37429e+09 , 1.35928e+07
0.41041 , 9.30812e+09 , 1.46361e+07
0.411411 , 1.08662e+10 , 1.5605e+07
0.412412 , 1.18924e+10 , 1.6576e+07
0.413413 , 1.22778e+10 , 1.76007e+07
0.414414 , 1.19722e+10 , 1.87015e+07
0.415415 , 1.09894e+10 , 1.98687e+07
0.416416 , 9.40723e+09 , 2.10624e+07
0.417417 , 7.36079e+09 , 2.22154e+07
0.418418 , 5.03025e+09 , 2.32408e+07
0.419419 , 2.62436e+09 , 2.40395e+07
0.42042 , 3.60874e+08 , 2.45106e+07
0.421421 , -1.55401e+09 , 2.45608e+07
0.422422 , -2.94532e+09 , 2.41145e+07
0.423423 , -3.68612e+09 , 2.31214e+07
0.424424 , -3.70996e+09 , 2.15628e+07
0.425425 , -3.01755e+09 , 1.94545e+07
0.426426 , -1.67714e+09 , 1.68481e+07
0.427427 , 1.8152e+08 , 1.38278e+07
0.428428 , 2.37916e+09 , 1.05055e+07
0.429429 , 4.70373e+09 , 7.01342e+06
0.43043 , 6.93029e+09 , 3.49529e+06
0.431431 , 8.84228e+09 , 96435
0.432432 , 1.0252e+10 , -3.0457e+06
0.433433 , 1.10186e+10 , -5.81025e+06
0.434434 , 1.10614e+10 , -8.09995e+06
0.435435 , 1.03675e+10 , -9.84584e+06
0.436436 , 8.99356e+09 , -1.10094e+07
0.437437 , 7.06022e+09 , -1.15819e+07
0.438438 , 4.7408e+09 , -1.15813e+07
0.439439 , 2.245e+09 , -1.10463e+07
0.44044 , -2.00947e+08 , -1.003e+07
0.441441 , -2.37569e+09 , -8.5911e+06
0.442442 , -4.08366e+09 , -6.78651e+06
0.443443 , -5.17354e+09 , -4.66366e+06
0.444444 , -5.55251e+09 , -2.255e+06
0.445445 , -5.1949e+09 , 425550
0.446446 , -4.14443e+09 , 3.38345e+06
0.447447 , -2.50988e+09 , 6.64164e+06
0.448448 , -4.54517e+08 , 1.02359e+07
0.449449 , 1.81957e+09 , 1.42078e+07
0.45045 , 4.09084e+09 , 1.85962e+07
0.451451 , 6.13946e+09 , 2.34274e+07
0.452452 , 7.7682e+09 , 2.87059e+07
0.453453 , 8.82111e+09 , 3.44054e+07
0.454454 , 9.19818e+09 , 4.04622e+07
0.455455 , 8.86463e+09 , 4.67715e+07
0.456456 , 7.85385e+09 , 5.31868e+07
0.457457 , 6.26384e+09 , 5.95229e+07
0.458458 , 4.24754e+09 , 6.55629e+07
0.459459 , 1.99783e+09 , 7.10693e+07
0.46046 , -2.71158e+08 , 7.57964e+07
0.461461 , -2.34466e+09 , 7.9507e+07
0.462462 , -4.02791e+09 , 8.19879e+07
0.463463 , -5.16469e+09 , 8.30673e+07
0.464464 , -5.65211e+09 , 8.26287e+07
0.465465 , -5.45018e+09 , 8.06241e+07
0.466466 , -4.58527e+09 , 7.70819e+07
0.467467 , -3.14715e+09 , 7.21109e+07
0.468468 , -1.28001e+09 , 6.58994e+07
0.469469 , 8.31826e+08 , 5.87086e+07
0.47047 , 2.98185e+09 , 5.08611e+07
0.471471 , 4.96145e+09 , 4.27248e+07
0.472472 , 6.57999e+09 , 3.46934e+07
0.473473 , 7.68311e+09 , 2.71641e+07
0.474474 , 8.1674e+09 , 2.05147e+07
0.475475 , 7.99e+09 , 1.50808e+07
0.476476 , 7.17236e+09 , 1.11349e+07
0.477477 , 5.79774e+09 , 8.86942e+06
0.478478 , 4.0027e+09 , 8.38344e+06
0.479479 , 1.96359e+09 , 9.67525e+06
0.48048 , -1.20887e+08 , 1.26408e+07
0.481481 , -2.049e+09 , 1.70784e+07
0.482482 , -3.6356e+09 , 2.26987e+07
0.483483 , -4.72998e+09 , 2.91409e+07
0.484484 , -5.23024e+09 , 3.59922e+07
0.485485 , -5.09285e+09 , 4.28113e+07
0.486486 , -4.33649e+09 , 4.91523e+07
0.487487 , -3.03981e+09 , 5.45903e+07
0.488488 , -1.3334e+09 , 5.87442e+07
0.489489 , 6.13303e+08 , 6.12975e+07
0.49049 , 2.60872e+09 , 6.2015e+07
0.491491 , 4.45794e+09 , 6.07548e+07
0.492492 , 5.98172e+09 , 5.74744e+07
0.493493 , 7.03385e+09 , 5.22313e+07
0.494494 , 7.51517e+09 , 4.51789e+07
0.495495 , 7.38293e+09 , 3.65554e+07
0.496496 , 6.65459e+09 , 2.66705e+07
0.497497 , 5.40573e+09 , 1.58873e+07
0.498498 , 3.76227e+09 , 4.60249e+06
0.499499 , 1.88789e+09 , -6.7741e+06
0.500501 , -3.22105e+07 , -1.78402e+07
0.501502 , -1.80956e+09 , -2.822e+07
0.502503 , -3.27082e+09 , -3.75803e+07
0.503504 , -4.27462e+09 , -4.56445e+07
0.504505 , -4.72522e+09 , -5.22012e+07
0.505506 , -4.58149e+09 , -5.71102e+07
0.506507 , -3.86064e+09 , -6.03034e+07
0.507508 , -2.63611e+09 , -6.17825e+07
0.508509 , -1.03003e+09 , -6.16133e+07
0.50951 , 7.99093e+08 , -5.99166e+07
0.510511 , 2.67217e+09 , -5.68578e+07
0.511512 , 4.40721e+09 , -5.26353e+07
0.512513 , 5.83722e+09 , -4.74681e+07
0.513514 , 6.82656e+09 , -4.15842e+07
0.514515 , 7.28402e+09 , -3.52093e+07
0.515516 , 7.17155e+09 , -2.85582e+07
0.516517 , 6.50769e+09 , -2.18267e+07
0.517518 , 5.36539e+09 , -1.51868e+07
0.518519 , 3.86449e+09 , -8.78294e+06
0.51952 , 2.15964e+09 , -2.73109e+06
0.520521 , 4.24793e+08 , 2.88121e+06
0.521522 , -1.16406e+09 , 7.9928e+06
0.522523 , -2.44636e+09 , 1.25661e+07
0.523524 , -3.2928e+09 , 1.65836e+07
0.524525 , -3.61806e+09 , 2.00442e+07
0.525526 , -3.3891e+09 , 2.29593e+07
0.526527 , -2.62831e+09 , 2.53497e+07
0.527528 , -1.41119e+09 , 2.72424e+07
0.528529 , 1.41221e+08 , 2.86688e+07
0.52953 , 1.87439e+09 , 2.96629e+07
0.530531 , 3.61555e+09 , 3.02604e+07
0.531532 , 5.19076e+09 , 3.04982e+07
0.532533 , 6.44205e+09 , 3.04143e+07
0.533534 , 7.2429e+09 , 3.0048e+07
0.534535 , 7.51064e+09 , 2.94401e+07
0.535536 , 7.21455e+09 , 2.86326e+07
0.536537 , 6.37872e+09 , 2.76687e+07
0.537538 , 5.07969e+09 , 2.65922e+07
0.538539 , 3.43884e+09 , 2.54468e+07
0.53954 , 1.61048e+09 , 2.42751e+07
0.540541 , -2.33303e+08 , 2.31171e+07
0.541542 , -1.91943e+09 , 2.20086e+07
0.542543 , -3.2907e+09 , 2.09804e+07
0.543544 , -4.22104e+09 , 2.00564e+07
0.544545 , -4.62764e+09 , 1.92533e+07
0.545546 , -4.47885e+09 , 1.85793e+07
0.546547 , -3.79697e+09 , 1.80345e+07
0.547548 , -2.65588e+09 , 1.76111e+07
0.548549 , -1.17348e+09 , 1.72942e+07
0.54955 , 4.99979e+08 , 1.70633e+07
0.550551 , 2.19682e+09 , 1.68938e+07
0.551552 , 3.74836e+09 , 1.67591e+07
0.552553 , 5.00147e+09 , 1.66331e+07
0.553554 , 5.83343e+09 , 1.64914e+07
0.554555 , 6.16376e+09 , 1.63142e+07
0.555556 , 5.96189e+09 , 1.60874e+07
0.556557 , 5.24977e+09 , 1.58041e+07
0.557558 , 4.09947e+09 , 1.54651e+07
0.558559 , 2.62572e+09 , 1.50793e+07
0.55956 , 9.74382e+08 , 1.46633e+07
0.560561 , -6.92126e+08 , 1.42403e+07
0.561562 , -2.21092e+09 , 1.38389e+07
0.562563 , -3.43472e+09 , 1.3491e+07
0.563564 , -4.24634e+09 , 1.32303e+07
0.564565 , -4.57006e+09 , 1.30893e+07
0.565566 , -4.37888e+09 , 1.30978e+07
0.566567 , -3.69696e+09 , 1.32805e+07
0.567568 , -2.59696e+09 , 1.36556e+07
0.568569 , -1.19256e+09 , 1.4233e+07
0.56957 , 3.72992e+08 , 1.50139e+07
0.570571 , 1.94124e+09 , 1.59904e+07
0.571572 , 3.35435e+09 , 1.71456e+07
0.572573 , 4.47076e+09 , 1.84549e+07
0.573574 , 5.17927e+09 , 1.98868e+07
0.574575 , 5.40998e+09 , 2.1405e+07
0.575576 , 5.14113e+09 , 2.29706e+07
0.576577 , 4.40118e+09 , 2.4544e+07
0.577578 , 3.26585e+09 , 2.60874e+07
0.578579 , 1.85054e+09 , 2.75669e+07
0.57958 , 2.98716e+08 , 2.89544e+07
0.580581 , -1.23232e+09 , 3.02291e+07
0.581582 , -2.58715e+09 , 3.13784e+07
0.582583 , -3.62769e+09 , 3.23987e+07
0.583584 , -4.24691e+09 , 3.32949e+07
0.584585 , -4.3795e+09 , 3.40798e+07
0.585586 , -4.00837e+09 , 3.47728e+07
0.586587 , -3.1664e+09 , 3.53985e+07
0.587588 , -1.93327e+09 , 3.59843e+07
0.588589 , -4.27602e+08 , 3.65585e+07
0.58959 , 1.20468e+09 , 3.71481e+07
0.590591 , 2.80471e+09 , 3.77768e+07
0.591592 , 4.21628e+09 , 3.84633e+07
0.592593 , 5.30123e+09 , 3.92203e+07
0.593594 , 5.95302e+09 , 4.00539e+07
0.594595 , 6.10722e+09 , 4.09637e+07
0.595596 , 5.74781e+09 , 4.19436e+07
0.596597 , 4.90877e+09 , 4.29831e+07
0.597598 , 3.67078e+09 , 4.40694e+07
0.598599 , 2.15325e+09 , 4.51895e+07
0.5996 , 5.02677e+08 , 4.63326e+07
0.600601 , -1.1217e+09 , 4.74925e+07
0.601602 , -2.5635e+09 , 4.86695e+07
0.602603 , -3.68439e+09 , 4.98721e+07
0.603604 , -4.37763e+09 , 5.11172e+07
0.604605 , -4.57835e+09 , 5.24302e+07
0.605606 , -4.26981e+09 , 5.38435e+07
0.606607 , -3.48485e+09 , 5.53943e+07
0.607608 , -2.30257e+09 , 5.71211e+07
0.608609 , -8.40401e+08 , 5.90596e+07
0.60961 , 7.57544e+08 , 6.12382e+07
0.610611 , 2.33465e+09 , 6.3673e+07
0.611612 , 3.73725e+09 , 6.63632e+07
0.612613 , 4.82966e+09 , 6.92871e+07
0.613614 , 5.5075e+09 , 7.23987e+07
0.614615 , 5.70782e+09 , 7.56264e+07
0.615616 , 5.4152e+09 , 7.8873e+07
0.616617 , 4.66307e+09 , 8.20176e+07
0.617618 , 3.53036e+09 , 8.49192e+07
0.618619 , 2.13356e+09 , 8.74234e+07
0.61962 , 6.15177e+08 , 8.93693e+07
0.620621 , -8.70382e+08 , 9.05993e+07
0.621622 , -2.17203e+09 , 9.09683e+07
0.622623 , -3.15687e+09 , 9.03546e+07
0.623624 , -3.7233e+09 , 8.86695e+07
0.624625 , -3.81094e+09 , 8.58662e+07
0.625626 , -3.40656e+09 , 8.19469e+07
0.626627 , -2.54534e+09 , 7.69675e+07
0.627628 , -1.3074e+09 , 7.10394e+07
0.628629 , 1.90122e+08 , 6.4328e+07
0.62963 , 1.80449e+09 , 5.70481e+07
0.630631 , 3.38139e+09 , 4.94557e+07
0.631632 , 4.76996e+09 , 4.18372e+07
0.632633 , 5.83748e+09 , 3.44955e+07
0.633634 , 6.48224e+09 , 2.77352e+07
0.634635 , 6.64335e+09 , 2.18461e+07
0.635636 , 6.30647e+09 , 1.70873e+07
0.636637 , 5.50504e+09 , 1.36725e+07
0.637638 , 4.31681e+09 , 1.17565e+07
0.638639 , 2.85605e+09 , 1.14259e+07
0.63964 , 1.26225e+09 , 1.26926e+07
0.640641 , -3.13627e+08 , 1.54916e+07
0.641642 , -1.72387e+09 , 1.96835e+07
0.642643 , -2.8384e+09 , 2.50615e+07
0.643644 , -3.55729e+09 , 3.13619e+07
0.644645 , -3.82026e+09 , 3.82783e+07
0.645646 , -3.61221e+09 , 4.54791e+07
0.646647 , -2.96429e+09 , 5.26255e+07
0.647648 , -1.95033e+09 , 5.93904e+07
0.648649 , -6.79182e+08 , 6.54772e+07
0.64965 , 7.16422e+08 , 7.06354e+07
0.650651 , 2.09328e+09 , 7.46742e+07
0.651652 , 3.31208e+09 , 7.7472e+07
0.652653 , 4.25126e+09 , 7.89813e+07
0.653654 , 4.81902e+09 , 7.92293e+07
0.654655 , 4.96236e+09 , 7.83129e+07
0.655656 , 4.67201e+09 , 7.63905e+07
0.656657 , 3.9832e+09 , 7.36691e+07
0.657658 , 2.97172e+09 , 7.03892e+07
0.658659 , 1.74612e+09 , 6.68071e+07
0.65966 , 4.36511e+08 , 6.31776e+07
0.660661 , -8.187e+08 , 5.97366e+07
0.661662 , -1.8869e+09 , 5.6686e+07
0.662663 , -2.65474e+09 , 5.4181e+07
0.663664 , -3.03966e+09 , 5.23218e+07
0.664665 , -2.99831e+09 , 5.11485e+07
0.665666 , -2.53095e+09 , 5.06414e+07
0.666667 , -1.68155e+09 , 5.07252e+07
0.667668 , -5.33422e+08 , 5.12773e+07
0.668669 , 7.99136e+08 , 5.21391e+07
0.66967 , 2.18227e+09 , 5.313e+07
0.670671 , 3.47607e+09 , 5.40627e+07
0.671672 , 4.54866e+09 , 5.47579e+07
0.672673 , 5.28958e+09 , 5.50589e+07
0.673674 , 5.62102e+09 , 5.48435e+07
0.674675 , 5.50585e+09 , 5.40328e+07
0.675676 , 4.95162e+09 , 5.25971e+07
0.676677 , 4.01008e+09 , 5.05571e+07
0.677678 , 2.77227e+09 , 4.79812e+07
0.678679 , 1.3597e+09 , 4.49797e+07
0.67968 , -8.76332e+07 , 4.16949e+07
0.680681 , -1.42501e+09 , 3.82896e+07
0.681682 , -2.51743e+09 , 3.49336e+07
0.682683 , -3.25311e+09 , 3.17905e+07
0.683684 , -3.55473e+09 , 2.90045e+07
0.684685 , -3.38734e+09 , 2.66896e+07
0.685686 , -2.76219e+09 , 2.49209e+07
0.686687 , -1.73587e+09 , 2.37297e+07
0.687688 , -4.05079e+08 , 2.31019e+07
0.688689 , 1.10264e+09 , 2.29797e+07
0.68969 , 2.64124e+09 , 2.32678e+07
0.690691 , 4.0604e+09 , 2.3842e+07
0.691692 , 5.22029e+09 , 2.45595e+07
0.692693 , 6.00529e+09 , 2.52718e+07
0.693694 , 6.33547e+09 , 2.58372e+07
0.694695 , 6.17461e+09 , 2.61325e+07
0.695696 , 5.53395e+09 , 2.60634e+07
0.696697 , 4.47132e+09 , 2.55725e+07
0.697698 , 3.08573e+09 , 2.46437e+07
0.698699 , 1.50786e+09 , 2.33037e+07
0.6997 , -1.12545e+08 , 2.16196e+07
0.700701 , -1.62116e+09 , 1.96932e+07
0.701702 , -2.87411e+09 , 1.76528e+07
0.702703 , -3.75202e+09 , 1.56418e+07
0.703704 , -4.17166e+09 , 1.38074e+07
0.704705 , -4.09416e+09 , 1.2288e+07
0.705706 , -3.52886e+09 , 1.12014e+07
0.706707 , -2.53253e+09 , 1.06354e+07
0.707708 , -1.20393e+09 , 1.06395e+07
0.708709 , 3.2575e+08 , 1.1221e+07
0.70971 , 1.90556e+09 , 1.23438e+07
0.710711 , 3.37949e+09 , 1.39307e+07
0.711712 , 4.60159e+09 , 1.58697e+07
0.712713 , 5.45021e+09 , 1.80218e+07
0.713714 , 5.83983e+09 , 2.02326e+07
0.714715 , 5.72944e+09 , 2.23438e+07
0.715716 , 5.12651e+09 , 2.42063e+07
0.716717 , 4.08632e+09 , 2.5691e+07
0.717718 , 2.70662e+09 , 2.67e+07
0.718719 , 1.11812e+09 , 2.71735e+07
0.71972 , -5.28196e+08 , 2.70951e+07
0.720721 , -2.07573e+09 , 2.64926e+07
0.721722 , -3.37749e+09 , 2.54363e+07
0.722723 , -4.31034e+09 , 2.40331e+07
0.723724 , -4.78691e+09 , 2.24186e+07
0.724725 , -4.76407e+09 , 2.0746e+07
0.725726 , -4.24704e+09 , 1.91743e+07
0.726727 , -3.2887e+09 , 1.7856e+07
0.727728 , -1.98446e+09 , 1.69254e+07
0.728729 , -4.62716e+08 , 1.64877e+07
0.72973 , 1.12766e+09 , 1.66116e+07
0.730731 , 2.63197e+09 , 1.73233e+07
0.731732 , 3.90485e+09 , 1.86055e+07
0.732733 , 4.82446e+09 , 2.0398e+07
0.733734 , 5.30436e+09 , 2.2603e+07
0.734735 , 5.30196e+09 , 2.50924e+07
0.735736 , 4.82257e+09 , 2.77179e+07
0.736737 , 3.91876e+09 , 3.03218e+07
0.737738 , 2.68514e+09 , 3.27494e+07
0.738739 , 1.24891e+09 , 3.48597e+07
0.73974 , -2.42734e+08 , 3.65364e+07
0.740741 , -1.63718e+09 , 3.76952e+07
0.741742 , -2.7915e+09 , 3.82899e+07
0.742743 , -3.58666e+09 , 3.83145e+07
0.743744 , -3.93931e+09 , 3.78029e+07
0.744745 , -3.81012e+09 , 3.68247e+07
0.745746 , -3.20778e+09 , 3.54795e+07
0.746747 , -2.1883e+09 , 3.38879e+07
0.747748 , -8.49556e+08 , 3.21822e+07
0.748749 , 6.78147e+08 , 3.04956e+07
0.74975 , 2.24487e+09 , 2.89527e+07
0.750751 , 3.69571e+09 , 2.76602e+07
0.751752 , 4.88603e+09 , 2.67001e+07
0.752753 , 5.69573e+09 , 2.61247e+07
0.753754 , 6.04112e+09 , 2.59548e+07
0.754755 , 5.88332e+09 , 2.618e+07
0.755756 , 5.23226e+09 , 2.67622e+07
0.756757 , 4.14592e+09 , 2.76413e+07
0.757758 , 2.72487e+09 , 2.8742e+07
0.758759 , 1.10267e+09 , 2.99821e+07
0.75976 , -5.67033e+08 , 3.12814e+07
0.760761 , -2.12532e+09 , 3.2569e+07
0.761762 , -3.42347e+09 , 3.37904e+07
0.762763 , -4.33738e+09 , 3.49123e+07
0.763764 , -4.77969e+09 , 3.59253e+07
0.764765 , -4.70832e+09 , 3.68436e+07
0.765766 , -4.13069e+09 , 3.7703e+07
0.766767 , -3.10301e+09 , 3.85561e+07
0.767768 , -1.725e+09 , 3.94658e+07
0.768769 , -1.30247e+08 , 4.04975e+07
0.76977 , 1.52667e+09 , 4.17108e+07
0.770771 , 3.08514e+09 , 4.31516e+07
0.771772 , 4.39404e+09 , 4.48449e+07
0.772773 , 5.32641e+09 , 4.67894e+07
0.773774 , 5.79175e+09 , 4.89542e+07
0.774775 , 5.74481e+09 , 5.12787e+07
0.775776 , 5.18996e+09 , 5.36739e+07
0.776777 , 4.18084e+09 , 5.60277e+07
0.777778 , 2.81515e+09 , 5.82119e+07
0.778779 , 1.2252e+09 , 6.00909e+07
0.77978 , -4.34933e+08 , 6.15313e+07
0.780781 , -2.00428e+09 , 6.2413e+07
0.781782 , -3.33064e+09 , 6.26379e+07
0.782783 , -4.28531e+09 , 6.21394e+07
0.783784 , -4.77559e+09 , 6.08876e+07
0.784785 , -4.75378e+09 , 5.88943e+07
0.785786 , -4.22189e+09 , 5.6213e+07
0.786787 , -3.23144e+09 , 5.29366e+07
0.787788 , -1.87855e+09 , 4.91927e+07
0.788789 , -2.94689e+08 , 4.51352e+07
0.78979 , 1.36595e+09 , 4.09344e+07
0.790791 , 2.94131e+09 , 3.6766e+07
0.791792 , 4.27712e+09 , 3.27987e+07
0.792793 , 5.24163e+09 , 2.91833e+07
0.793794 , 5.73838e+09 , 2.60423e+07
0.794795 , 5.71539e+09 , 2.3462e+07
0.795796 , 5.17012e+09 , 2.14867e+07
0.796797 , 4.14968e+09 , 2.01166e+07
0.797798 , 2.74626e+09 , 1.93089e+07
0.798799 , 1.08817e+09 , 1.89813e+07
0.7998 , -6.72454e+08 , 1.90195e+07
0.800801 , -2.37431e+09 , 1.92862e+07
0.801802 , -3.86236e+09 , 1.96321e+07
0.802803 , -5.00266e+09 , 1.99075e+07
0.803804 , -5.69502e+09 , 1.99738e+07
0.804805 , -5.88248e+09 , 1.97139e+07
0.805806 , -5.55649e+09 , 1.90414e+07
0.806807 , -4.75748e+09 , 1.79064e+07
0.807808 , -3.57061e+09 , 1.62991e+07
0.808809 , -2.11734e+09 , 1.42503e+07
0.80981 , -5.43464e+08 , 1.18283e+07
0.810811 , 9.95123e+08 , 9.13363e+06
0.811812 , 2.34755e+09 , 6.291e+06
0.812813 , 3.38254e+09 , 3.43992e+06
0.813814 , 4.00099e+09 , 724167
0.814815 , 4.14537e+09 , -1.71858e+06
0.815816 , 3.80502e+09 , -3.76642e+06
0.816817 , 3.0169e+09 , -5.32139e+06
0.817818 , 1.86167e+09 , -6.31543e+06
0.818819 , 4.55541e+08 , -6.71388e+06
0.81982 , -1.06125e+09 , -6.51619e+06
0.820821 , -2.53832e+09 , -5.75391e+06
0.821822 , -3.82985e+09 , -4.4863e+06
0.822823 , -4.80887e+09 , -2.79381e+06
0.823824 , -5.3796e+09 , -770373
0.824825 , -5.48665e+09 , 1.48516e+06
0.825826 , -5.12031e+09 , 3.87732e+06
0.826827 , -4.31734e+09 , 6.32155e+06
0.827828 , -3.15713e+09 , 8.75025e+06
0.828829 , -1.75387e+09 , 1.11168e+07
0.82983 , -2.45179e+08 , 1.33972e+07
0.830831 , 1.22136e+09 , 1.55896e+07
0.831832 , 2.50269e+09 , 1.7711e+07
0.832833 , 3.47428e+09 , 1.97926e+07
0.833834 , 4.04214e+09 , 2.18733e+07
0.834835 , 4.15199e+09 , 2.39924e+07
0.835836 , 3.79439e+09 , 2.61826e+07
0.836837 , 3.00549e+09 , 2.84632e+07
0.837838 , 1.86339e+09 , 3.08351e+07
0.838839 , 4.80335e+08 , 3.32775e+07
0.83984 , -1.00834e+09 , 3.57469e+07
0.840841 , -2.4575e+09 , 3.81788e+07
0.841842 , -3.72645e+09 , 4.04919e+07
0.842843 , -4.69261e+09 , 4.25941e+07
0.843844 , -5.26343e+09 , 4.43912e+07
0.844845 , -5.38536e+09 , 4.57954e+07
0.845846 , -5.04886e+09 , 4.67352e+07
0.846847 , -4.28922e+09 , 4.7164e+07
0.847848 , -3.18295e+09 , 4.70673e+07
0.848849 , -1.84009e+09 , 4.64686e+07
0.84985 , -3.93392e+08 , 4.54311e+07
0.850851 , 1.0148e+09 , 4.40574e+07
0.851852 , 2.24649e+09 , 4.24854e+07
0.852853 , 3.18149e+09 , 4.08809e+07
0.853854 , 3.72919e+09 , 3.94281e+07
0.854855 , 3.83724e+09 , 3.83167e+07
0.855856 , 3.4966e+09 , 3.77295e+07
0.856857 , 2.74225e+09 , 3.78276e+07
0.857858 , 1.64963e+09 , 3.87386e+07
0.858859 , 3.27086e+08 , 4.05447e+07
0.85986 , -1.09482e+09 , 4.3275e+07
0.860861 , -2.4762e+09 , 4.69002e+07
0.861862 , -3.68157e+09 , 5.13321e+07
0.862863 , -4.59313e+09 , 5.6427e+07
0.863864 , -5.12225e+09 , 6.19936e+07
0.864865 , -5.21807e+09 , 6.78041e+07
0.865866 , -4.8724e+09 , 7.36083e+07
0.866867 , -4.12041e+09 , 7.9151e+07
0.867868 , -3.03703e+09 , 8.41883e+07
0.868869 , -1.72952e+09 , 8.85052e+07
0.86987 , -3.26879e+08 , 9.19308e+07
0.870871 , 1.0329e+09 , 9.43511e+07
0.871872 , 2.21637e+09 , 9.57176e+07
0.872873 , 3.1077e+09 , 9.6052e+07
0.873874 , 3.62004e+09 , 9.54453e+07
0.874875 , 3.70398e+09 , 9.40529e+07
0.875876 , 3.35231e+09 , 9.20839e+07
0.876877 , 2.60068e+09 , 8.97874e+07
0.877878 , 1.52404e+09 , 8.74353e+07
0.878879 , 2.29215e+08 , 8.53031e+07
0.87988 , -1.1556e+09 , 8.36507e+07
0.880881 , -2.49343e+09 , 8.27033e+07
0.881882 , -3.65197e+09 , 8.26357e+07
0.882883 , -4.51649e+09 , 8.35586e+07
0.883884 , -5.00116e+09 , 8.55103e+07
0.884885 , -5.05732e+09 , 8.84531e+07
0.885886 , -4.67829e+09 , 9.22749e+07
0.886887 , -3.89999e+09 , 9.67961e+07
0.887888 , -2.79739e+09 , 1.01781e+08
0.888889 , -1.47721e+09 , 1.06953e+08
0.88989 , -6.74579e+07 , 1.12013e+08
0.890891 , 1.29501e+09 , 1.16661e+08
0.891892 , 2.47785e+09 , 1.20611e+08
0.892893 , 3.3661e+09 , 1.23615e+08
0.893894 , 3.87332e+09 , 1.25476e+08
0.894895 , 3.94997e+09 , 1.26058e+08
0.895896 , 3.58818e+09 , 1.253e+08
0.896897 , 2.82245e+09 , 1.23213e+08
0.897898 , 1.72626e+09 , 1.19878e+08
0.898899 , 4.04814e+08 , 1.15445e+08
0.8999 , -1.01513e+09 , 1.10112e+08
0.900901 , -2.39762e+09 , 1.04119e+08
0.901902 , -3.61072e+09 , 9.7728e+07
0.902903 , -4.53918e+09 , 9.12047e+07
0.903904 , -5.09561e+09 , 8.48037e+07
0.904905 , -5.22879e+09 , 7.87523e+07
0.905906 , -4.92849e+09 , 7.32385e+07
0.906907 , -4.22632e+09 , 6.84027e+07
0.907908 , -3.19245e+09 , 6.43328e+07
0.908909 , -1.92865e+09 , 6.10641e+07
0.90991 , -5.58291e+08 , 5.85838e+07
0.910911 , 7.85725e+08 , 5.68377e+07
0.911912 , 1.97394e+09 , 5.57415e+07
0.912913 , 2.89288e+09 , 5.51923e+07
0.913914 , 3.45601e+09 , 5.50818e+07
0.914915 , 3.61202e+09 , 5.53084e+07
0.915916 , 3.34965e+09 , 5.5788e+07
0.916917 , 2.69863e+09 , 5.64619e+07
0.917918 , 1.72654e+09 , 5.7302e+07
0.918919 , 5.32094e+08 , 5.83112e+07
0.91992 , -7.64619e+08 , 5.95216e+07
0.920921 , -2.03396e+09 , 6.09877e+07
0.921922 , -3.1494e+09 , 6.27777e+07
0.922923 , -3.99987e+09 , 6.49626e+07
0.923924 , -4.50055e+09 , 6.76036e+07
0.924925 , -4.60104e+09 , 7.07408e+07
0.925926 , -4.29015e+09 , 7.43822e+07
0.926927 , -3.59694e+09 , 7.84955e+07
0.927928 , -2.5877e+09 , 8.30036e+07
0.928929 , -1.35945e+09 , 8.77831e+07
0.92993 , -3.04131e+07 , 9.26679e+07
0.930931 , 1.27151e+09 , 9.74562e+07
0.931932 , 2.42118e+09 , 1.01922e+08
0.932933 , 3.30834e+09 , 1.05829e+08
0.933934 , 3.84822e+09 , 1.08946e+08
0.934935 , 3.98962e+09 , 1.11067e+08
0.935936 , 3.7198e+09 , 1.1202e+08
0.936937 , 3.06547e+09 , 1.11692e+08
0.937938 , 2.09009e+09 , 1.10031e+08
0.938939 , 8.87581e+08 , 1.07058e+08
0.93994 , -4.26915e+08 , 1.02869e+08
0.940941 , -1.72821e+09 , 9.76311e+07
0.941942 , -2.89321e+09 , 9.15753e+07
0.942943 , -3.81272e+09 , 8.49839e+07
0.943944 , -4.40192e+09 , 7.81742e+07
0.944945 , -4.6083e+09 , 7.14789e+07
0.945946 , -4.41659e+09 , 6.52261e+07
0.946947 , -3.84985e+09 , 5.97178e+07
0.947948 , -2.96704e+09 , 5.5212e+07
0.948949 , -1.85705e+09 , 5.19054e+07
0.94995 , -6.29867e+08 , 4.99225e+07
0.950951 , 5.94164e+08 , 4.93077e+07
0.951952 , 1.69602e+09 , 5.00246e+07
0.952953 , 2.56944e+09 , 5.19598e+07
0.953954 , 3.13107e+09 , 5.49328e+07
0.954955 , 3.32818e+09 , 5.87096e+07
0.955956 , 3.14352e+09 , 6.3021e+07
0.956957 , 2.59652e+09 , 6.75819e+07
0.957958 , 1.74103e+09 , 7.21122e+07
0.958959 , 6.59705e+08 , 7.63566e+07
0.95996 , -5.44311e+08 , 8.01016e+07
0.960961 , -1.75765e+09 , 8.31894e+07
0.961962 , -2.86779e+09 , 8.55275e+07
0.962963 , -3.774e+09 , 8.7092e+07
0.963964 , -4.39687e+09 , 8.79262e+07
0.964965 , -4.68581e+09 , 8.8134e+07
0.965966 , -4.62346e+09 , 8.78685e+07
0.966967 , -4.22694e+09 , 8.73162e+07
0.967968 , -3.54556e+09 , 8.66804e+07
0.968969 , -2.65552e+09 , 8.61622e+07
0.96997 , -1.65194e+09 , 8.59426e+07
0.970971 , -6.39132e+08 , 8.6167e+07
0.971972 , 2.79885e+08 , 8.6932e+07
0.972973 , 1.01365e+09 , 8.82777e+07
0.973974 , 1.49123e+09 , 9.01842e+07
0.974975 , 1.66906e+09 , 9.25729e+07
0.975976 , 1.535e+09 , 9.53143e+07
0.976977 , 1.10913e+09 , 9.82382e+07
0.977978 , 4.41415e+08 , 1.01149e+08
0.978979 , -3.93673e+08 , 1.03842e+08
0.97998 , -1.30493e+09 , 1.06121e+08
0.980981 , -2.1938e+09 , 1.07816e+08
0.981982 , -2.96443e+09 , 1.08796e+08
0.982983 , -3.5334e+09 , 1.08981e+08
0.983984 , -3.83814e+09 , 1.08352e+08
0.984985 , -3.84316e+09 , 1.06946e+08
0.985986 , -3.54361e+09 , 1.0486e+08
0.986987 , -2.96565e+09 , 1.02236e+08
0.987988 , -2.16383e+09 , 9.92542e+07
0.988989 , -1.21546e+09 , 9.61158e+07
0.98999 , -2.12915e+08 , 9.30233e+07
0.990991 , 7.45735e+08 , 9.01651e+07
0.991992 , 1.5665e+09 , 8.76975e+07
0.992993 , 2.16886e+09 , 8.57311e+07
0.993994 , 2.49384e+09 , 8.43205e+07
0.994995 , 2.50983e+09 , 8.3459e+07
0.995996 , 2.21571e+09 , 8.30785e+07
0.996997 , 1.64096e+09 , 8.30551e+07
0.997998 , 8.42685e+08 , 8.322e+07
0.998999 , -1.00071e+08 , 8.33743e+07
1 , -1.09419e+09 , 8.33078e+07
