0 0.215605 0
3.33564e-05 0.219791 0.00690721
6.67128e-05 0.223827 0.014082
0.000100069 0.227703 0.0215243
0.000133426 0.231406 0.0292334
0.000166782 0.234925 0.0372084
0.000200138 0.238246 0.0454479
0.000233495 0.241357 0.0539498
0.000266851 0.244247 0.062712
0.000300208 0.246901 0.0717315
0.000333564 0.249307 0.0810049
0.000366921 0.251452 0.0905285
0.000400277 0.253323 0.100298
0.000433633 0.254907 0.110308
0.00046699 0.25619 0.120554
0.000500346 0.257159 0.131029
0.000533703 0.2578 0.141727
0.000567059 0.258101 0.152641
0.000600415 0.258048 0.163762
0.000633772 0.257628 0.175084
0.000667128 0.256827 0.186596
0.000700485 0.255633 0.198289
0.000733841 0.254032 0.210154
0.000767197 0.252012 0.222179
0.000800554 0.249559 0.234352
0.00083391 0.246662 0.246662
0.000867267 0.243308 0.259097
0.000900623 0.239484 0.271642
0.000933979 0.23518 0.284284
0.000967336 0.230383 0.297009
0.00100069 0.225082 0.3098
0.00103405 0.219267 0.322642
0.00106741 0.212926 0.335519
0.00110076 0.20605 0.348413
0.00113412 0.198629 0.361307
0.00116747 0.190654 0.374181
0.00120083 0.182116 0.387017
0.00123419 0.173007 0.399796
0.00126754 0.163318 0.412496
0.0013009 0.153044 0.425097
0.00133426 0.142177 0.437578
0.00136761 0.130712 0.449916
0.00140097 0.118644 0.462089
0.00143433 0.105967 0.474073
0.00146768 0.0926792 0.485845
0.00150104 0.0787767 0.497381
0.00153439 0.0642573 0.508655
0.00156775 0.04912 0.519643
0.00160111 0.0333641 0.530319
0.00163446 0.01699 0.540657
0.00166782 -8.64929e-07 0.55063
0.00170118 -0.0176063 0.560212
0.00173453 -0.035823 0.569376
0.00176789 -0.0546468 0.578093
0.00180125 -0.0740724 0.586336
0.0018346 -0.0940936 0.594077
0.00186796 -0.114703 0.601288
0.00190132 -0.135892 0.60794
0.00193467 -0.157651 0.614004
0.00196803 -0.179969 0.619453
0.00200138 -0.202834 0.624256
0.00203474 -0.226234 0.628386
0.0020681 -0.250154 0.631813
0.00210145 -0.274578 0.634509
0.00213481 -0.29949 0.636444
0.00216817 -0.324871 0.637591
0.00220152 -0.350702 0.637922
0.00223488 -0.376963 0.637407
0.00226824 -0.403632 0.636019
0.00230159 -0.430685 0.633731
0.00233495 -0.458098 0.630515
0.00236831 -0.485846 0.626346
0.00240166 -0.5139 0.621196
0.00243502 -0.542234 0.615041
0.00246837 -0.570816 0.607854
0.00250173 -0.599616 0.599613
0.00253509 -0.628601 0.590292
0.00256844 -0.657737 0.579871
0.0026018 -0.686991 0.568325
0.00263516 -0.716325 0.555635
0.00266851 -0.745701 0.541781
0.00270187 -0.775081 0.526742
0.00273523 -0.804426 0.510501
0.00276858 -0.833692 0.493041
0.00280194 -0.862839 0.474347
0.00283529 -0.891823 0.454403
0.00286865 -0.920598 0.433197
0.00290201 -0.949119 0.410717
0.00293536 -0.977338 0.386952
0.00296872 -1.00521 0.361894
0.00300208 -1.03268 0.335535
0.00303543 -1.0597 0.307869
0.00306879 -1.08623 0.278893
0.00310215 -1.1122 0.248603
0.0031355 -1.13757 0.217
0.00316886 -1.16229 0.184084
0.00320222 -1.18629 0.149859
0.00323557 -1.20952 0.11433
0.00326893 -1.23194 0.0775033
0.00330228 -1.25348 0.0393882
0.00333564 -1.27408 -4.00265e-06
0.003369 -1.2937 -0.0406602
0.00340235 -1.31227 -0.082565
0.00343571 -1.32973 -0.125701
0.00346907 -1.34603 -0.170048
0.00350242 -1.36111 -0.215583
0.00353578 -1.37492 -0.262284
0.00356914 -1.38738 -0.310122
0.00360249 -1.39846 -0.359069
0.00363585 -1.40809 -0.409093
0.00366921 -1.41621 -0.46016
0.00370256 -1.42277 -0.512233
0.00373592 -1.42771 -0.565274
0.00376927 -1.43097 -0.619242
0.00380263 -1.4325 -0.674092
0.00383599 -1.43226 -0.729777
0.00386934 -1.43017 -0.78625
0.0039027 -1.4262 -0.843459
0.00393606 -1.42029 -0.901349
0.00396941 -1.41239 -0.959865
0.00400277 -1.40245 -1.01895
0.00403613 -1.39043 -1.07854
0.00406948 -1.37628 -1.13856
0.00410284 -1.35995 -1.19897
0.00413619 -1.34141 -1.25968
0.00416955 -1.32061 -1.32062
0.00420291 -1.29752 -1.38173
0.00423626 -1.2721 -1.44293
0.00426962 -1.24431 -1.50413
0.00430298 -1.21413 -1.56526
0.00433633 -1.18152 -1.62624
0.00436969 -1.14646 -1.68698
0.00440305 -1.10892 -1.7474
0.0044364 -1.06888 -1.8074
0.00446976 -1.02633 -1.8669
0.00450312 -0.981236 -1.9258
0.00453647 -0.933599 -1.98402
0.00456983 -0.883405 -2.04145
0.00460318 -0.830648 -2.09801
0.00463654 -0.775325 -2.15358
0.0046699 -0.717435 -2.20807
0.00470325 -0.656982 -2.26138
0.00473661 -0.593973 -2.31342
0.00476997 -0.52842 -2.36406
0.00480332 -0.460335 -2.41322
0.00483668 -0.389738 -2.46078
0.00487004 -0.316652 -2.50665
0.00490339 -0.241101 -2.55071
0.00493675 -0.163117 -2.59286
0.00497011 -0.0827325 -2.63298
0.00500346 1.25867e-05 -2.67099
0.00503682 0.0850762 -2.70676
0.00507017 0.172412 -2.74019
0.00510353 0.261967 -2.77118
0.00513689 0.353689 -2.79962
0.00517024 0.447515 -2.82541
0.0052036 0.543383 -2.84844
0.00523696 0.641223 -2.8686
0.00527031 0.740963 -2.8858
0.00530367 0.842525 -2.89994
0.00533703 0.945828 -2.91091
0.00537038 1.05079 -2.91862
0.00540374 1.15731 -2.92298
0.00543709 1.26529 -2.92388
0.00547045 1.37465 -2.92125
0.00550381 1.48528 -2.91498
0.00553716 1.59706 -2.905
0.00557052 1.70988 -2.89122
0.00560388 1.82363 -2.87355
0.00563723 1.9382 -2.85194
0.00567059 2.05344 -2.82628
0.00570395 2.16924 -2.79653
0.0057373 2.28546 -2.76261
0.00577066 2.40196 -2.72446
0.00580402 2.51861 -2.68201
0.00583737 2.63526 -2.63523
0.00587073 2.75176 -2.58404
0.00590408 2.86796 -2.52842
0.00593744 2.98371 -2.46831
0.0059708 3.09885 -2.40369
0.00600415 3.21323 -2.33452
0.00603751 3.32667 -2.26077
0.00607087 3.43901 -2.18244
0.00610422 3.55009 -2.09949
0.00613758 3.65972 -2.01192
0.00617094 3.76775 -1.91974
0.00620429 3.874 -1.82294
0.00623765 3.97828 -1.72153
0.006271 4.08042 -1.61553
0.00630436 4.18024 -1.50495
0.00633772 4.27757 -1.38984
0.00637107 4.37221 -1.27022
0.00640443 4.46399 -1.14613
0.00643779 4.55272 -1.01762
0.00647114 4.63822 -0.884759
0.0065045 4.72032 -0.747595
0.00653786 4.79881 -0.606201
0.00657121 4.87353 -0.460654
0.00660457 4.94429 -0.311037
0.00663793 5.01091 -0.157443
0.00667128 5.07321 3.1876e-05
0.00670464 5.13102 0.161281
0.00673799 5.18415 0.326192
0.00677135 5.23244 0.494645
0.00680471 5.27572 0.666513
0.00683806 5.31381 0.84166
0.00687142 5.34655 1.01995
0.00690478 5.37378 1.20122
0.00693813 5.39534 1.38533
0.00697149 5.41108 1.5721
0.00700485 5.42084 1.76138
0.0070382 5.42449 1.95298
0.00707156 5.42187 2.14671
0.00710492 5.41285 2.34239
0.00713827 5.39731 2.53982
0.00717163 5.37511 2.7388
0.00720498 5.34614 2.93911
0.00723834 5.31028 3.14054
0.0072717 5.26744 3.34287
0.00730505 5.2175 3.54586
0.00733841 5.16037 3.74929
0.00737177 5.09598 3.9529
0.00740512 5.02424 4.15647
0.00743848 4.94508 4.35974
0.00747184 4.85844 4.56245
0.00750519 4.76427 4.76434
0.00753855 4.66253 4.96516
0.0075719 4.55316 5.16462
0.00760526 4.43616 5.36247
0.00763862 4.3115 5.55843
0.00767197 4.17917 5.75222
0.00770533 4.03917 5.94355
0.00773869 3.89152 6.13215
0.00777204 3.73623 6.31772
0.0078054 3.57334 6.49999
0.00783876 3.40289 6.67866
0.00787211 3.22493 6.85345
0.00790547 3.03952 7.02405
0.00793883 2.84673 7.19019
0.00797218 2.64666 7.35156
0.00800554 2.4394 7.50789
0.00803889 2.22504 7.65887
0.00807225 2.00372 7.80422
0.00810561 1.77555 7.94365
0.00813896 1.54068 8.07687
0.00817232 1.29926 8.20361
0.00820568 1.05145 8.32359
0.00823903 0.79742 8.43652
0.00827239 0.537358 8.54213
0.00830575 0.27146 8.64016
0.0083391 -6.85679e-05 8.73033
0.00837246 -0.27701 8.8124
0.00840582 -0.559136 8.8861
0.00843917 -0.846208 8.95118
0.00847253 -1.13797 9.00742
0.00850588 -1.43418 9.05456
0.00853924 -1.73454 9.09239
0.0085726 -2.03879 9.12067
0.00860595 -2.34663 9.13921
0.00863931 -2.65776 9.14779
0.00867267 -2.97187 9.14622
0.00870602 -3.28864 9.13432
0.00873938 -3.60775 9.11191
0.00877274 -3.92884 9.07882
0.00880609 -4.25159 9.03489
0.00883945 -4.57563 8.97999
0.0088728 -4.9006 8.91398
0.00890616 -5.22613 8.83673
0.00893952 -5.55184 8.74814
0.00897287 -5.87736 8.64812
0.00900623 -6.20229 8.53656
0.00903959 -6.52623 8.41342
0.00907294 -6.84879 8.27862
0.0091063 -7.16955 8.13212
0.00913966 -7.48811 7.97388
0.00917301 -7.80404 7.80391
0.00920637 -8.11694 7.62218
0.00923973 -8.42638 7.42872
0.00927308 -8.73193 7.22355
0.00930644 -9.03316 7.00671
0.00933979 -9.32965 6.77826
0.00937315 -9.62097 6.53828
0.00940651 -9.90668 6.28685
0.00943986 -10.1864 6.02408
0.00947322 -10.4596 5.75008
0.00950658 -10.7259 5.46499
0.00953993 -10.9849 5.16898
0.00957329 -11.2361 4.86219
0.00960665 -11.4792 4.54482
0.00964 -11.7137 4.21707
0.00967336 -11.9392 3.87916
0.00970672 -12.1553 3.53131
0.00974007 -12.3615 3.17378
0.00977343 -12.5576 2.80683
0.00980678 -12.743 2.43073
0.00984014 -12.9174 2.0458
0.0098735 -13.0805 1.65233
0.00990685 -13.2318 1.25065
0.00994021 -13.371 0.841109
0.00997357 -13.4978 0.424059
0.0100069 -13.6118 -0.000128288
0.0100403 -13.7126 -0.431067
0.0100736 -13.8001 -0.868358
0.010107 -13.8737 -1.31159
0.0101403 -13.9334 -1.76033
0.0101737 -13.9787 -2.21414
0.0102071 -14.0094 -2.67257
0.0102404 -14.0252 -3.13516
0.0102738 -14.026 -3.60142
0.0103071 -14.0115 -4.07087
0.0103405 -13.9815 -4.54301
0.0103738 -13.9358 -5.01734
0.0104072 -13.8742 -5.49332
0.0104406 -13.7965 -5.97044
0.0104739 -13.7027 -6.44816
0.0105073 -13.5926 -6.92592
0.0105406 -13.466 -7.40318
0.010574 -13.323 -7.87938
0.0106073 -13.1634 -8.35395
0.0106407 -12.9873 -8.82632
0.0106741 -12.7945 -9.29591
0.0107074 -12.585 -9.76214
0.0107408 -12.359 -10.2244
0.0107741 -12.1163 -10.6822
0.0108075 -11.8571 -11.1348
0.0108408 -11.5815 -11.5817
0.0108742 -11.2895 -12.0223
0.0109075 -10.9812 -12.456
0.0109409 -10.6569 -12.8823
0.0109743 -10.3166 -13.3004
0.0110076 -9.96057 -13.7098
0.011041 -9.58897 -14.1101
0.0110743 -9.20204 -14.5004
0.0111077 -8.80003 -14.8804
0.011141 -8.3832 -15.2494
0.0111744 -7.95186 -15.6068
0.0112078 -7.5063 -15.9521
0.0112411 -7.04687 -16.2848
0.0112745 -6.57391 -16.6043
0.0113078 -6.0878 -16.9101
0.0113412 -5.58894 -17.2016
0.0113745 -5.07774 -17.4784
0.0114079 -4.55463 -17.7399
0.0114412 -4.02008 -17.9857
0.0114746 -3.47455 -18.2153
0.011508 -2.91854 -18.4282
0.0115413 -2.35256 -18.6241
0.0115747 -1.77714 -18.8024
0.011608 -1.19283 -18.9627
0.0116414 -0.600182 -19.1048
0.0116747 0.000211424 -19.2281
0.0117081 0.607758 -19.3324
0.0117415 1.22185 -19.4173
0.0117748 1.84185 -19.4824
0.0118082 2.46712 -19.5276
0.0118415 3.09702 -19.5524
0.0118749 3.73087 -19.5567
0.0119082 4.368 -19.5403
0.0119416 5.00771 -19.5028
0.011975 5.64931 -19.4442
0.0120083 6.29209 -19.3643
0.0120417 6.93532 -19.2629
0.012075 7.57828 -19.1399
0.0121084 8.22025 -18.9953
0.0121417 8.86047 -18.8289
0.0121751 9.4982 -18.6407
0.0122084 10.1327 -18.4308
0.0122418 10.7632 -18.1991
0.0122752 11.3889 -17.9457
0.0123085 12.0092 -17.6706
0.0123419 12.6232 -17.3739
0.0123752 13.2302 -17.0558
0.0124086 13.8293 -16.7164
0.0124419 14.42 -16.3559
0.0124753 15.0014 -15.9744
0.0125087 15.5727 -15.5723
0.012542 16.1332 -15.1498
0.0125754 16.6823 -14.7071
0.0126087 17.2191 -14.2445
0.0126421 17.7429 -13.7625
0.0126754 18.2531 -13.2613
0.0127088 18.7489 -12.7414
0.0127421 19.2296 -12.2031
0.0127755 19.6946 -11.647
0.0128089 20.1431 -11.0735
0.0128422 20.5746 -10.483
0.0128756 20.9884 -9.87607
0.0129089 21.3838 -9.25331
0.0129423 21.7604 -8.61524
0.0129756 22.1174 -7.96245
0.013009 22.4543 -7.29555
0.0130424 22.7706 -6.61518
0.0130757 23.0658 -5.92198
0.0131091 23.3392 -5.21664
0.0131424 23.5906 -4.49984
0.0131758 23.8193 -3.7723
0.0132091 24.0249 -3.03475
0.0132425 24.2071 -2.28794
0.0132759 24.3654 -1.53264
0.0133092 24.4995 -0.769621
0.0133426 24.609 0.000309247
0.0133759 24.6937 0.776342
0.0134093 24.7532 1.55765
0.0134426 24.7873 2.3434
0.013476 24.7957 3.13275
0.0135093 24.7783 3.92483
0.0135427 24.7349 4.71877
0.0135761 24.6654 5.5137
0.0136094 24.5696 6.30873
0.0136428 24.4474 7.10298
0.0136761 24.2989 7.89555
0.0137095 24.124 8.68554
0.0137428 23.9227 9.47204
0.0137762 23.6951 10.2542
0.0138096 23.4412 11.031
0.0138429 23.1612 11.8016
0.0138763 22.8552 12.5652
0.0139096 22.5234 13.3207
0.013943 22.1659 14.0673
0.0139763 21.7831 14.8042
0.0140097 21.3752 15.5304
0.014043 20.9424 16.2451
0.0140764 20.4852 16.9473
0.0141098 20.0039 17.6363
0.0141431 19.4988 18.3111
0.0141765 18.9705 18.971
0.0142098 18.4194 19.6151
0.0142432 17.8458 20.2427
0.0142765 17.2505 20.8529
0.0143099 16.6339 21.4449
0.0143433 15.9965 22.018
0.0143766 15.3391 22.5714
0.01441 14.6621 23.1045
0.0144433 13.9663 23.6165
0.0144767 13.2524 24.1067
0.01451 12.5209 24.5746
0.0145434 11.7728 25.0193
0.0145768 11.0087 25.4405
0.0146101 10.2293 25.8374
0.0146435 9.4356 26.2095
0.0146768 8.62827 26.5563
0.0147102 7.80817 26.8773
0.0147435 6.97618 27.172
0.0147769 6.13315 27.4399
0.0148102 5.27997 27.6807
0.0148436 4.41757 27.8939
0.014877 3.54684 28.0793
0.0149103 2.66873 28.2364
0.0149437 1.78418 28.365
0.014977 0.894143 28.4649
0.0150104 -0.000403415 28.5358
0.0150437 -0.898488 28.5775
0.0150771 -1.79913 28.5898
0.0151105 -2.70133 28.5727
0.0151438 -3.6041 28.5261
0.0151772 -4.50644 28.4499
0.0152105 -5.40734 28.344
0.0152439 -6.3058 28.2086
0.0152772 -7.20081 28.0436
0.0153106 -8.09138 27.8492
0.0153439 -8.97649 27.6254
0.0153773 -9.85515 27.3725
0.0154107 -10.7264 27.0906
0.015444 -11.5892 26.7799
0.0154774 -12.4425 26.4407
0.0155107 -13.2855 26.0734
0.0155441 -14.1172 25.6782
0.0155774 -14.9365 25.2554
0.0156108 -15.7426 24.8056
0.0156442 -16.5346 24.3291
0.0156775 -17.3114 23.8264
0.0157109 -18.0723 23.298
0.0157442 -18.8164 22.7444
0.0157776 -19.5427 22.1662
0.0158109 -20.2505 21.564
0.0158443 -20.9389 20.9383
0.0158777 -21.6072 20.2899
0.015911 -22.2545 19.6194
0.0159444 -22.8801 18.9275
0.0159777 -23.4832 18.2149
0.0160111 -24.0633 17.4824
0.0160444 -24.6195 16.7308
0.0160778 -25.1512 15.9609
0.0161111 -25.6579 15.1735
0.0161445 -26.1388 14.3694
0.0161779 -26.5936 13.5496
0.0162112 -27.0215 12.7149
0.0162446 -27.4222 11.8661
0.0162779 -27.7951 11.0044
0.0163113 -28.1398 10.1305
0.0163446 -28.4559 9.2454
0.016378 -28.743 8.35015
0.0164114 -29.0009 7.44568
0.0164447 -29.2291 6.533
0.0164781 -29.4274 5.61311
0.0165114 -29.5956 4.68702
0.0165448 -29.7335 3.75575
0.0165781 -29.841 2.82033
0.0166115 -29.9178 1.8818
0.0166448 -29.9639 0.941183
0.0166782 -29.9793 -0.000470914
0.0167116 -29.9639 -0.942125
0.0167449 -29.9177 -1.88274
0.0167783 -29.8409 -2.82127
0.0168116 -29.7334 -3.75668
0.016845 -29.5955 -4.68795
0.0168783 -29.4273 -5.61403
0.0169117 -29.2289 -6.53392
0.0169451 -29.0006 -7.44659
0.0169784 -28.7428 -8.35105
0.0170118 -28.4556 -9.24629
0.0170451 -28.1395 -10.1313
0.0170785 -27.7947 -11.0052
0.0171118 -27.4218 -11.867
0.0171452 -27.0211 -12.7157
0.0171786 -26.5931 -13.5504
0.0172119 -26.1384 -14.3703
0.0172453 -25.6574 -15.1743
0.0172786 -25.1507 -15.9617
0.017312 -24.6189 -16.7316
0.0173453 -24.0627 -17.4832
0.0173787 -23.4827 -18.2156
0.017412 -22.8795 -18.9282
0.0174454 -22.2539 -19.6201
0.0174788 -21.6065 -20.2906
0.0175121 -20.9383 -20.939
0.0175455 -20.2498 -21.5646
0.0175788 -19.542 -22.1668
0.0176122 -18.8157 -22.745
0.0176455 -18.0716 -23.2986
0.0176789 -17.3107 -23.827
0.0177123 -16.5338 -24.3296
0.0177456 -15.7418 -24.8061
0.017779 -14.9357 -25.2559
0.0178123 -14.1164 -25.6786
0.0178457 -13.2847 -26.0738
0.017879 -12.4417 -26.4411
0.0179124 -11.5883 -26.7803
0.0179457 -10.7255 -27.0909
0.0179791 -9.85429 -27.3728
0.0180125 -8.97562 -27.6257
0.0180458 -8.0905 -27.8495
0.0180792 -7.19993 -28.0439
0.0181125 -6.30491 -28.2088
0.0181459 -5.40645 -28.3442
0.0181792 -4.50554 -28.45
0.0182126 -3.6032 -28.5262
0.018246 -2.70043 -28.5728
0.0182793 -1.79823 -28.5899
0.0183127 -0.89759 -28.5775
0.018346 0.000493063 -28.5358
0.0183794 0.895038 -28.4649
0.0184127 1.78507 -28.365
0.0184461 2.66961 -28.2363
0.0184795 3.54772 -28.0792
0.0185128 4.41844 -27.8938
0.0185462 5.28084 -27.6805
0.0185795 6.13401 -27.4397
0.0186129 6.97703 -27.1718
0.0186462 7.80902 -26.8771
0.0186796 8.6291 -26.556
0.0187129 9.43642 -26.2092
0.0187463 10.2302 -25.8371
0.0187797 11.0095 -25.4401
0.018813 11.7736 -25.019
0.0188464 12.5217 -24.5742
0.0188797 13.2531 -24.1063
0.0189131 13.9671 -23.616
0.0189464 14.6628 -23.104
0.0189798 15.3398 -22.5709
0.0190132 15.9972 -22.0175
0.0190465 16.6346 -21.4443
0.0190799 17.2512 -20.8523
0.0191132 17.8465 -20.2421
0.0191466 18.42 -19.6146
0.0191799 18.9711 -18.9704
0.0192133 19.4994 -18.3105
0.0192466 20.0044 -17.6356
0.01928 20.4857 -16.9467
0.0193134 20.9429 -16.2444
0.0193467 21.3757 -15.5297
0.0193801 21.7836 -14.8035
0.0194134 22.1664 -14.0666
0.0194468 22.5238 -13.32
0.0194801 22.8556 -12.5644
0.0195135 23.1616 -11.8009
0.0195469 23.4416 -11.0303
0.0195802 23.6954 -10.2534
0.0196136 23.923 -9.47129
0.0196469 24.1243 -8.68478
0.0196803 24.2992 -7.89478
0.0197136 24.4477 -7.10221
0.019747 24.5698 -6.30796
0.0197804 24.6656 -5.51292
0.0198137 24.7351 -4.71799
0.0198471 24.7785 -3.92405
0.0198804 24.7958 -3.13197
0.0199138 24.7874 -2.34263
0.0199471 24.7532 -1.55688
0.0199805 24.6937 -0.775566
0.0200138 24.609 0.00046387
0.0200472 24.4995 0.77039
0.0200806 24.3654 1.5334
0.0201139 24.207 2.2887
0.0201473 24.0248 3.0355
0.0201806 23.8192 3.77305
0.020214 23.5904 4.50058
0.0202473 23.3391 5.21737
0.0202807 23.0656 5.92271
0.0203141 22.7704 6.61589
0.0203474 22.4541 7.29626
0.0203808 22.1171 7.96314
0.0204141 21.7601 8.61592
0.0204475 21.3836 9.25398
0.0204808 20.9881 9.87673
0.0205142 20.5743 10.4836
0.0205475 20.1428 11.0741
0.0205809 19.6942 11.6476
0.0206143 19.2292 12.2038
0.0206476 18.7485 12.742
0.020681 18.2527 13.2619
0.0207143 17.7425 13.763
0.0207477 17.2186 14.2451
0.020781 16.6818 14.7076
0.0208144 16.1328 15.1503
0.0208478 15.5722 15.5728
0.0208811 15.0009 15.9749
0.0209145 14.4195 16.3563
0.0209478 13.8288 16.7168
0.0209812 13.2296 17.0562
0.0210145 12.6226 17.3743
0.0210479 12.0086 17.6709
0.0210813 11.3884 17.946
0.0211146 10.7626 18.1994
0.021148 10.1321 18.4311
0.0211813 9.49761 18.641
0.0212147 8.85987 18.8292
0.021248 8.21965 18.9955
0.0212814 7.57768 19.1402
0.0213147 6.93472 19.2631
0.0213481 6.29148 19.3645
0.0213815 5.6487 19.4444
0.0214148 5.0071 19.503
0.0214482 4.36739 19.5404
0.0214815 3.73026 19.5569
0.0215149 3.09641 19.5525
0.0215482 2.46651 19.5276
0.0215816 1.84124 19.4825
0.021615 1.22124 19.4173
0.0216483 0.607151 19.3324
0.0216817 -0.000392645 19.2281
0.021715 -0.600782 19.1048
0.0217484 -1.19342 18.9627
0.0217817 -1.77773 18.8023
0.0218151 -2.35315 18.624
0.0218484 -2.91912 18.4282
0.0218818 -3.47512 18.2152
0.0219152 -4.02065 17.9856
0.0219485 -4.55519 17.7398
0.0219819 -5.07829 17.4782
0.0220152 -5.58948 17.2014
0.0220486 -6.08833 16.9099
0.0220819 -6.57443 16.6041
0.0221153 -7.04738 16.2846
0.0221487 -7.5068 15.9519
0.022182 -7.95235 15.6066
0.0222154 -8.38368 15.2491
0.0222487 -8.8005 14.8801
0.0222821 -9.20249 14.5001
0.0223154 -9.58941 14.1098
0.0223488 -9.961 13.7095
0.0223822 -10.317 13.3001
0.0224155 -10.6573 12.8819
0.0224489 -10.9816 12.4557
0.0224822 -11.2899 12.022
0.0225156 -11.5819 11.5814
0.0225489 -11.8575 11.1344
0.0225823 -12.1166 10.6818
0.0226156 -12.3593 10.224
0.022649 -12.5853 9.76175
0.0226824 -12.7947 9.29551
0.0227157 -12.9875 8.82591
0.0227491 -13.1637 8.35354
0.0227824 -13.3233 7.87896
0.0228158 -13.4663 7.40276
0.0228491 -13.5928 6.92549
0.0228825 -13.7029 6.44772
0.0229159 -13.7967 5.97001
0.0229492 -13.8743 5.49289
0.0229826 -13.9359 5.0169
0.0230159 -13.9816 4.54257
0.0230493 -14.0116 4.07043
0.0230826 -14.0261 3.60098
0.023116 -14.0253 3.13472
0.0231493 -14.0095 2.67213
0.0231827 -13.9787 2.2137
0.0232161 -13.9334 1.75989
0.0232494 -13.8738 1.31115
0.0232828 -13.8001 0.867924
0.0233161 -13.7127 0.430636
0.0233495 -13.6118 -0.000299339
0.0233828 -13.4978 -0.424483
0.0234162 -13.371 -0.841529
0.0234496 -13.2318 -1.25107
0.0234829 -13.0804 -1.65274
0.0235163 -12.9174 -2.0462
0.0235496 -12.7429 -2.43114
0.023583 -12.5575 -2.80722
0.0236163 -12.3614 -3.17417
0.0236497 -12.1552 -3.53169
0.0236831 -11.9391 -3.87953
0.0237164 -11.7136 -4.21744
0.0237498 -11.4791 -4.54518
0.0237831 -11.236 -4.86254
0.0238165 -10.9847 -5.16932
0.0238498 -10.7257 -5.46533
0.0238832 -10.4594 -5.75041
0.0239165 -10.1862 -6.0244
0.0239499 -9.90649 -6.28716
0.0239833 -9.62076 -6.53858
0.0240166 -9.32944 -6.77856
0.02405 -9.03294 -7.00699
0.0240833 -8.7317 -7.22382
0.0241167 -8.42614 -7.42899
0.02415 -8.1167 -7.62244
0.0241834 -7.8038 -7.80415
0.0242168 -7.48786 -7.97412
0.0242501 -7.16929 -8.13234
0.0242835 -6.84853 -8.27883
0.0243168 -6.52597 -8.41362
0.0243502 -6.20202 -8.53676
0.0243835 -5.87709 -8.6483
0.0244169 -5.55157 -8.74832
0.0244502 -5.22585 -8.83689
0.0244836 -4.90032 -8.91413
0.024517 -4.57534 -8.98013
0.0245503 -4.2513 -9.03502
0.0245837 -3.92856 -9.07894
0.024617 -3.60746 -9.11202
0.0246504 -3.28836 -9.13442
0.0246837 -2.97158 -9.14632
0.0247171 -2.65747 -9.14788
0.0247505 -2.34634 -9.13928
0.0247838 -2.0385 -9.12074
0.0248172 -1.73426 -9.09244
0.0248505 -1.43389 -9.05461
0.0248839 -1.13769 -9.00745
0.0249172 -0.845927 -8.95121
0.0249506 -0.558857 -8.88611
0.024984 -0.276733 -8.8124
0.0250173 0.000205704 -8.73033
0.0250507 0.271732 -8.64015
0.025084 0.537627 -8.54211
0.0251174 0.797685 -8.43649
0.0251507 1.05171 -8.32356
0.0251841 1.29952 -8.20357
0.0252174 1.54094 -8.07683
0.0252508 1.7758 -7.94359
0.0252842 2.00396 -7.80415
0.0253175 2.22528 -7.6588
0.0253509 2.43963 -7.50781
0.0253842 2.64689 -7.35148
0.0254176 2.84696 -7.1901
0.0254509 3.03974 -7.02396
0.0254843 3.22514 -6.85335
0.0255177 3.4031 -6.67856
0.025551 3.57354 -6.49988
0.0255844 3.73643 -6.31761
0.0256177 3.89171 -6.13202
0.0256511 4.03936 -5.94342
0.0256844 4.17935 -5.75208
0.0257178 4.31167 -5.55829
0.0257511 4.43633 -5.36233
0.0257845 4.55332 -5.16448
0.0258179 4.66268 -4.96501
0.0258512 4.76442 -4.76419
0.0258846 4.85859 -4.56229
0.0259179 4.94522 -4.35958
0.0259513 5.02437 -4.15631
0.0259846 5.0961 -3.95274
0.026018 5.16049 -3.74912
0.0260514 5.21761 -3.5457
0.0260847 5.26754 -3.3427
0.0261181 5.31038 -3.14037
0.0261514 5.34623 -2.93894
0.0261848 5.3752 -2.73863
0.0262181 5.39739 -2.53965
0.0262515 5.41293 -2.34222
0.0262849 5.42194 -2.14654
0.0263182 5.42455 -1.95281
0.0263516 5.4209 -1.76121
0.0263849 5.41113 -1.57193
0.0264183 5.39539 -1.38516
0.0264516 5.37382 -1.20105
0.026485 5.34658 -1.01978
0.0265183 5.31384 -0.841493
0.0265517 5.27574 -0.666347
0.0265851 5.23246 -0.494481
0.0266184 5.18416 -0.326029
0.0266518 5.13102 -0.16112
0.0266851 5.07321 0.000127504
0.0267185 5.0109 0.1576
0.0267518 4.94428 0.311193
0.0267852 4.87351 0.460807
0.0268186 4.79879 0.606352
0.0268519 4.72029 0.747743
0.0268853 4.6382 0.884905
0.0269186 4.55269 1.01777
0.026952 4.46395 1.14627
0.0269853 4.37217 1.27035
0.0270187 4.27752 1.38997
0.027052 4.1802 1.50508
0.0270854 4.08037 1.61565
0.0271188 3.97822 1.72165
0.0271521 3.87394 1.82306
0.0271855 3.76769 1.91986
0.0272188 3.65966 2.01204
0.0272522 3.55002 2.0996
0.0272855 3.43894 2.18254
0.0273189 3.3266 2.26088
0.0273523 3.21315 2.33462
0.0273856 3.09878 2.40379
0.027419 2.98363 2.46841
0.0274523 2.86788 2.52851
0.0274857 2.75168 2.58413
0.027519 2.63517 2.63531
0.0275524 2.51852 2.68209
0.0275858 2.40187 2.72453
0.0276191 2.28537 2.76268
0.0276525 2.16915 2.7966
0.0276858 2.05335 2.82635
0.0277192 1.93811 2.852
0.0277525 1.82354 2.87361
0.0277859 1.70979 2.89127
0.0278192 1.59696 2.90505
0.0278526 1.48518 2.91503
0.027886 1.37456 2.92129
0.0279193 1.2652 2.92392
0.0279527 1.15721 2.92301
0.027986 1.05069 2.91865
0.0280194 0.945737 2.91094
0.0280527 0.842434 2.89996
0.0280861 0.740873 2.88582
0.0281195 0.641133 2.86862
0.0281528 0.543293 2.84845
0.0281862 0.447426 2.82542
0.0282195 0.353601 2.79964
0.0282529 0.26188 2.77119
0.0282862 0.172325 2.7402
0.0283196 0.0849912 2.70676
0.0283529 -7.13249e-05 2.67099
0.0283863 -0.0828152 2.63298
0.0284197 -0.163198 2.59285
0.028453 -0.241181 2.5507
0.0284864 -0.31673 2.50664
0.0285197 -0.389816 2.46077
0.0285531 -0.460411 2.41321
0.0285864 -0.528494 2.36405
0.0286198 -0.594046 2.3134
0.0286532 -0.657053 2.26136
0.0286865 -0.717504 2.20805
0.0287199 -0.775393 2.15355
0.0287532 -0.830714 2.09798
0.0287866 -0.883469 2.04143
0.0288199 -0.933661 1.98399
0.0288533 -0.981296 1.92577
0.0288867 -1.02638 1.86687
0.02892 -1.06894 1.80737
0.0289534 -1.10898 1.74736
0.0289867 -1.14651 1.68694
0.0290201 -1.18157 1.6262
0.0290534 -1.21418 1.56522
0.0290868 -1.24436 1.50409
0.0291201 -1.27215 1.44289
0.0291535 -1.29757 1.38169
0.0291869 -1.32066 1.32058
0.0292202 -1.34145 1.25964
0.0292536 -1.35999 1.19893
0.0292869 -1.37631 1.13852
0.0293203 -1.39046 1.07849
0.0293536 -1.40248 1.0189
0.029387 -1.41242 0.959821
0.0294204 -1.42032 0.901305
0.0294537 -1.42623 0.843414
0.0294871 -1.4302 0.786205
0.0295204 -1.43228 0.729732
0.0295538 -1.43253 0.674047
0.0295871 -1.43099 0.619197
0.0296205 -1.42772 0.565229
0.0296538 -1.42278 0.512188
0.0296872 -1.41622 0.460115
0.0297206 -1.4081 0.409049
0.0297539 -1.39847 0.359025
0.0297873 -1.38739 0.310079
0.0298206 -1.37492 0.262241
0.029854 -1.36112 0.215541
0.0298873 -1.34604 0.170005
0.0299207 -1.32973 0.125659
0.0299541 -1.31227 0.0825237
0.0299874 -1.2937 0.0406196
0.0300208 -1.27408 -3.60239e-05
0.0300541 -1.25348 -0.0394276
0.0300875 -1.23194 -0.077542
0.0301208 -1.20952 -0.114368
0.0301542 -1.18628 -0.149897
0.0301876 -1.16228 -0.184121
0.0302209 -1.13757 -0.217036
0.0302543 -1.11219 -0.248638
0.0302876 -1.08622 -0.278927
0.030321 -1.05969 -0.307903
0.0303543 -1.03267 -0.335567
0.0303877 -1.0052 -0.361926
0.030421 -0.977326 -0.386983
0.0304544 -0.949106 -0.410747
0.0304878 -0.920584 -0.433226
0.0305211 -0.891808 -0.454431
0.0305545 -0.862824 -0.474374
0.0305878 -0.833677 -0.493068
0.0306212 -0.80441 -0.510526
0.0306545 -0.775065 -0.526766
0.0306879 -0.745684 -0.541804
0.0307213 -0.716307 -0.555658
0.0307546 -0.686973 -0.568347
0.030788 -0.657719 -0.579891
0.0308213 -0.628582 -0.590312
0.0308547 -0.599597 -0.599632
0.030888 -0.570797 -0.607872
0.0309214 -0.542214 -0.615058
0.0309547 -0.513881 -0.621212
0.0309881 -0.485826 -0.626361
0.0310215 -0.458079 -0.63053
0.0310548 -0.430665 -0.633744
0.0310882 -0.403612 -0.636032
0.0311215 -0.376943 -0.637419
0.0311549 -0.350682 -0.637933
0.0311882 -0.324851 -0.637602
0.0312216 -0.29947 -0.636454
0.031255 -0.274558 -0.634517
0.0312883 -0.250134 -0.631821
0.0313217 -0.226214 -0.628393
0.031355 -0.202815 -0.624262
0.0313884 -0.179949 -0.619458
0.0314217 -0.157631 -0.614009
0.0314551 -0.135873 -0.607944
0.0314885 -0.114684 -0.601291
0.0315218 -0.0940749 -0.59408
0.0315552 -0.074054 -0.586338
0.0315885 -0.0546287 -0.578094
0.0316219 -0.0358051 -0.569377
0.0316552 -0.0175887 -0.560213
0.0316886 1.64337e-05 -0.55063
0.0317219 0.017007 -0.540657
0.0317553 0.0333807 -0.530318
0.0317887 0.0491363 -0.519642
0.031822 0.0642733 -0.508653
0.0318554 0.0787923 -0.497378
0.0318887 0.0926945 -0.485842
0.0319221 0.105982 -0.47407
0.0319554 0.118658 -0.462085
0.0319888 0.130726 -0.449912
0.0320222 0.142191 -0.437574
0.0320555 0.153057 -0.425093
0.0320889 0.163331 -0.412491
0.0321222 0.173019 -0.39979
0.0321556 0.182128 -0.387012
0.0321889 0.190666 -0.374175
0.0322223 0.198641 -0.3613
0.0322556 0.206061 -0.348407
0.032289 0.212937 -0.335512
0.0323224 0.219277 -0.322635
0.0323557 0.225092 -0.309793
0.0323891 0.230393 -0.297002
0.0324224 0.235189 -0.284277
0.0324558 0.239493 -0.271635
0.0324891 0.243316 -0.259089
0.0325225 0.24667 -0.246655
0.0325559 0.249567 -0.234344
0.0325892 0.252019 -0.222171
0.0326226 0.254039 -0.210146
0.0326559 0.255639 -0.198281
0.0326893 0.256833 -0.186588
0.0327226 0.257633 -0.175076
0.032756 0.258053 -0.163754
0.0327894 0.258106 -0.152633
0.0328227 0.257805 -0.141719
0.0328561 0.257163 -0.131021
0.0328894 0.256194 -0.120546
0.0329228 0.25491 -0.1103
0.0329561 0.253327 -0.10029
0.0329895 0.251455 -0.0905206
0.0330228 0.24931 -0.0809971
0.0330562 0.246903 -0.0717237
0.0330896 0.244249 -0.0627043
0.0331229 0.241359 -0.0539423
0.0331563 0.238247 -0.0454404
0.0331896 0.234926 -0.037201
0.033223 0.231407 -0.0292261
0.0332563 0.227704 -0.0215171
0.0332897 0.223828 -0.014075
0.0333231 0.219791 -0.0069003
