3.33564e-13 , -5.51423e+22 , -2.57679e+21
3.33931e-09 , -5.51423e+22 , -2.57679e+21
6.67829e-09 , -5.51423e+22 , -2.57679e+21
1.00173e-08 , -5.51423e+22 , -2.57679e+21
1.33563e-08 , -5.51423e+22 , -2.57679e+21
1.66952e-08 , -5.51423e+22 , -2.57679e+21
2.00342e-08 , -5.51423e+22 , -2.57679e+21
2.33732e-08 , -5.51423e+22 , -2.57679e+21
2.67122e-08 , -5.51423e+22 , -2.57679e+21
3.00511e-08 , -5.51423e+22 , -2.57679e+21
3.33901e-08 , -5.51423e+22 , -2.57679e+21
3.67291e-08 , -5.51423e+22 , -2.57679e+21
4.00681e-08 , -5.51423e+22 , -2.57679e+21
4.34071e-08 , -5.51423e+22 , -2.57679e+21
4.6746e-08 , -5.51423e+22 , -2.57679e+21
5.0085e-08 , -5.51423e+22 , -2.57679e+21
5.3424e-08 , -5.51423e+22 , -2.57679e+21
5.6763e-08 , -5.51423e+22 , -2.57679e+21
6.0102e-08 , -5.51423e+22 , -2.57679e+21
6.34409e-08 , -5.51423e+22 , -2.57679e+21
6.67799e-08 , -5.51423e+22 , -2.57679e+21
7.01189e-08 , -5.51423e+22 , -2.57679e+21
7.34579e-08 , -5.51423e+22 , -2.57679e+21
7.67969e-08 , -5.51423e+22 , -2.57679e+21
8.01358e-08 , -5.51423e+22 , -2.57679e+21
8.34748e-08 , -5.51423e+22 , -2.57679e+21
8.68138e-08 , -5.51423e+22 , -2.57679e+21
9.01528e-08 , -5.51423e+22 , -2.57679e+21
9.34918e-08 , -5.51423e+22 , -2.57679e+21
9.68307e-08 , -5.51423e+22 , -2.57679e+21
1.0017e-07 , -5.51423e+22 , -2.57679e+21
1.03509e-07 , -5.51423e+22 , -2.57679e+21
1.06848e-07 , -5.51423e+22 , -2.57679e+21
1.10187e-07 , -5.51423e+22 , -2.57679e+21
1.13526e-07 , -5.51423e+22 , -2.57679e+21
1.16865e-07 , -5.51423e+22 , -2.57679e+21
1.20204e-07 , -5.51423e+22 , -2.57679e+21
1.23543e-07 , -5.51423e+22 , -2.57679e+21
1.26882e-07 , -5.51423e+22 , -2.57679e+21
1.30221e-07 , -5.51423e+22 , -2.57679e+21
1.3356e-07 , -5.51423e+22 , -2.57679e+21
1.36898e-07 , -5.51423e+22 , -2.57679e+21
1.40237e-07 , -5.51423e+22 , -2.57679e+21
1.43576e-07 , -5.51423e+22 , -2.57679e+21
1.46915e-07 , -5.51423e+22 , -2.57679e+21
1.50254e-07 , -5.51423e+22 , -2.57679e+21
1.53593e-07 , -5.51423e+22 , -2.57679e+21
1.56932e-07 , -5.51423e+22 , -2.57679e+21
1.60271e-07 , -5.51423e+22 , -2.57679e+21
1.6361e-07 , -5.51423e+22 , -2.57679e+21
1.66949e-07 , -5.51423e+22 , -2.57679e+21
1.70288e-07 , -5.51423e+22 , -2.57679e+21
1.73627e-07 , -5.51423e+22 , -2.57679e+21
1.76966e-07 , -5.51423e+22 , -2.57679e+21
1.80305e-07 , -5.51423e+22 , -2.57679e+21
1.83644e-07 , -5.51423e+22 , -2.57679e+21
1.86983e-07 , -5.51423e+22 , -2.57679e+21
1.90322e-07 , -5.51423e+22 , -2.57679e+21
1.93661e-07 , -5.51423e+22 , -2.57679e+21
1.97e-07 , -5.51423e+22 , -2.57679e+21
2.00339e-07 , -5.51423e+22 , -2.57679e+21
2.03678e-07 , -5.51423e+22 , -2.57679e+21
2.07017e-07 , -5.51423e+22 , -2.57679e+21
2.10356e-07 , -5.51423e+22 , -2.57679e+21
2.13695e-07 , -5.51423e+22 , -2.57679e+21
2.17034e-07 , -5.51423e+22 , -2.57679e+21
2.20373e-07 , -5.51423e+22 , -2.57679e+21
2.23712e-07 , -5.51423e+22 , -2.57679e+21
2.27051e-07 , -5.51423e+22 , -2.57679e+21
2.3039e-07 , -5.51423e+22 , -2.57679e+21
2.33729e-07 , -5.51423e+22 , -2.57679e+21
2.37068e-07 , -5.51423e+22 , -2.57679e+21
2.40407e-07 , -5.51423e+22 , -2.57679e+21
2.43746e-07 , -5.51423e+22 , -2.57679e+21
2.47085e-07 , -5.51423e+22 , -2.57679e+21
2.50424e-07 , -5.51423e+22 , -2.57679e+21
2.53763e-07 , -5.51423e+22 , -2.57679e+21
2.57102e-07 , -5.51423e+22 , -2.57679e+21
2.60441e-07 , -5.51423e+22 , -2.57679e+21
2.6378e-07 , -5.51423e+22 , -2.57679e+21
2.67119e-07 , -5.51423e+22 , -2.57679e+21
2.70458e-07 , -5.51423e+22 , -2.57679e+21
2.73797e-07 , -5.51423e+22 , -2.57679e+21
2.77136e-07 , -5.51423e+22 , -2.57679e+21
2.80475e-07 , -5.51423e+22 , -2.57679e+21
2.83814e-07 , -5.51423e+22 , -2.57679e+21
2.87153e-07 , -5.51423e+22 , -2.57679e+21
2.90492e-07 , -5.51423e+22 , -2.57679e+21
2.93831e-07 , -5.51423e+22 , -2.57679e+21
2.9717e-07 , -5.51423e+22 , -2.57679e+21
3.00508e-07 , -5.51423e+22 , -2.57679e+21
3.03847e-07 , -5.51423e+22 , -2.57679e+21
3.07186e-07 , -5.51423e+22 , -2.57679e+21
3.10525e-07 , -5.51423e+22 , -2.57679e+21
3.13864e-07 , -5.51423e+22 , -2.57679e+21
3.17203e-07 , -5.51423e+22 , -2.57679e+21
3.20542e-07 , -5.51423e+22 , -2.57679e+21
3.23881e-07 , -5.51423e+22 , -2.57679e+21
3.2722e-07 , -5.51423e+22 , -2.57679e+21
3.30559e-07 , -5.51423e+22 , -2.57679e+21
3.33898e-07 , -5.51423e+22 , -2.57679e+21
3.37237e-07 , -5.51423e+22 , -2.57679e+21
3.40576e-07 , -5.51423e+22 , -2.57679e+21
3.43915e-07 , -5.51423e+22 , -2.57679e+21
3.47254e-07 , -5.51423e+22 , -2.57679e+21
3.50593e-07 , -5.51423e+22 , -2.57679e+21
3.53932e-07 , -5.51423e+22 , -2.57679e+21
3.57271e-07 , -5.51423e+22 , -2.57679e+21
3.6061e-07 , -5.51423e+22 , -2.57679e+21
3.63949e-07 , -5.51423e+22 , -2.57679e+21
3.67288e-07 , -5.51423e+22 , -2.57679e+21
3.70627e-07 , -5.51423e+22 , -2.57679e+21
3.73966e-07 , -5.51423e+22 , -2.57679e+21
3.77305e-07 , -5.51423e+22 , -2.57679e+21
3.80644e-07 , -5.51423e+22 , -2.57679e+21
3.83983e-07 , -5.51423e+22 , -2.57679e+21
3.87322e-07 , -5.51423e+22 , -2.57679e+21
3.90661e-07 , -5.51423e+22 , -2.57679e+21
3.94e-07 , -5.51423e+22 , -2.57679e+21
3.97339e-07 , -5.51423e+22 , -2.57679e+21
4.00678e-07 , -5.51423e+22 , -2.57679e+21
4.04017e-07 , -5.51423e+22 , -2.57679e+21
4.07356e-07 , -5.51423e+22 , -2.57679e+21
4.10695e-07 , -5.51423e+22 , -2.57679e+21
4.14034e-07 , -5.51423e+22 , -2.57679e+21
4.17373e-07 , -5.51423e+22 , -2.57679e+21
4.20712e-07 , -5.51423e+22 , -2.57679e+21
4.24051e-07 , -5.51423e+22 , -2.57679e+21
4.2739e-07 , -5.51423e+22 , -2.57679e+21
4.30729e-07 , -5.51423e+22 , -2.57679e+21
4.34068e-07 , -5.51423e+22 , -2.57679e+21
4.37407e-07 , -5.51423e+22 , -2.57679e+21
4.40746e-07 , -5.51423e+22 , -2.57679e+21
4.44085e-07 , -5.51423e+22 , -2.57679e+21
4.47424e-07 , -5.51423e+22 , -2.57679e+21
4.50763e-07 , -5.51423e+22 , -2.57679e+21
4.54102e-07 , -5.51423e+22 , -2.57679e+21
4.57441e-07 , -5.51423e+22 , -2.57679e+21
4.6078e-07 , -5.51423e+22 , -2.57679e+21
4.64118e-07 , -5.51423e+22 , -2.57679e+21
4.67457e-07 , -5.51423e+22 , -2.57679e+21
4.70796e-07 , -5.51423e+22 , -2.57679e+21
4.74135e-07 , -5.51423e+22 , -2.57679e+21
4.77474e-07 , -5.51423e+22 , -2.57679e+21
4.80813e-07 , -5.51423e+22 , -2.57679e+21
4.84152e-07 , -5.51423e+22 , -2.57679e+21
4.87491e-07 , -5.51423e+22 , -2.57679e+21
4.9083e-07 , -5.51423e+22 , -2.57679e+21
4.94169e-07 , -5.51423e+22 , -2.57679e+21
4.97508e-07 , -5.51423e+22 , -2.57679e+21
5.00847e-07 , -5.51423e+22 , -2.57679e+21
5.04186e-07 , -5.51423e+22 , -2.57679e+21
5.07525e-07 , -5.51423e+22 , -2.57679e+21
5.10864e-07 , -5.51423e+22 , -2.57679e+21
5.14203e-07 , -5.51423e+22 , -2.57679e+21
5.17542e-07 , -5.51423e+22 , -2.57679e+21
5.20881e-07 , -5.51423e+22 , -2.57679e+21
5.2422e-07 , -5.51423e+22 , -2.57679e+21
5.27559e-07 , -5.51423e+22 , -2.57679e+21
5.30898e-07 , -5.51423e+22 , -2.57679e+21
5.34237e-07 , -5.51423e+22 , -2.57679e+21
5.37576e-07 , -5.51423e+22 , -2.57679e+21
5.40915e-07 , -5.51423e+22 , -2.57679e+21
5.44254e-07 , -5.51423e+22 , -2.57679e+21
5.47593e-07 , -5.51423e+22 , -2.57679e+21
5.50932e-07 , -5.51423e+22 , -2.57679e+21
5.54271e-07 , -5.51423e+22 , -2.57679e+21
5.5761e-07 , -5.51423e+22 , -2.57679e+21
5.60949e-07 , -5.51423e+22 , -2.57679e+21
5.64288e-07 , -5.51423e+22 , -2.57679e+21
5.67627e-07 , -5.51423e+22 , -2.57679e+21
5.70966e-07 , -5.51423e+22 , -2.57679e+21
5.74305e-07 , -5.51423e+22 , -2.57679e+21
5.77644e-07 , -5.51423e+22 , -2.57679e+21
5.80983e-07 , -5.51423e+22 , -2.57679e+21
5.84322e-07 , -5.51423e+22 , -2.57679e+21
5.87661e-07 , -5.51423e+22 , -2.57679e+21
5.91e-07 , -5.51423e+22 , -2.57679e+21
5.94339e-07 , -5.51423e+22 , -2.57679e+21
5.97678e-07 , -5.51423e+22 , -2.57679e+21
6.01017e-07 , -5.51423e+22 , -2.57679e+21
6.04356e-07 , -5.51423e+22 , -2.57679e+21
6.07695e-07 , -5.51423e+22 , -2.57679e+21
6.11034e-07 , -5.51423e+22 , -2.57679e+21
6.14373e-07 , -5.51423e+22 , -2.57679e+21
6.17712e-07 , -5.51423e+22 , -2.57679e+21
6.21051e-07 , -5.51423e+22 , -2.57679e+21
6.2439e-07 , -5.51423e+22 , -2.57679e+21
6.27728e-07 , -5.51423e+22 , -2.57679e+21
6.31067e-07 , -5.51423e+22 , -2.57679e+21
6.34406e-07 , -5.51423e+22 , -2.57679e+21
6.37745e-07 , -5.51423e+22 , -2.57679e+21
6.41084e-07 , -5.51423e+22 , -2.57679e+21
6.44423e-07 , -5.51423e+22 , -2.57679e+21
6.47762e-07 , -5.51423e+22 , -2.57679e+21
6.51101e-07 , -5.51423e+22 , -2.57679e+21
6.5444e-07 , -5.51423e+22 , -2.57679e+21
6.57779e-07 , -5.51423e+22 , -2.57679e+21
6.61118e-07 , -5.51423e+22 , -2.57679e+21
6.64457e-07 , -5.51423e+22 , -2.57679e+21
6.67796e-07 , -5.51423e+22 , -2.57679e+21
6.71135e-07 , -5.51423e+22 , -2.57679e+21
6.74474e-07 , -5.51423e+22 , -2.57679e+21
6.77813e-07 , -5.51423e+22 , -2.57679e+21
6.81152e-07 , -5.51423e+22 , -2.57679e+21
6.84491e-07 , -5.51423e+22 , -2.57679e+21
6.8783e-07 , -5.51423e+22 , -2.57679e+21
6.91169e-07 , -5.51423e+22 , -2.57679e+21
6.94508e-07 , -5.51423e+22 , -2.57679e+21
6.97847e-07 , -5.51423e+22 , -2.57679e+21
7.01186e-07 , -5.51423e+22 , -2.57679e+21
7.04525e-07 , -5.51423e+22 , -2.57679e+21
7.07864e-07 , -5.51423e+22 , -2.57679e+21
7.11203e-07 , -5.51423e+22 , -2.57679e+21
7.14542e-07 , -5.51423e+22 , -2.57679e+21
7.17881e-07 , -5.51423e+22 , -2.57679e+21
7.2122e-07 , -5.51423e+22 , -2.57679e+21
7.24559e-07 , -5.51423e+22 , -2.57679e+21
7.27898e-07 , -5.51423e+22 , -2.57679e+21
7.31237e-07 , -5.51423e+22 , -2.57679e+21
7.34576e-07 , -5.51423e+22 , -2.57679e+21
7.37915e-07 , -5.51423e+22 , -2.57679e+21
7.41254e-07 , -5.51423e+22 , -2.57679e+21
7.44593e-07 , -5.51423e+22 , -2.57679e+21
7.47932e-07 , -5.51423e+22 , -2.57679e+21
7.51271e-07 , -5.51423e+22 , -2.57679e+21
7.5461e-07 , -5.51423e+22 , -2.57679e+21
7.57949e-07 , -5.51423e+22 , -2.57679e+21
7.61288e-07 , -5.51423e+22 , -2.57679e+21
7.64627e-07 , -5.51423e+22 , -2.57679e+21
7.67966e-07 , -5.51423e+22 , -2.57679e+21
7.71305e-07 , -5.51423e+22 , -2.57679e+21
7.74644e-07 , -5.51423e+22 , -2.57679e+21
7.77983e-07 , -5.51423e+22 , -2.57679e+21
7.81322e-07 , -5.51423e+22 , -2.57679e+21
7.84661e-07 , -5.51423e+22 , -2.57679e+21
7.88e-07 , -5.51423e+22 , -2.57679e+21
7.91338e-07 , -5.51423e+22 , -2.57679e+21
7.94677e-07 , -5.51423e+22 , -2.57679e+21
7.98016e-07 , -5.51423e+22 , -2.57679e+21
8.01355e-07 , -5.51423e+22 , -2.57679e+21
8.04694e-07 , -5.51423e+22 , -2.57679e+21
8.08033e-07 , -5.51423e+22 , -2.57679e+21
8.11372e-07 , -5.51423e+22 , -2.57679e+21
8.14711e-07 , -5.51423e+22 , -2.57679e+21
8.1805e-07 , -5.51423e+22 , -2.57679e+21
8.21389e-07 , -5.51423e+22 , -2.57679e+21
8.24728e-07 , -5.51423e+22 , -2.57679e+21
8.28067e-07 , -5.51423e+22 , -2.57679e+21
8.31406e-07 , -5.51423e+22 , -2.57679e+21
8.34745e-07 , -5.51423e+22 , -2.57679e+21
8.38084e-07 , -5.51423e+22 , -2.57679e+21
8.41423e-07 , -5.51423e+22 , -2.57679e+21
8.44762e-07 , -5.51423e+22 , -2.57679e+21
8.48101e-07 , -5.51423e+22 , -2.57679e+21
8.5144e-07 , -5.51423e+22 , -2.57679e+21
8.54779e-07 , -5.51423e+22 , -2.57679e+21
8.58118e-07 , -5.51423e+22 , -2.57679e+21
8.61457e-07 , -5.51423e+22 , -2.57679e+21
8.64796e-07 , -5.51423e+22 , -2.57679e+21
8.68135e-07 , -5.51423e+22 , -2.57679e+21
8.71474e-07 , -5.51423e+22 , -2.57679e+21
8.74813e-07 , -5.51423e+22 , -2.57679e+21
8.78152e-07 , -5.51423e+22 , -2.57679e+21
8.81491e-07 , -5.51423e+22 , -2.57679e+21
8.8483e-07 , -5.51423e+22 , -2.57679e+21
8.88169e-07 , -5.51423e+22 , -2.57679e+21
8.91508e-07 , -5.51423e+22 , -2.57679e+21
8.94847e-07 , -5.51423e+22 , -2.57679e+21
8.98186e-07 , -5.51423e+22 , -2.57679e+21
9.01525e-07 , -5.51423e+22 , -2.57679e+21
9.04864e-07 , -5.51423e+22 , -2.57679e+21
9.08203e-07 , -5.51423e+22 , -2.57679e+21
9.11542e-07 , -5.51423e+22 , -2.57679e+21
9.14881e-07 , -5.51423e+22 , -2.57679e+21
9.1822e-07 , -5.51423e+22 , -2.57679e+21
9.21559e-07 , -5.51423e+22 , -2.57679e+21
9.24898e-07 , -5.51423e+22 , -2.57679e+21
9.28237e-07 , -5.51423e+22 , -2.57679e+21
9.31576e-07 , -5.51423e+22 , -2.57679e+21
9.34915e-07 , -5.51423e+22 , -2.57679e+21
9.38254e-07 , -5.51423e+22 , -2.57679e+21
9.41593e-07 , -5.51423e+22 , -2.57679e+21
9.44932e-07 , -5.51423e+22 , -2.57679e+21
9.48271e-07 , -5.51423e+22 , -2.57679e+21
9.5161e-07 , -5.51423e+22 , -2.57679e+21
9.54948e-07 , -5.51423e+22 , -2.57679e+21
9.58287e-07 , -5.51423e+22 , -2.57679e+21
9.61626e-07 , -5.51423e+22 , -2.57679e+21
9.64965e-07 , -5.51423e+22 , -2.57679e+21
9.68304e-07 , -5.51423e+22 , -2.57679e+21
9.71643e-07 , -5.51423e+22 , -2.57679e+21
9.74982e-07 , -5.51423e+22 , -2.57679e+21
9.78321e-07 , -5.51423e+22 , -2.57679e+21
9.8166e-07 , -5.51423e+22 , -2.57679e+21
9.84999e-07 , -5.51423e+22 , -2.57679e+21
9.88338e-07 , -5.51423e+22 , -2.57679e+21
9.91677e-07 , -5.51423e+22 , -2.57679e+21
9.95016e-07 , -5.51423e+22 , -2.57679e+21
9.98355e-07 , -5.51423e+22 , -2.57679e+21
1.00169e-06 , -5.51423e+22 , -2.57679e+21
1.00503e-06 , -5.51423e+22 , -2.57679e+21
1.00837e-06 , -5.51423e+22 , -2.57679e+21
1.01171e-06 , -5.51423e+22 , -2.57679e+21
1.01505e-06 , -5.51423e+22 , -2.57679e+21
1.01839e-06 , -5.51423e+22 , -2.57679e+21
1.02173e-06 , -5.51423e+22 , -2.57679e+21
1.02507e-06 , -5.51423e+22 , -2.57679e+21
1.02841e-06 , -5.51423e+22 , -2.57679e+21
1.03175e-06 , -5.51423e+22 , -2.57679e+21
1.03508e-06 , -5.51423e+22 , -2.57679e+21
1.03842e-06 , -5.51423e+22 , -2.57679e+21
1.04176e-06 , -5.51423e+22 , -2.57679e+21
1.0451e-06 , -5.51423e+22 , -2.57679e+21
1.04844e-06 , -5.51423e+22 , -2.57679e+21
1.05178e-06 , -5.51423e+22 , -2.57679e+21
1.05512e-06 , -5.51423e+22 , -2.57679e+21
1.05846e-06 , -5.51423e+22 , -2.57679e+21
1.0618e-06 , -5.51423e+22 , -2.57679e+21
1.06513e-06 , -5.51423e+22 , -2.57679e+21
1.06847e-06 , -5.51423e+22 , -2.57679e+21
1.07181e-06 , -5.51423e+22 , -2.57679e+21
1.07515e-06 , -5.51423e+22 , -2.57679e+21
1.07849e-06 , -5.51423e+22 , -2.57679e+21
1.08183e-06 , -5.51423e+22 , -2.57679e+21
1.08517e-06 , -5.51423e+22 , -2.57679e+21
1.08851e-06 , -5.51423e+22 , -2.57679e+21
1.09185e-06 , -5.51423e+22 , -2.57679e+21
1.09519e-06 , -5.51423e+22 , -2.57679e+21
1.09852e-06 , -5.51423e+22 , -2.57679e+21
1.10186e-06 , -5.51423e+22 , -2.57679e+21
1.1052e-06 , -5.51423e+22 , -2.57679e+21
1.10854e-06 , -5.51423e+22 , -2.57679e+21
1.11188e-06 , -5.51423e+22 , -2.57679e+21
1.11522e-06 , -5.51423e+22 , -2.57679e+21
1.11856e-06 , -5.51423e+22 , -2.57679e+21
1.1219e-06 , -5.51423e+22 , -2.57679e+21
1.12524e-06 , -5.51423e+22 , -2.57679e+21
1.12858e-06 , -5.51423e+22 , -2.57679e+21
1.13191e-06 , -5.51423e+22 , -2.57679e+21
1.13525e-06 , -5.51423e+22 , -2.57679e+21
1.13859e-06 , -5.51423e+22 , -2.57679e+21
1.14193e-06 , -5.51423e+22 , -2.57679e+21
1.14527e-06 , -5.51423e+22 , -2.57679e+21
1.14861e-06 , -5.51423e+22 , -2.57679e+21
1.15195e-06 , -5.51423e+22 , -2.57679e+21
1.15529e-06 , -5.51423e+22 , -2.57679e+21
1.15863e-06 , -5.51423e+22 , -2.57679e+21
1.16197e-06 , -5.51423e+22 , -2.57679e+21
1.1653e-06 , -5.51423e+22 , -2.57679e+21
1.16864e-06 , -5.51423e+22 , -2.57679e+21
1.17198e-06 , -5.51423e+22 , -2.57679e+21
1.17532e-06 , -5.51423e+22 , -2.57679e+21
1.17866e-06 , -5.51423e+22 , -2.57679e+21
1.182e-06 , -5.51423e+22 , -2.57679e+21
1.18534e-06 , -5.51423e+22 , -2.57679e+21
1.18868e-06 , -5.51423e+22 , -2.57679e+21
1.19202e-06 , -5.51423e+22 , -2.57679e+21
1.19536e-06 , -5.51423e+22 , -2.57679e+21
1.19869e-06 , -5.51423e+22 , -2.57679e+21
1.20203e-06 , -5.51423e+22 , -2.57679e+21
1.20537e-06 , -5.51423e+22 , -2.57679e+21
1.20871e-06 , -5.51423e+22 , -2.57679e+21
1.21205e-06 , -5.51423e+22 , -2.57679e+21
1.21539e-06 , -5.51423e+22 , -2.57679e+21
1.21873e-06 , -5.51423e+22 , -2.57679e+21
1.22207e-06 , -5.51423e+22 , -2.57679e+21
1.22541e-06 , -5.51423e+22 , -2.57679e+21
1.22874e-06 , -5.51423e+22 , -2.57679e+21
1.23208e-06 , -5.51423e+22 , -2.57679e+21
1.23542e-06 , -5.51423e+22 , -2.57679e+21
1.23876e-06 , -5.51423e+22 , -2.57679e+21
1.2421e-06 , -5.51423e+22 , -2.57679e+21
1.24544e-06 , -5.51423e+22 , -2.57679e+21
1.24878e-06 , -5.51423e+22 , -2.57679e+21
1.25212e-06 , -5.51423e+22 , -2.57679e+21
1.25546e-06 , -5.51423e+22 , -2.57679e+21
1.2588e-06 , -5.51423e+22 , -2.57679e+21
1.26213e-06 , -5.51423e+22 , -2.57679e+21
1.26547e-06 , -5.51423e+22 , -2.57679e+21
1.26881e-06 , -5.51423e+22 , -2.57679e+21
1.27215e-06 , -5.51423e+22 , -2.57679e+21
1.27549e-06 , -5.51423e+22 , -2.57679e+21
1.27883e-06 , -5.51423e+22 , -2.57679e+21
1.28217e-06 , -5.51423e+22 , -2.57679e+21
1.28551e-06 , -5.51423e+22 , -2.57679e+21
1.28885e-06 , -5.51423e+22 , -2.57679e+21
1.29219e-06 , -5.51423e+22 , -2.57679e+21
1.29552e-06 , -5.51423e+22 , -2.57679e+21
1.29886e-06 , -5.51423e+22 , -2.57679e+21
1.3022e-06 , -5.51423e+22 , -2.57679e+21
1.30554e-06 , -5.51423e+22 , -2.57679e+21
1.30888e-06 , -5.51423e+22 , -2.57679e+21
1.31222e-06 , -5.51423e+22 , -2.57679e+21
1.31556e-06 , -5.51423e+22 , -2.57679e+21
1.3189e-06 , -5.51423e+22 , -2.57679e+21
1.32224e-06 , -5.51423e+22 , -2.57679e+21
1.32558e-06 , -5.51423e+22 , -2.57679e+21
1.32891e-06 , -5.51423e+22 , -2.57679e+21
1.33225e-06 , -5.51423e+22 , -2.57679e+21
1.33559e-06 , -5.51423e+22 , -2.57679e+21
1.33893e-06 , -5.51423e+22 , -2.57679e+21
1.34227e-06 , -5.51423e+22 , -2.57679e+21
1.34561e-06 , -5.51423e+22 , -2.57679e+21
1.34895e-06 , -5.51423e+22 , -2.57679e+21
1.35229e-06 , -5.51423e+22 , -2.57679e+21
1.35563e-06 , -5.51423e+22 , -2.57679e+21
1.35897e-06 , -5.51423e+22 , -2.57679e+21
1.3623e-06 , -5.51423e+22 , -2.57679e+21
1.36564e-06 , -5.51423e+22 , -2.57679e+21
1.36898e-06 , -5.51423e+22 , -2.57679e+21
1.37232e-06 , -5.51423e+22 , -2.57679e+21
1.37566e-06 , -5.51423e+22 , -2.57679e+21
1.379e-06 , -5.51423e+22 , -2.57679e+21
1.38234e-06 , -5.51423e+22 , -2.57679e+21
1.38568e-06 , -5.51423e+22 , -2.57679e+21
1.38902e-06 , -5.51423e+22 , -2.57679e+21
1.39235e-06 , -5.51423e+22 , -2.57679e+21
1.39569e-06 , -5.51423e+22 , -2.57679e+21
1.39903e-06 , -5.51423e+22 , -2.57679e+21
1.40237e-06 , -5.51423e+22 , -2.57679e+21
1.40571e-06 , -5.51423e+22 , -2.57679e+21
1.40905e-06 , -5.51423e+22 , -2.57679e+21
1.41239e-06 , -5.51423e+22 , -2.57679e+21
1.41573e-06 , -5.51423e+22 , -2.57679e+21
1.41907e-06 , -5.51423e+22 , -2.57679e+21
1.42241e-06 , -5.51423e+22 , -2.57679e+21
1.42574e-06 , -5.51423e+22 , -2.57679e+21
1.42908e-06 , -5.51423e+22 , -2.57679e+21
1.43242e-06 , -5.51423e+22 , -2.57679e+21
1.43576e-06 , -5.51423e+22 , -2.57679e+21
1.4391e-06 , -5.51423e+22 , -2.57679e+21
1.44244e-06 , -5.51423e+22 , -2.57679e+21
1.44578e-06 , -5.51423e+22 , -2.57679e+21
1.44912e-06 , -5.51423e+22 , -2.57679e+21
1.45246e-06 , -5.51423e+22 , -2.57679e+21
1.4558e-06 , -5.51423e+22 , -2.57679e+21
1.45913e-06 , -5.51423e+22 , -2.57679e+21
1.46247e-06 , -5.51423e+22 , -2.57679e+21
1.46581e-06 , -5.51423e+22 , -2.57679e+21
1.46915e-06 , -5.51423e+22 , -2.57679e+21
1.47249e-06 , -5.51423e+22 , -2.57679e+21
1.47583e-06 , -5.51423e+22 , -2.57679e+21
1.47917e-06 , -5.51423e+22 , -2.57679e+21
1.48251e-06 , -5.51423e+22 , -2.57679e+21
1.48585e-06 , -5.51423e+22 , -2.57679e+21
1.48919e-06 , -5.51423e+22 , -2.57679e+21
1.49252e-06 , -5.51423e+22 , -2.57679e+21
1.49586e-06 , -5.51423e+22 , -2.57679e+21
1.4992e-06 , -5.51423e+22 , -2.57679e+21
1.50254e-06 , -5.51423e+22 , -2.57679e+21
1.50588e-06 , -5.51423e+22 , -2.57679e+21
1.50922e-06 , -5.51423e+22 , -2.57679e+21
1.51256e-06 , -5.51423e+22 , -2.57679e+21
1.5159e-06 , -5.51423e+22 , -2.57679e+21
1.51924e-06 , -5.51423e+22 , -2.57679e+21
1.52258e-06 , -5.51423e+22 , -2.57679e+21
1.52591e-06 , -5.51423e+22 , -2.57679e+21
1.52925e-06 , -5.51423e+22 , -2.57679e+21
1.53259e-06 , -5.51423e+22 , -2.57679e+21
1.53593e-06 , -5.51423e+22 , -2.57679e+21
1.53927e-06 , -5.51423e+22 , -2.57679e+21
1.54261e-06 , -5.51423e+22 , -2.57679e+21
1.54595e-06 , -5.51423e+22 , -2.57679e+21
1.54929e-06 , -5.51423e+22 , -2.57679e+21
1.55263e-06 , -5.51423e+22 , -2.57679e+21
1.55596e-06 , -5.51423e+22 , -2.57679e+21
1.5593e-06 , -5.51423e+22 , -2.57679e+21
1.56264e-06 , -5.51423e+22 , -2.57679e+21
1.56598e-06 , -5.51423e+22 , -2.57679e+21
1.56932e-06 , -5.51423e+22 , -2.57679e+21
1.57266e-06 , -5.51423e+22 , -2.57679e+21
1.576e-06 , -5.51423e+22 , -2.57679e+21
1.57934e-06 , -5.51423e+22 , -2.57679e+21
1.58268e-06 , -5.51423e+22 , -2.57679e+21
1.58602e-06 , -5.51423e+22 , -2.57679e+21
1.58935e-06 , -5.51423e+22 , -2.57679e+21
1.59269e-06 , -5.51423e+22 , -2.57679e+21
1.59603e-06 , -5.51423e+22 , -2.57679e+21
1.59937e-06 , -5.51423e+22 , -2.57679e+21
1.60271e-06 , -5.51423e+22 , -2.57679e+21
1.60605e-06 , -5.51423e+22 , -2.57679e+21
1.60939e-06 , -5.51423e+22 , -2.57679e+21
1.61273e-06 , -5.51423e+22 , -2.57679e+21
1.61607e-06 , -5.51423e+22 , -2.57679e+21
1.61941e-06 , -5.51423e+22 , -2.57679e+21
1.62274e-06 , -5.51423e+22 , -2.57679e+21
1.62608e-06 , -5.51423e+22 , -2.57679e+21
1.62942e-06 , -5.51423e+22 , -2.57679e+21
1.63276e-06 , -5.51423e+22 , -2.57679e+21
1.6361e-06 , -5.51423e+22 , -2.57679e+21
1.63944e-06 , -5.51423e+22 , -2.57679e+21
1.64278e-06 , -5.51423e+22 , -2.57679e+21
1.64612e-06 , -5.51423e+22 , -2.57679e+21
1.64946e-06 , -5.51423e+22 , -2.57679e+21
1.6528e-06 , -5.51423e+22 , -2.57679e+21
1.65613e-06 , -5.51423e+22 , -2.57679e+21
1.65947e-06 , -5.51423e+22 , -2.57679e+21
1.66281e-06 , -5.51423e+22 , -2.57679e+21
1.66615e-06 , -5.51423e+22 , -2.57679e+21
1.66949e-06 , -5.51423e+22 , -2.57679e+21
1.67283e-06 , -5.51423e+22 , -2.57679e+21
1.67617e-06 , -5.51423e+22 , -2.57679e+21
1.67951e-06 , -5.51423e+22 , -2.57679e+21
1.68285e-06 , -5.51423e+22 , -2.57679e+21
1.68619e-06 , -5.51423e+22 , -2.57679e+21
1.68952e-06 , -5.51423e+22 , -2.57679e+21
1.69286e-06 , -5.51423e+22 , -2.57679e+21
1.6962e-06 , -5.51423e+22 , -2.57679e+21
1.69954e-06 , -5.51423e+22 , -2.57679e+21
1.70288e-06 , -5.51423e+22 , -2.57679e+21
1.70622e-06 , -5.51423e+22 , -2.57679e+21
1.70956e-06 , -5.51423e+22 , -2.57679e+21
1.7129e-06 , -5.51423e+22 , -2.57679e+21
1.71624e-06 , -5.51423e+22 , -2.57679e+21
1.71957e-06 , -5.51423e+22 , -2.57679e+21
1.72291e-06 , -5.51423e+22 , -2.57679e+21
1.72625e-06 , -5.51423e+22 , -2.57679e+21
1.72959e-06 , -5.51423e+22 , -2.57679e+21
1.73293e-06 , -5.51423e+22 , -2.57679e+21
1.73627e-06 , -5.51423e+22 , -2.57679e+21
1.73961e-06 , -5.51423e+22 , -2.57679e+21
1.74295e-06 , -5.51423e+22 , -2.57679e+21
1.74629e-06 , -5.51423e+22 , -2.57679e+21
1.74963e-06 , -5.51423e+22 , -2.57679e+21
1.75296e-06 , -5.51423e+22 , -2.57679e+21
1.7563e-06 , -5.51423e+22 , -2.57679e+21
1.75964e-06 , -5.51423e+22 , -2.57679e+21
1.76298e-06 , -5.51423e+22 , -2.57679e+21
1.76632e-06 , -5.51423e+22 , -2.57679e+21
1.76966e-06 , -5.51423e+22 , -2.57679e+21
1.773e-06 , -5.51423e+22 , -2.57679e+21
1.77634e-06 , -5.51423e+22 , -2.57679e+21
1.77968e-06 , -5.51423e+22 , -2.57679e+21
1.78302e-06 , -5.51423e+22 , -2.57679e+21
1.78635e-06 , -5.51423e+22 , -2.57679e+21
1.78969e-06 , -5.51423e+22 , -2.57679e+21
1.79303e-06 , -5.51423e+22 , -2.57679e+21
1.79637e-06 , -5.51423e+22 , -2.57679e+21
1.79971e-06 , -5.51423e+22 , -2.57679e+21
1.80305e-06 , -5.51423e+22 , -2.57679e+21
1.80639e-06 , -5.51423e+22 , -2.57679e+21
1.80973e-06 , -5.51423e+22 , -2.57679e+21
1.81307e-06 , -5.51423e+22 , -2.57679e+21
1.81641e-06 , -5.51423e+22 , -2.57679e+21
1.81974e-06 , -5.51423e+22 , -2.57679e+21
1.82308e-06 , -5.51423e+22 , -2.57679e+21
1.82642e-06 , -5.51423e+22 , -2.57679e+21
1.82976e-06 , -5.51423e+22 , -2.57679e+21
1.8331e-06 , -5.51423e+22 , -2.57679e+21
1.83644e-06 , -5.51423e+22 , -2.57679e+21
1.83978e-06 , -5.51423e+22 , -2.57679e+21
1.84312e-06 , -5.51423e+22 , -2.57679e+21
1.84646e-06 , -5.51423e+22 , -2.57679e+21
1.8498e-06 , -5.51423e+22 , -2.57679e+21
1.85313e-06 , -5.51423e+22 , -2.57679e+21
1.85647e-06 , -5.51423e+22 , -2.57679e+21
1.85981e-06 , -5.51423e+22 , -2.57679e+21
1.86315e-06 , -5.51423e+22 , -2.57679e+21
1.86649e-06 , -5.51423e+22 , -2.57679e+21
1.86983e-06 , -5.51423e+22 , -2.57679e+21
1.87317e-06 , -5.51423e+22 , -2.57679e+21
1.87651e-06 , -5.51423e+22 , -2.57679e+21
1.87985e-06 , -5.51423e+22 , -2.57679e+21
1.88318e-06 , -5.51423e+22 , -2.57679e+21
1.88652e-06 , -5.51423e+22 , -2.57679e+21
1.88986e-06 , -5.51423e+22 , -2.57679e+21
1.8932e-06 , -5.51423e+22 , -2.57679e+21
1.89654e-06 , -5.51423e+22 , -2.57679e+21
1.89988e-06 , -5.51423e+22 , -2.57679e+21
1.90322e-06 , -5.51423e+22 , -2.57679e+21
1.90656e-06 , -5.51423e+22 , -2.57679e+21
1.9099e-06 , -5.51423e+22 , -2.57679e+21
1.91324e-06 , -5.51423e+22 , -2.57679e+21
1.91657e-06 , -5.51423e+22 , -2.57679e+21
1.91991e-06 , -5.51423e+22 , -2.57679e+21
1.92325e-06 , -5.51423e+22 , -2.57679e+21
1.92659e-06 , -5.51423e+22 , -2.57679e+21
1.92993e-06 , -5.51423e+22 , -2.57679e+21
1.93327e-06 , -5.51423e+22 , -2.57679e+21
1.93661e-06 , -5.51423e+22 , -2.57679e+21
1.93995e-06 , -5.51423e+22 , -2.57679e+21
1.94329e-06 , -5.51423e+22 , -2.57679e+21
1.94663e-06 , -5.51423e+22 , -2.57679e+21
1.94996e-06 , -5.51423e+22 , -2.57679e+21
1.9533e-06 , -5.51423e+22 , -2.57679e+21
1.95664e-06 , -5.51423e+22 , -2.57679e+21
1.95998e-06 , -5.51423e+22 , -2.57679e+21
1.96332e-06 , -5.51423e+22 , -2.57679e+21
1.96666e-06 , -5.51423e+22 , -2.57679e+21
1.97e-06 , -5.51423e+22 , -2.57679e+21
1.97334e-06 , -5.51423e+22 , -2.57679e+21
1.97668e-06 , -5.51423e+22 , -2.57679e+21
1.98002e-06 , -5.51423e+22 , -2.57679e+21
1.98335e-06 , -5.51423e+22 , -2.57679e+21
1.98669e-06 , -5.51423e+22 , -2.57679e+21
1.99003e-06 , -5.51423e+22 , -2.57679e+21
1.99337e-06 , -5.51423e+22 , -2.57679e+21
1.99671e-06 , -5.51423e+22 , -2.57679e+21
2.00005e-06 , -5.51423e+22 , -2.57679e+21
2.00339e-06 , -5.51423e+22 , -2.57679e+21
2.00673e-06 , -5.51423e+22 , -2.57679e+21
2.01007e-06 , -5.51423e+22 , -2.57679e+21
2.01341e-06 , -5.51423e+22 , -2.57679e+21
2.01674e-06 , -5.51423e+22 , -2.57679e+21
2.02008e-06 , -5.51423e+22 , -2.57679e+21
2.02342e-06 , -5.51423e+22 , -2.57679e+21
2.02676e-06 , -5.51423e+22 , -2.57679e+21
2.0301e-06 , -5.51423e+22 , -2.57679e+21
2.03344e-06 , -5.51423e+22 , -2.57679e+21
2.03678e-06 , -5.51423e+22 , -2.57679e+21
2.04012e-06 , -5.51423e+22 , -2.57679e+21
2.04346e-06 , -5.51423e+22 , -2.57679e+21
2.04679e-06 , -5.51423e+22 , -2.57679e+21
2.05013e-06 , -5.51423e+22 , -2.57679e+21
2.05347e-06 , -5.51423e+22 , -2.57679e+21
2.05681e-06 , -5.51423e+22 , -2.57679e+21
2.06015e-06 , -5.51423e+22 , -2.57679e+21
2.06349e-06 , -5.51423e+22 , -2.57679e+21
2.06683e-06 , -5.51423e+22 , -2.57679e+21
2.07017e-06 , -5.51423e+22 , -2.57679e+21
2.07351e-06 , -5.51423e+22 , -2.57679e+21
2.07685e-06 , -5.51423e+22 , -2.57679e+21
2.08018e-06 , -5.51423e+22 , -2.57679e+21
2.08352e-06 , -5.51423e+22 , -2.57679e+21
2.08686e-06 , -5.51423e+22 , -2.57679e+21
2.0902e-06 , -5.51423e+22 , -2.57679e+21
2.09354e-06 , -5.51423e+22 , -2.57679e+21
2.09688e-06 , -5.51423e+22 , -2.57679e+21
2.10022e-06 , -5.51423e+22 , -2.57679e+21
2.10356e-06 , -5.51423e+22 , -2.57679e+21
2.1069e-06 , -5.51423e+22 , -2.57679e+21
2.11024e-06 , -5.51423e+22 , -2.57679e+21
2.11357e-06 , -5.51423e+22 , -2.57679e+21
2.11691e-06 , -5.51423e+22 , -2.57679e+21
2.12025e-06 , -5.51423e+22 , -2.57679e+21
2.12359e-06 , -5.51423e+22 , -2.57679e+21
2.12693e-06 , -5.51423e+22 , -2.57679e+21
2.13027e-06 , -5.51423e+22 , -2.57679e+21
2.13361e-06 , -5.51423e+22 , -2.57679e+21
2.13695e-06 , -5.51423e+22 , -2.57679e+21
2.14029e-06 , -5.51423e+22 , -2.57679e+21
2.14363e-06 , -5.51423e+22 , -2.57679e+21
2.14696e-06 , -5.51423e+22 , -2.57679e+21
2.1503e-06 , -5.51423e+22 , -2.57679e+21
2.15364e-06 , -5.51423e+22 , -2.57679e+21
2.15698e-06 , -5.51423e+22 , -2.57679e+21
2.16032e-06 , -5.51423e+22 , -2.57679e+21
2.16366e-06 , -5.51423e+22 , -2.57679e+21
2.167e-06 , -5.51423e+22 , -2.57679e+21
2.17034e-06 , -5.51423e+22 , -2.57679e+21
2.17368e-06 , -5.51423e+22 , -2.57679e+21
2.17702e-06 , -5.51423e+22 , -2.57679e+21
2.18035e-06 , -5.51423e+22 , -2.57679e+21
2.18369e-06 , -5.51423e+22 , -2.57679e+21
2.18703e-06 , -5.51423e+22 , -2.57679e+21
2.19037e-06 , -5.51423e+22 , -2.57679e+21
2.19371e-06 , -5.51423e+22 , -2.57679e+21
2.19705e-06 , -5.51423e+22 , -2.57679e+21
2.20039e-06 , -5.51423e+22 , -2.57679e+21
2.20373e-06 , -5.51423e+22 , -2.57679e+21
2.20707e-06 , -5.51423e+22 , -2.57679e+21
2.2104e-06 , -5.51423e+22 , -2.57679e+21
2.21374e-06 , -5.51423e+22 , -2.57679e+21
2.21708e-06 , -5.51423e+22 , -2.57679e+21
2.22042e-06 , -5.51423e+22 , -2.57679e+21
2.22376e-06 , -5.51423e+22 , -2.57679e+21
2.2271e-06 , -5.51423e+22 , -2.57679e+21
2.23044e-06 , -5.51423e+22 , -2.57679e+21
2.23378e-06 , -5.51423e+22 , -2.57679e+21
2.23712e-06 , -5.51423e+22 , -2.57679e+21
2.24046e-06 , -5.51423e+22 , -2.57679e+21
2.24379e-06 , -5.51423e+22 , -2.57679e+21
2.24713e-06 , -5.51423e+22 , -2.57679e+21
2.25047e-06 , -5.51423e+22 , -2.57679e+21
2.25381e-06 , -5.51423e+22 , -2.57679e+21
2.25715e-06 , -5.51423e+22 , -2.57679e+21
2.26049e-06 , -5.51423e+22 , -2.57679e+21
2.26383e-06 , -5.51423e+22 , -2.57679e+21
2.26717e-06 , -5.51423e+22 , -2.57679e+21
2.27051e-06 , -5.51423e+22 , -2.57679e+21
2.27385e-06 , -5.51423e+22 , -2.57679e+21
2.27718e-06 , -5.51423e+22 , -2.57679e+21
2.28052e-06 , -5.51423e+22 , -2.57679e+21
2.28386e-06 , -5.51423e+22 , -2.57679e+21
2.2872e-06 , -5.51423e+22 , -2.57679e+21
2.29054e-06 , -5.51423e+22 , -2.57679e+21
2.29388e-06 , -5.51423e+22 , -2.57679e+21
2.29722e-06 , -5.51423e+22 , -2.57679e+21
2.30056e-06 , -5.51423e+22 , -2.57679e+21
2.3039e-06 , -5.51423e+22 , -2.57679e+21
2.30724e-06 , -5.51423e+22 , -2.57679e+21
2.31057e-06 , -5.51423e+22 , -2.57679e+21
2.31391e-06 , -5.51423e+22 , -2.57679e+21
2.31725e-06 , -5.51423e+22 , -2.57679e+21
2.32059e-06 , -5.51423e+22 , -2.57679e+21
2.32393e-06 , -5.51423e+22 , -2.57679e+21
2.32727e-06 , -5.51423e+22 , -2.57679e+21
2.33061e-06 , -5.51423e+22 , -2.57679e+21
2.33395e-06 , -5.51423e+22 , -2.57679e+21
2.33729e-06 , -5.51423e+22 , -2.57679e+21
2.34063e-06 , -5.51423e+22 , -2.57679e+21
2.34396e-06 , -5.51423e+22 , -2.57679e+21
2.3473e-06 , -5.51423e+22 , -2.57679e+21
2.35064e-06 , -5.51423e+22 , -2.57679e+21
2.35398e-06 , -5.51423e+22 , -2.57679e+21
2.35732e-06 , -5.51423e+22 , -2.57679e+21
2.36066e-06 , -5.51423e+22 , -2.57679e+21
2.364e-06 , -5.51423e+22 , -2.57679e+21
2.36734e-06 , -5.51423e+22 , -2.57679e+21
2.37068e-06 , -5.51423e+22 , -2.57679e+21
2.37401e-06 , -5.51423e+22 , -2.57679e+21
2.37735e-06 , -5.51423e+22 , -2.57679e+21
2.38069e-06 , -5.51423e+22 , -2.57679e+21
2.38403e-06 , -5.51423e+22 , -2.57679e+21
2.38737e-06 , -5.51423e+22 , -2.57679e+21
2.39071e-06 , -5.51423e+22 , -2.57679e+21
2.39405e-06 , -5.51423e+22 , -2.57679e+21
2.39739e-06 , -5.51423e+22 , -2.57679e+21
2.40073e-06 , -5.51423e+22 , -2.57679e+21
2.40407e-06 , -5.51423e+22 , -2.57679e+21
2.4074e-06 , -5.51423e+22 , -2.57679e+21
2.41074e-06 , -5.51423e+22 , -2.57679e+21
2.41408e-06 , -5.51423e+22 , -2.57679e+21
2.41742e-06 , -5.51423e+22 , -2.57679e+21
2.42076e-06 , -5.51423e+22 , -2.57679e+21
2.4241e-06 , -5.51423e+22 , -2.57679e+21
2.42744e-06 , -5.51423e+22 , -2.57679e+21
2.43078e-06 , -5.51423e+22 , -2.57679e+21
2.43412e-06 , -5.51423e+22 , -2.57679e+21
2.43746e-06 , -5.51423e+22 , -2.57679e+21
2.44079e-06 , -5.51423e+22 , -2.57679e+21
2.44413e-06 , -5.51423e+22 , -2.57679e+21
2.44747e-06 , -5.51423e+22 , -2.57679e+21
2.45081e-06 , -5.51423e+22 , -2.57679e+21
2.45415e-06 , -5.51423e+22 , -2.57679e+21
2.45749e-06 , -5.51423e+22 , -2.57679e+21
2.46083e-06 , -5.51423e+22 , -2.57679e+21
2.46417e-06 , -5.51423e+22 , -2.57679e+21
2.46751e-06 , -5.51423e+22 , -2.57679e+21
2.47085e-06 , -5.51423e+22 , -2.57679e+21
2.47418e-06 , -5.51423e+22 , -2.57679e+21
2.47752e-06 , -5.51423e+22 , -2.57679e+21
2.48086e-06 , -5.51423e+22 , -2.57679e+21
2.4842e-06 , -5.51423e+22 , -2.57679e+21
2.48754e-06 , -5.51423e+22 , -2.57679e+21
2.49088e-06 , -5.51423e+22 , -2.57679e+21
2.49422e-06 , -5.51423e+22 , -2.57679e+21
2.49756e-06 , -5.51423e+22 , -2.57679e+21
2.5009e-06 , -5.51423e+22 , -2.57679e+21
2.50424e-06 , -5.51423e+22 , -2.57679e+21
2.50757e-06 , -5.51423e+22 , -2.57679e+21
2.51091e-06 , -5.51423e+22 , -2.57679e+21
2.51425e-06 , -5.51423e+22 , -2.57679e+21
2.51759e-06 , -5.51423e+22 , -2.57679e+21
2.52093e-06 , -5.51423e+22 , -2.57679e+21
2.52427e-06 , -5.51423e+22 , -2.57679e+21
2.52761e-06 , -5.51423e+22 , -2.57679e+21
2.53095e-06 , -5.51423e+22 , -2.57679e+21
2.53429e-06 , -5.51423e+22 , -2.57679e+21
2.53762e-06 , -5.51423e+22 , -2.57679e+21
2.54096e-06 , -5.51423e+22 , -2.57679e+21
2.5443e-06 , -5.51423e+22 , -2.57679e+21
2.54764e-06 , -5.51423e+22 , -2.57679e+21
2.55098e-06 , -5.51423e+22 , -2.57679e+21
2.55432e-06 , -5.51423e+22 , -2.57679e+21
2.55766e-06 , -5.51423e+22 , -2.57679e+21
2.561e-06 , -5.51423e+22 , -2.57679e+21
2.56434e-06 , -5.51423e+22 , -2.57679e+21
2.56768e-06 , -5.51423e+22 , -2.57679e+21
2.57101e-06 , -5.51423e+22 , -2.57679e+21
2.57435e-06 , -5.51423e+22 , -2.57679e+21
2.57769e-06 , -5.51423e+22 , -2.57679e+21
2.58103e-06 , -5.51423e+22 , -2.57679e+21
2.58437e-06 , -5.51423e+22 , -2.57679e+21
2.58771e-06 , -5.51423e+22 , -2.57679e+21
2.59105e-06 , -5.51423e+22 , -2.57679e+21
2.59439e-06 , -5.51423e+22 , -2.57679e+21
2.59773e-06 , -5.51423e+22 , -2.57679e+21
2.60107e-06 , -5.51423e+22 , -2.57679e+21
2.6044e-06 , -5.51423e+22 , -2.57679e+21
2.60774e-06 , -5.51423e+22 , -2.57679e+21
2.61108e-06 , -5.51423e+22 , -2.57679e+21
2.61442e-06 , -5.51423e+22 , -2.57679e+21
2.61776e-06 , -5.51423e+22 , -2.57679e+21
2.6211e-06 , -5.51423e+22 , -2.57679e+21
2.62444e-06 , -5.51423e+22 , -2.57679e+21
2.62778e-06 , -5.51423e+22 , -2.57679e+21
2.63112e-06 , -5.51423e+22 , -2.57679e+21
2.63446e-06 , -5.51423e+22 , -2.57679e+21
2.63779e-06 , -5.51423e+22 , -2.57679e+21
2.64113e-06 , -5.51423e+22 , -2.57679e+21
2.64447e-06 , -5.51423e+22 , -2.57679e+21
2.64781e-06 , -5.51423e+22 , -2.57679e+21
2.65115e-06 , -5.51423e+22 , -2.57679e+21
2.65449e-06 , -5.51423e+22 , -2.57679e+21
2.65783e-06 , -5.51423e+22 , -2.57679e+21
2.66117e-06 , -5.51423e+22 , -2.57679e+21
2.66451e-06 , -5.51423e+22 , -2.57679e+21
2.66785e-06 , -5.51423e+22 , -2.57679e+21
2.67118e-06 , -5.51423e+22 , -2.57679e+21
2.67452e-06 , -5.51423e+22 , -2.57679e+21
2.67786e-06 , -5.51423e+22 , -2.57679e+21
2.6812e-06 , -5.51423e+22 , -2.57679e+21
2.68454e-06 , -5.51423e+22 , -2.57679e+21
2.68788e-06 , -5.51423e+22 , -2.57679e+21
2.69122e-06 , -5.51423e+22 , -2.57679e+21
2.69456e-06 , -5.51423e+22 , -2.57679e+21
2.6979e-06 , -5.51423e+22 , -2.57679e+21
2.70123e-06 , -5.51423e+22 , -2.57679e+21
2.70457e-06 , -5.51423e+22 , -2.57679e+21
2.70791e-06 , -5.51423e+22 , -2.57679e+21
2.71125e-06 , -5.51423e+22 , -2.57679e+21
2.71459e-06 , -5.51423e+22 , -2.57679e+21
2.71793e-06 , -5.51423e+22 , -2.57679e+21
2.72127e-06 , -5.51423e+22 , -2.57679e+21
2.72461e-06 , -5.51423e+22 , -2.57679e+21
2.72795e-06 , -5.51423e+22 , -2.57679e+21
2.73129e-06 , -5.51423e+22 , -2.57679e+21
2.73462e-06 , -5.51423e+22 , -2.57679e+21
2.73796e-06 , -5.51423e+22 , -2.57679e+21
2.7413e-06 , -5.51423e+22 , -2.57679e+21
2.74464e-06 , -5.51423e+22 , -2.57679e+21
2.74798e-06 , -5.51423e+22 , -2.57679e+21
2.75132e-06 , -5.51423e+22 , -2.57679e+21
2.75466e-06 , -5.51423e+22 , -2.57679e+21
2.758e-06 , -5.51423e+22 , -2.57679e+21
2.76134e-06 , -5.51423e+22 , -2.57679e+21
2.76468e-06 , -5.51423e+22 , -2.57679e+21
2.76801e-06 , -5.51423e+22 , -2.57679e+21
2.77135e-06 , -5.51423e+22 , -2.57679e+21
2.77469e-06 , -5.51423e+22 , -2.57679e+21
2.77803e-06 , -5.51423e+22 , -2.57679e+21
2.78137e-06 , -5.51423e+22 , -2.57679e+21
2.78471e-06 , -5.51423e+22 , -2.57679e+21
2.78805e-06 , -5.51423e+22 , -2.57679e+21
2.79139e-06 , -5.51423e+22 , -2.57679e+21
2.79473e-06 , -5.51423e+22 , -2.57679e+21
2.79807e-06 , -5.51423e+22 , -2.57679e+21
2.8014e-06 , -5.51423e+22 , -2.57679e+21
2.80474e-06 , -5.51423e+22 , -2.57679e+21
2.80808e-06 , -5.51423e+22 , -2.57679e+21
2.81142e-06 , -5.51423e+22 , -2.57679e+21
2.81476e-06 , -5.51423e+22 , -2.57679e+21
2.8181e-06 , -5.51423e+22 , -2.57679e+21
2.82144e-06 , -5.51423e+22 , -2.57679e+21
2.82478e-06 , -5.51423e+22 , -2.57679e+21
2.82812e-06 , -5.51423e+22 , -2.57679e+21
2.83146e-06 , -5.51423e+22 , -2.57679e+21
2.83479e-06 , -5.51423e+22 , -2.57679e+21
2.83813e-06 , -5.51423e+22 , -2.57679e+21
2.84147e-06 , -5.51423e+22 , -2.57679e+21
2.84481e-06 , -5.51423e+22 , -2.57679e+21
2.84815e-06 , -5.51423e+22 , -2.57679e+21
2.85149e-06 , -5.51423e+22 , -2.57679e+21
2.85483e-06 , -5.51423e+22 , -2.57679e+21
2.85817e-06 , -5.51423e+22 , -2.57679e+21
2.86151e-06 , -5.51423e+22 , -2.57679e+21
2.86484e-06 , -5.51423e+22 , -2.57679e+21
2.86818e-06 , -5.51423e+22 , -2.57679e+21
2.87152e-06 , -5.51423e+22 , -2.57679e+21
2.87486e-06 , -5.51423e+22 , -2.57679e+21
2.8782e-06 , -5.51423e+22 , -2.57679e+21
2.88154e-06 , -5.51423e+22 , -2.57679e+21
2.88488e-06 , -5.51423e+22 , -2.57679e+21
2.88822e-06 , -5.51423e+22 , -2.57679e+21
2.89156e-06 , -5.51423e+22 , -2.57679e+21
2.8949e-06 , -5.51423e+22 , -2.57679e+21
2.89823e-06 , -5.51423e+22 , -2.57679e+21
2.90157e-06 , -5.51423e+22 , -2.57679e+21
2.90491e-06 , -5.51423e+22 , -2.57679e+21
2.90825e-06 , -5.51423e+22 , -2.57679e+21
2.91159e-06 , -5.51423e+22 , -2.57679e+21
2.91493e-06 , -5.51423e+22 , -2.57679e+21
2.91827e-06 , -5.51423e+22 , -2.57679e+21
2.92161e-06 , -5.51423e+22 , -2.57679e+21
2.92495e-06 , -5.51423e+22 , -2.57679e+21
2.92829e-06 , -5.51423e+22 , -2.57679e+21
2.93162e-06 , -5.51423e+22 , -2.57679e+21
2.93496e-06 , -5.51423e+22 , -2.57679e+21
2.9383e-06 , -5.51423e+22 , -2.57679e+21
2.94164e-06 , -5.51423e+22 , -2.57679e+21
2.94498e-06 , -5.51423e+22 , -2.57679e+21
2.94832e-06 , -5.51423e+22 , -2.57679e+21
2.95166e-06 , -5.51423e+22 , -2.57679e+21
2.955e-06 , -5.51423e+22 , -2.57679e+21
2.95834e-06 , -5.51423e+22 , -2.57679e+21
2.96168e-06 , -5.51423e+22 , -2.57679e+21
2.96501e-06 , -5.51423e+22 , -2.57679e+21
2.96835e-06 , -5.51423e+22 , -2.57679e+21
2.97169e-06 , -5.51423e+22 , -2.57679e+21
2.97503e-06 , -5.51423e+22 , -2.57679e+21
2.97837e-06 , -5.51423e+22 , -2.57679e+21
2.98171e-06 , -5.51423e+22 , -2.57679e+21
2.98505e-06 , -5.51423e+22 , -2.57679e+21
2.98839e-06 , -5.51423e+22 , -2.57679e+21
2.99173e-06 , -5.51423e+22 , -2.57679e+21
2.99507e-06 , -5.51423e+22 , -2.57679e+21
2.9984e-06 , -5.51423e+22 , -2.57679e+21
3.00174e-06 , -5.51423e+22 , -2.57679e+21
3.00508e-06 , -5.51423e+22 , -2.57679e+21
3.00842e-06 , -5.51423e+22 , -2.57679e+21
3.01176e-06 , -5.51423e+22 , -2.57679e+21
3.0151e-06 , -5.51423e+22 , -2.57679e+21
3.01844e-06 , -5.51423e+22 , -2.57679e+21
3.02178e-06 , -5.51423e+22 , -2.57679e+21
3.02512e-06 , -5.51423e+22 , -2.57679e+21
3.02845e-06 , -5.51423e+22 , -2.57679e+21
3.03179e-06 , -5.51423e+22 , -2.57679e+21
3.03513e-06 , -5.51423e+22 , -2.57679e+21
3.03847e-06 , -5.51423e+22 , -2.57679e+21
3.04181e-06 , -5.51423e+22 , -2.57679e+21
3.04515e-06 , -5.51423e+22 , -2.57679e+21
3.04849e-06 , -5.51423e+22 , -2.57679e+21
3.05183e-06 , -5.51423e+22 , -2.57679e+21
3.05517e-06 , -5.51423e+22 , -2.57679e+21
3.05851e-06 , -5.51423e+22 , -2.57679e+21
3.06184e-06 , -5.51423e+22 , -2.57679e+21
3.06518e-06 , -5.51423e+22 , -2.57679e+21
3.06852e-06 , -5.51423e+22 , -2.57679e+21
3.07186e-06 , -5.51423e+22 , -2.57679e+21
3.0752e-06 , -5.51423e+22 , -2.57679e+21
3.07854e-06 , -5.51423e+22 , -2.57679e+21
3.08188e-06 , -5.51423e+22 , -2.57679e+21
3.08522e-06 , -5.51423e+22 , -2.57679e+21
3.08856e-06 , -5.51423e+22 , -2.57679e+21
3.0919e-06 , -5.51423e+22 , -2.57679e+21
3.09523e-06 , -5.51423e+22 , -2.57679e+21
3.09857e-06 , -5.51423e+22 , -2.57679e+21
3.10191e-06 , -5.51423e+22 , -2.57679e+21
3.10525e-06 , -5.51423e+22 , -2.57679e+21
3.10859e-06 , -5.51423e+22 , -2.57679e+21
3.11193e-06 , -5.51423e+22 , -2.57679e+21
3.11527e-06 , -5.51423e+22 , -2.57679e+21
3.11861e-06 , -5.51423e+22 , -2.57679e+21
3.12195e-06 , -5.51423e+22 , -2.57679e+21
3.12529e-06 , -5.51423e+22 , -2.57679e+21
3.12862e-06 , -5.51423e+22 , -2.57679e+21
3.13196e-06 , -5.51423e+22 , -2.57679e+21
3.1353e-06 , -5.51423e+22 , -2.57679e+21
3.13864e-06 , -5.51423e+22 , -2.57679e+21
3.14198e-06 , -5.51423e+22 , -2.57679e+21
3.14532e-06 , -5.51423e+22 , -2.57679e+21
3.14866e-06 , -5.51423e+22 , -2.57679e+21
3.152e-06 , -5.51423e+22 , -2.57679e+21
3.15534e-06 , -5.51423e+22 , -2.57679e+21
3.15868e-06 , -5.51423e+22 , -2.57679e+21
3.16201e-06 , -5.51423e+22 , -2.57679e+21
3.16535e-06 , -5.51423e+22 , -2.57679e+21
3.16869e-06 , -5.51423e+22 , -2.57679e+21
3.17203e-06 , -5.51423e+22 , -2.57679e+21
3.17537e-06 , -5.51423e+22 , -2.57679e+21
3.17871e-06 , -5.51423e+22 , -2.57679e+21
3.18205e-06 , -5.51423e+22 , -2.57679e+21
3.18539e-06 , -5.51423e+22 , -2.57679e+21
3.18873e-06 , -5.51423e+22 , -2.57679e+21
3.19206e-06 , -5.51423e+22 , -2.57679e+21
3.1954e-06 , -5.51423e+22 , -2.57679e+21
3.19874e-06 , -5.51423e+22 , -2.57679e+21
3.20208e-06 , -5.51423e+22 , -2.57679e+21
3.20542e-06 , -5.51423e+22 , -2.57679e+21
3.20876e-06 , -5.51423e+22 , -2.57679e+21
3.2121e-06 , -5.51423e+22 , -2.57679e+21
3.21544e-06 , -5.51423e+22 , -2.57679e+21
3.21878e-06 , -5.51423e+22 , -2.57679e+21
3.22212e-06 , -5.51423e+22 , -2.57679e+21
3.22545e-06 , -5.51423e+22 , -2.57679e+21
3.22879e-06 , -5.51423e+22 , -2.57679e+21
3.23213e-06 , -5.51423e+22 , -2.57679e+21
3.23547e-06 , -5.51423e+22 , -2.57679e+21
3.23881e-06 , -5.51423e+22 , -2.57679e+21
3.24215e-06 , -5.51423e+22 , -2.57679e+21
3.24549e-06 , -5.51423e+22 , -2.57679e+21
3.24883e-06 , -5.51423e+22 , -2.57679e+21
3.25217e-06 , -5.51423e+22 , -2.57679e+21
3.25551e-06 , -5.51423e+22 , -2.57679e+21
3.25884e-06 , -5.51423e+22 , -2.57679e+21
3.26218e-06 , -5.51423e+22 , -2.57679e+21
3.26552e-06 , -5.51423e+22 , -2.57679e+21
3.26886e-06 , -5.51423e+22 , -2.57679e+21
3.2722e-06 , -5.51423e+22 , -2.57679e+21
3.27554e-06 , -5.51423e+22 , -2.57679e+21
3.27888e-06 , -5.51423e+22 , -2.57679e+21
3.28222e-06 , -5.51423e+22 , -2.57679e+21
3.28556e-06 , -5.51423e+22 , -2.57679e+21
3.2889e-06 , -5.51423e+22 , -2.57679e+21
3.29223e-06 , -5.51423e+22 , -2.57679e+21
3.29557e-06 , -5.51423e+22 , -2.57679e+21
3.29891e-06 , -5.51423e+22 , -2.57679e+21
3.30225e-06 , -5.51423e+22 , -2.57679e+21
3.30559e-06 , -5.51423e+22 , -2.57679e+21
3.30893e-06 , -5.51423e+22 , -2.57679e+21
3.31227e-06 , -5.51423e+22 , -2.57679e+21
3.31561e-06 , -5.51423e+22 , -2.57679e+21
3.31895e-06 , -5.51423e+22 , -2.57679e+21
3.32229e-06 , -5.51423e+22 , -2.57679e+21
3.32562e-06 , -5.51423e+22 , -2.57679e+21
3.32896e-06 , -5.51423e+22 , -2.57679e+21
3.3323e-06 , -5.51423e+22 , -2.57679e+21
3.33564e-06 , -5.51423e+22 , -2.57679e+21
3.33564e-13 , 5.32742e+51 , 1.61446e+52
3.33931e-09 , 5.32742e+51 , 1.61446e+52
6.67829e-09 , 5.32742e+51 , 1.61446e+52
1.00173e-08 , 5.32742e+51 , 1.61446e+52
1.33563e-08 , 5.32742e+51 , 1.61446e+52
1.66952e-08 , 5.32742e+51 , 1.61446e+52
2.00342e-08 , 5.32742e+51 , 1.61446e+52
2.33732e-08 , 5.32742e+51 , 1.61446e+52
2.67122e-08 , 5.32742e+51 , 1.61446e+52
3.00511e-08 , 5.32742e+51 , 1.61446e+52
3.33901e-08 , 5.32742e+51 , 1.61446e+52
3.67291e-08 , 5.32742e+51 , 1.61446e+52
4.00681e-08 , 5.32742e+51 , 1.61446e+52
4.34071e-08 , 5.32742e+51 , 1.61446e+52
4.6746e-08 , 5.32742e+51 , 1.61446e+52
5.0085e-08 , 5.32742e+51 , 1.61446e+52
5.3424e-08 , 5.32742e+51 , 1.61446e+52
5.6763e-08 , 5.32742e+51 , 1.61446e+52
6.0102e-08 , 5.32742e+51 , 1.61446e+52
6.34409e-08 , 5.32742e+51 , 1.61446e+52
6.67799e-08 , 5.32742e+51 , 1.61446e+52
7.01189e-08 , 5.32742e+51 , 1.61446e+52
7.34579e-08 , 5.32742e+51 , 1.61446e+52
7.67969e-08 , 5.32742e+51 , 1.61446e+52
8.01358e-08 , 5.32742e+51 , 1.61446e+52
8.34748e-08 , 5.32742e+51 , 1.61446e+52
8.68138e-08 , 5.32742e+51 , 1.61446e+52
9.01528e-08 , 5.32742e+51 , 1.61446e+52
9.34918e-08 , 5.32742e+51 , 1.61446e+52
9.68307e-08 , 5.32742e+51 , 1.61446e+52
1.0017e-07 , 5.32742e+51 , 1.61446e+52
1.03509e-07 , 5.32742e+51 , 1.61446e+52
1.06848e-07 , 5.32742e+51 , 1.61446e+52
1.10187e-07 , 5.32742e+51 , 1.61446e+52
1.13526e-07 , 5.32742e+51 , 1.61446e+52
1.16865e-07 , 5.32742e+51 , 1.61446e+52
1.20204e-07 , 5.32742e+51 , 1.61446e+52
1.23543e-07 , 5.32742e+51 , 1.61446e+52
1.26882e-07 , 5.32742e+51 , 1.61446e+52
1.30221e-07 , 5.32742e+51 , 1.61446e+52
1.3356e-07 , 5.32742e+51 , 1.61446e+52
1.36898e-07 , 5.32742e+51 , 1.61446e+52
1.40237e-07 , 5.32742e+51 , 1.61446e+52
1.43576e-07 , 5.32742e+51 , 1.61446e+52
1.46915e-07 , 5.32742e+51 , 1.61446e+52
1.50254e-07 , 5.32742e+51 , 1.61446e+52
1.53593e-07 , 5.32742e+51 , 1.61446e+52
1.56932e-07 , 5.32742e+51 , 1.61446e+52
1.60271e-07 , 5.32742e+51 , 1.61446e+52
1.6361e-07 , 5.32742e+51 , 1.61446e+52
1.66949e-07 , 5.32742e+51 , 1.61446e+52
1.70288e-07 , 5.32742e+51 , 1.61446e+52
1.73627e-07 , 5.32742e+51 , 1.61446e+52
1.76966e-07 , 5.32742e+51 , 1.61446e+52
1.80305e-07 , 5.32742e+51 , 1.61446e+52
1.83644e-07 , 5.32742e+51 , 1.61446e+52
1.86983e-07 , 5.32742e+51 , 1.61446e+52
1.90322e-07 , 5.32742e+51 , 1.61446e+52
1.93661e-07 , 5.32742e+51 , 1.61446e+52
1.97e-07 , 5.32742e+51 , 1.61446e+52
2.00339e-07 , 5.32742e+51 , 1.61446e+52
2.03678e-07 , 5.32742e+51 , 1.61446e+52
2.07017e-07 , 5.32742e+51 , 1.61446e+52
2.10356e-07 , 5.32742e+51 , 1.61446e+52
2.13695e-07 , 5.32742e+51 , 1.61446e+52
2.17034e-07 , 5.32742e+51 , 1.61446e+52
2.20373e-07 , 5.32742e+51 , 1.61446e+52
2.23712e-07 , 5.32742e+51 , 1.61446e+52
2.27051e-07 , 5.32742e+51 , 1.61446e+52
2.3039e-07 , 5.32742e+51 , 1.61446e+52
2.33729e-07 , 5.32742e+51 , 1.61446e+52
2.37068e-07 , 5.32742e+51 , 1.61446e+52
2.40407e-07 , 5.32742e+51 , 1.61446e+52
2.43746e-07 , 5.32742e+51 , 1.61446e+52
2.47085e-07 , 5.32742e+51 , 1.61446e+52
2.50424e-07 , 5.32742e+51 , 1.61446e+52
2.53763e-07 , 5.32742e+51 , 1.61446e+52
2.57102e-07 , 5.32742e+51 , 1.61446e+52
2.60441e-07 , 5.32742e+51 , 1.61446e+52
2.6378e-07 , 5.32742e+51 , 1.61446e+52
2.67119e-07 , 5.32742e+51 , 1.61446e+52
2.70458e-07 , 5.32742e+51 , 1.61446e+52
2.73797e-07 , 5.32742e+51 , 1.61446e+52
2.77136e-07 , 5.32742e+51 , 1.61446e+52
2.80475e-07 , 5.32742e+51 , 1.61446e+52
2.83814e-07 , 5.32742e+51 , 1.61446e+52
2.87153e-07 , 5.32742e+51 , 1.61446e+52
2.90492e-07 , 5.32742e+51 , 1.61446e+52
2.93831e-07 , 5.32742e+51 , 1.61446e+52
2.9717e-07 , 5.32742e+51 , 1.61446e+52
3.00508e-07 , 5.32742e+51 , 1.61446e+52
3.03847e-07 , 5.32742e+51 , 1.61446e+52
3.07186e-07 , 5.32742e+51 , 1.61446e+52
3.10525e-07 , 5.32742e+51 , 1.61446e+52
3.13864e-07 , 5.32742e+51 , 1.61446e+52
3.17203e-07 , 5.32742e+51 , 1.61446e+52
3.20542e-07 , 5.32742e+51 , 1.61446e+52
3.23881e-07 , 5.32742e+51 , 1.61446e+52
3.2722e-07 , 5.32742e+51 , 1.61446e+52
3.30559e-07 , 5.32742e+51 , 1.61446e+52
3.33898e-07 , 5.32742e+51 , 1.61446e+52
3.37237e-07 , 5.32742e+51 , 1.61446e+52
3.40576e-07 , 5.32742e+51 , 1.61446e+52
3.43915e-07 , 5.32742e+51 , 1.61446e+52
3.47254e-07 , 5.32742e+51 , 1.61446e+52
3.50593e-07 , 5.32742e+51 , 1.61446e+52
3.53932e-07 , 5.32742e+51 , 1.61446e+52
3.57271e-07 , 5.32742e+51 , 1.61446e+52
3.6061e-07 , 5.32742e+51 , 1.61446e+52
3.63949e-07 , 5.32742e+51 , 1.61446e+52
3.67288e-07 , 5.32742e+51 , 1.61446e+52
3.70627e-07 , 5.32742e+51 , 1.61446e+52
3.73966e-07 , 5.32742e+51 , 1.61446e+52
3.77305e-07 , 5.32742e+51 , 1.61446e+52
3.80644e-07 , 5.32742e+51 , 1.61446e+52
3.83983e-07 , 5.32742e+51 , 1.61446e+52
3.87322e-07 , 5.32742e+51 , 1.61446e+52
3.90661e-07 , 5.32742e+51 , 1.61446e+52
3.94e-07 , 5.32742e+51 , 1.61446e+52
3.97339e-07 , 5.32742e+51 , 1.61446e+52
4.00678e-07 , 5.32742e+51 , 1.61446e+52
4.04017e-07 , 5.32742e+51 , 1.61446e+52
4.07356e-07 , 5.32742e+51 , 1.61446e+52
4.10695e-07 , 5.32742e+51 , 1.61446e+52
4.14034e-07 , 5.32742e+51 , 1.61446e+52
4.17373e-07 , 5.32742e+51 , 1.61446e+52
4.20712e-07 , 5.32742e+51 , 1.61446e+52
4.24051e-07 , 5.32742e+51 , 1.61446e+52
4.2739e-07 , 5.32742e+51 , 1.61446e+52
4.30729e-07 , 5.32742e+51 , 1.61446e+52
4.34068e-07 , 5.32742e+51 , 1.61446e+52
4.37407e-07 , 5.32742e+51 , 1.61446e+52
4.40746e-07 , 5.32742e+51 , 1.61446e+52
4.44085e-07 , 5.32742e+51 , 1.61446e+52
4.47424e-07 , 5.32742e+51 , 1.61446e+52
4.50763e-07 , 5.32742e+51 , 1.61446e+52
4.54102e-07 , 5.32742e+51 , 1.61446e+52
4.57441e-07 , 5.32742e+51 , 1.61446e+52
4.6078e-07 , 5.32742e+51 , 1.61446e+52
4.64118e-07 , 5.32742e+51 , 1.61446e+52
4.67457e-07 , 5.32742e+51 , 1.61446e+52
4.70796e-07 , 5.32742e+51 , 1.61446e+52
4.74135e-07 , 5.32742e+51 , 1.61446e+52
4.77474e-07 , 5.32742e+51 , 1.61446e+52
4.80813e-07 , 5.32742e+51 , 1.61446e+52
4.84152e-07 , 5.32742e+51 , 1.61446e+52
4.87491e-07 , 5.32742e+51 , 1.61446e+52
4.9083e-07 , 5.32742e+51 , 1.61446e+52
4.94169e-07 , 5.32742e+51 , 1.61446e+52
4.97508e-07 , 5.32742e+51 , 1.61446e+52
5.00847e-07 , 5.32742e+51 , 1.61446e+52
5.04186e-07 , 5.32742e+51 , 1.61446e+52
5.07525e-07 , 5.32742e+51 , 1.61446e+52
5.10864e-07 , 5.32742e+51 , 1.61446e+52
5.14203e-07 , 5.32742e+51 , 1.61446e+52
5.17542e-07 , 5.32742e+51 , 1.61446e+52
5.20881e-07 , 5.32742e+51 , 1.61446e+52
5.2422e-07 , 5.32742e+51 , 1.61446e+52
5.27559e-07 , 5.32742e+51 , 1.61446e+52
5.30898e-07 , 5.32742e+51 , 1.61446e+52
5.34237e-07 , 5.32742e+51 , 1.61446e+52
5.37576e-07 , 5.32742e+51 , 1.61446e+52
5.40915e-07 , 5.32742e+51 , 1.61446e+52
5.44254e-07 , 5.32742e+51 , 1.61446e+52
5.47593e-07 , 5.32742e+51 , 1.61446e+52
5.50932e-07 , 5.32742e+51 , 1.61446e+52
5.54271e-07 , 5.32742e+51 , 1.61446e+52
5.5761e-07 , 5.32742e+51 , 1.61446e+52
5.60949e-07 , 5.32742e+51 , 1.61446e+52
5.64288e-07 , 5.32742e+51 , 1.61446e+52
5.67627e-07 , 5.32742e+51 , 1.61446e+52
5.70966e-07 , 5.32742e+51 , 1.61446e+52
5.74305e-07 , 5.32742e+51 , 1.61446e+52
5.77644e-07 , 5.32742e+51 , 1.61446e+52
5.80983e-07 , 5.32742e+51 , 1.61446e+52
5.84322e-07 , 5.32742e+51 , 1.61446e+52
5.87661e-07 , 5.32742e+51 , 1.61446e+52
5.91e-07 , 5.32742e+51 , 1.61446e+52
5.94339e-07 , 5.32742e+51 , 1.61446e+52
5.97678e-07 , 5.32742e+51 , 1.61446e+52
6.01017e-07 , 5.32742e+51 , 1.61446e+52
6.04356e-07 , 5.32742e+51 , 1.61446e+52
6.07695e-07 , 5.32742e+51 , 1.61446e+52
6.11034e-07 , 5.32742e+51 , 1.61446e+52
6.14373e-07 , 5.32742e+51 , 1.61446e+52
6.17712e-07 , 5.32742e+51 , 1.61446e+52
6.21051e-07 , 5.32742e+51 , 1.61446e+52
6.2439e-07 , 5.32742e+51 , 1.61446e+52
6.27728e-07 , 5.32742e+51 , 1.61446e+52
6.31067e-07 , 5.32742e+51 , 1.61446e+52
6.34406e-07 , 5.32742e+51 , 1.61446e+52
6.37745e-07 , 5.32742e+51 , 1.61446e+52
6.41084e-07 , 5.32742e+51 , 1.61446e+52
6.44423e-07 , 5.32742e+51 , 1.61446e+52
6.47762e-07 , 5.32742e+51 , 1.61446e+52
6.51101e-07 , 5.32742e+51 , 1.61446e+52
6.5444e-07 , 5.32742e+51 , 1.61446e+52
6.57779e-07 , 5.32742e+51 , 1.61446e+52
6.61118e-07 , 5.32742e+51 , 1.61446e+52
6.64457e-07 , 5.32742e+51 , 1.61446e+52
6.67796e-07 , 5.32742e+51 , 1.61446e+52
6.71135e-07 , 5.32742e+51 , 1.61446e+52
6.74474e-07 , 5.32742e+51 , 1.61446e+52
6.77813e-07 , 5.32742e+51 , 1.61446e+52
6.81152e-07 , 5.32742e+51 , 1.61446e+52
6.84491e-07 , 5.32742e+51 , 1.61446e+52
6.8783e-07 , 5.32742e+51 , 1.61446e+52
6.91169e-07 , 5.32742e+51 , 1.61446e+52
6.94508e-07 , 5.32742e+51 , 1.61446e+52
6.97847e-07 , 5.32742e+51 , 1.61446e+52
7.01186e-07 , 5.32742e+51 , 1.61446e+52
7.04525e-07 , 5.32742e+51 , 1.61446e+52
7.07864e-07 , 5.32742e+51 , 1.61446e+52
7.11203e-07 , 5.32742e+51 , 1.61446e+52
7.14542e-07 , 5.32742e+51 , 1.61446e+52
7.17881e-07 , 5.32742e+51 , 1.61446e+52
7.2122e-07 , 5.32742e+51 , 1.61446e+52
7.24559e-07 , 5.32742e+51 , 1.61446e+52
7.27898e-07 , 5.32742e+51 , 1.61446e+52
7.31237e-07 , 5.32742e+51 , 1.61446e+52
7.34576e-07 , 5.32742e+51 , 1.61446e+52
7.37915e-07 , 5.32742e+51 , 1.61446e+52
7.41254e-07 , 5.32742e+51 , 1.61446e+52
7.44593e-07 , 5.32742e+51 , 1.61446e+52
7.47932e-07 , 5.32742e+51 , 1.61446e+52
7.51271e-07 , 5.32742e+51 , 1.61446e+52
7.5461e-07 , 5.32742e+51 , 1.61446e+52
7.57949e-07 , 5.32742e+51 , 1.61446e+52
7.61288e-07 , 5.32742e+51 , 1.61446e+52
7.64627e-07 , 5.32742e+51 , 1.61446e+52
7.67966e-07 , 5.32742e+51 , 1.61446e+52
7.71305e-07 , 5.32742e+51 , 1.61446e+52
7.74644e-07 , 5.32742e+51 , 1.61446e+52
7.77983e-07 , 5.32742e+51 , 1.61446e+52
7.81322e-07 , 5.32742e+51 , 1.61446e+52
7.84661e-07 , 5.32742e+51 , 1.61446e+52
7.88e-07 , 5.32742e+51 , 1.61446e+52
7.91338e-07 , 5.32742e+51 , 1.61446e+52
7.94677e-07 , 5.32742e+51 , 1.61446e+52
7.98016e-07 , 5.32742e+51 , 1.61446e+52
8.01355e-07 , 5.32742e+51 , 1.61446e+52
8.04694e-07 , 5.32742e+51 , 1.61446e+52
8.08033e-07 , 5.32742e+51 , 1.61446e+52
8.11372e-07 , 5.32742e+51 , 1.61446e+52
8.14711e-07 , 5.32742e+51 , 1.61446e+52
8.1805e-07 , 5.32742e+51 , 1.61446e+52
8.21389e-07 , 5.32742e+51 , 1.61446e+52
8.24728e-07 , 5.32742e+51 , 1.61446e+52
8.28067e-07 , 5.32742e+51 , 1.61446e+52
8.31406e-07 , 5.32742e+51 , 1.61446e+52
8.34745e-07 , 5.32742e+51 , 1.61446e+52
8.38084e-07 , 5.32742e+51 , 1.61446e+52
8.41423e-07 , 5.32742e+51 , 1.61446e+52
8.44762e-07 , 5.32742e+51 , 1.61446e+52
8.48101e-07 , 5.32742e+51 , 1.61446e+52
8.5144e-07 , 5.32742e+51 , 1.61446e+52
8.54779e-07 , 5.32742e+51 , 1.61446e+52
8.58118e-07 , 5.32742e+51 , 1.61446e+52
8.61457e-07 , 5.32742e+51 , 1.61446e+52
8.64796e-07 , 5.32742e+51 , 1.61446e+52
8.68135e-07 , 5.32742e+51 , 1.61446e+52
8.71474e-07 , 5.32742e+51 , 1.61446e+52
8.74813e-07 , 5.32742e+51 , 1.61446e+52
8.78152e-07 , 5.32742e+51 , 1.61446e+52
8.81491e-07 , 5.32742e+51 , 1.61446e+52
8.8483e-07 , 5.32742e+51 , 1.61446e+52
8.88169e-07 , 5.32742e+51 , 1.61446e+52
8.91508e-07 , 5.32742e+51 , 1.61446e+52
8.94847e-07 , 5.32742e+51 , 1.61446e+52
8.98186e-07 , 5.32742e+51 , 1.61446e+52
9.01525e-07 , 5.32742e+51 , 1.61446e+52
9.04864e-07 , 5.32742e+51 , 1.61446e+52
9.08203e-07 , 5.32742e+51 , 1.61446e+52
9.11542e-07 , 5.32742e+51 , 1.61446e+52
9.14881e-07 , 5.32742e+51 , 1.61446e+52
9.1822e-07 , 5.32742e+51 , 1.61446e+52
9.21559e-07 , 5.32742e+51 , 1.61446e+52
9.24898e-07 , 5.32742e+51 , 1.61446e+52
9.28237e-07 , 5.32742e+51 , 1.61446e+52
9.31576e-07 , 5.32742e+51 , 1.61446e+52
9.34915e-07 , 5.32742e+51 , 1.61446e+52
9.38254e-07 , 5.32742e+51 , 1.61446e+52
9.41593e-07 , 5.32742e+51 , 1.61446e+52
9.44932e-07 , 5.32742e+51 , 1.61446e+52
9.48271e-07 , 5.32742e+51 , 1.61446e+52
9.5161e-07 , 5.32742e+51 , 1.61446e+52
9.54948e-07 , 5.32742e+51 , 1.61446e+52
9.58287e-07 , 5.32742e+51 , 1.61446e+52
9.61626e-07 , 5.32742e+51 , 1.61446e+52
9.64965e-07 , 5.32742e+51 , 1.61446e+52
9.68304e-07 , 5.32742e+51 , 1.61446e+52
9.71643e-07 , 5.32742e+51 , 1.61446e+52
9.74982e-07 , 5.32742e+51 , 1.61446e+52
9.78321e-07 , 5.32742e+51 , 1.61446e+52
9.8166e-07 , 5.32742e+51 , 1.61446e+52
9.84999e-07 , 5.32742e+51 , 1.61446e+52
9.88338e-07 , 5.32742e+51 , 1.61446e+52
9.91677e-07 , 5.32742e+51 , 1.61446e+52
9.95016e-07 , 5.32742e+51 , 1.61446e+52
9.98355e-07 , 5.32742e+51 , 1.61446e+52
1.00169e-06 , 5.32742e+51 , 1.61446e+52
1.00503e-06 , 5.32742e+51 , 1.61446e+52
1.00837e-06 , 5.32742e+51 , 1.61446e+52
1.01171e-06 , 5.32742e+51 , 1.61446e+52
1.01505e-06 , 5.32742e+51 , 1.61446e+52
1.01839e-06 , 5.32742e+51 , 1.61446e+52
1.02173e-06 , 5.32742e+51 , 1.61446e+52
1.02507e-06 , 5.32742e+51 , 1.61446e+52
1.02841e-06 , 5.32742e+51 , 1.61446e+52
1.03175e-06 , 5.32742e+51 , 1.61446e+52
1.03508e-06 , 5.32742e+51 , 1.61446e+52
1.03842e-06 , 5.32742e+51 , 1.61446e+52
1.04176e-06 , 5.32742e+51 , 1.61446e+52
1.0451e-06 , 5.32742e+51 , 1.61446e+52
1.04844e-06 , 5.32742e+51 , 1.61446e+52
1.05178e-06 , 5.32742e+51 , 1.61446e+52
1.05512e-06 , 5.32742e+51 , 1.61446e+52
1.05846e-06 , 5.32742e+51 , 1.61446e+52
1.0618e-06 , 5.32742e+51 , 1.61446e+52
1.06513e-06 , 5.32742e+51 , 1.61446e+52
1.06847e-06 , 5.32742e+51 , 1.61446e+52
1.07181e-06 , 5.32742e+51 , 1.61446e+52
1.07515e-06 , 5.32742e+51 , 1.61446e+52
1.07849e-06 , 5.32742e+51 , 1.61446e+52
1.08183e-06 , 5.32742e+51 , 1.61446e+52
1.08517e-06 , 5.32742e+51 , 1.61446e+52
1.08851e-06 , 5.32742e+51 , 1.61446e+52
1.09185e-06 , 5.32742e+51 , 1.61446e+52
1.09519e-06 , 5.32742e+51 , 1.61446e+52
1.09852e-06 , 5.32742e+51 , 1.61446e+52
1.10186e-06 , 5.32742e+51 , 1.61446e+52
1.1052e-06 , 5.32742e+51 , 1.61446e+52
1.10854e-06 , 5.32742e+51 , 1.61446e+52
1.11188e-06 , 5.32742e+51 , 1.61446e+52
1.11522e-06 , 5.32742e+51 , 1.61446e+52
1.11856e-06 , 5.32742e+51 , 1.61446e+52
1.1219e-06 , 5.32742e+51 , 1.61446e+52
1.12524e-06 , 5.32742e+51 , 1.61446e+52
1.12858e-06 , 5.32742e+51 , 1.61446e+52
1.13191e-06 , 5.32742e+51 , 1.61446e+52
1.13525e-06 , 5.32742e+51 , 1.61446e+52
1.13859e-06 , 5.32742e+51 , 1.61446e+52
1.14193e-06 , 5.32742e+51 , 1.61446e+52
1.14527e-06 , 5.32742e+51 , 1.61446e+52
1.14861e-06 , 5.32742e+51 , 1.61446e+52
1.15195e-06 , 5.32742e+51 , 1.61446e+52
1.15529e-06 , 5.32742e+51 , 1.61446e+52
1.15863e-06 , 5.32742e+51 , 1.61446e+52
1.16197e-06 , 5.32742e+51 , 1.61446e+52
1.1653e-06 , 5.32742e+51 , 1.61446e+52
1.16864e-06 , 5.32742e+51 , 1.61446e+52
1.17198e-06 , 5.32742e+51 , 1.61446e+52
1.17532e-06 , 5.32742e+51 , 1.61446e+52
1.17866e-06 , 5.32742e+51 , 1.61446e+52
1.182e-06 , 5.32742e+51 , 1.61446e+52
1.18534e-06 , 5.32742e+51 , 1.61446e+52
1.18868e-06 , 5.32742e+51 , 1.61446e+52
1.19202e-06 , 5.32742e+51 , 1.61446e+52
1.19536e-06 , 5.32742e+51 , 1.61446e+52
1.19869e-06 , 5.32742e+51 , 1.61446e+52
1.20203e-06 , 5.32742e+51 , 1.61446e+52
1.20537e-06 , 5.32742e+51 , 1.61446e+52
1.20871e-06 , 5.32742e+51 , 1.61446e+52
1.21205e-06 , 5.32742e+51 , 1.61446e+52
1.21539e-06 , 5.32742e+51 , 1.61446e+52
1.21873e-06 , 5.32742e+51 , 1.61446e+52
1.22207e-06 , 5.32742e+51 , 1.61446e+52
1.22541e-06 , 5.32742e+51 , 1.61446e+52
1.22874e-06 , 5.32742e+51 , 1.61446e+52
1.23208e-06 , 5.32742e+51 , 1.61446e+52
1.23542e-06 , 5.32742e+51 , 1.61446e+52
1.23876e-06 , 5.32742e+51 , 1.61446e+52
1.2421e-06 , 5.32742e+51 , 1.61446e+52
1.24544e-06 , 5.32742e+51 , 1.61446e+52
1.24878e-06 , 5.32742e+51 , 1.61446e+52
1.25212e-06 , 5.32742e+51 , 1.61446e+52
1.25546e-06 , 5.32742e+51 , 1.61446e+52
1.2588e-06 , 5.32742e+51 , 1.61446e+52
1.26213e-06 , 5.32742e+51 , 1.61446e+52
1.26547e-06 , 5.32742e+51 , 1.61446e+52
1.26881e-06 , 5.32742e+51 , 1.61446e+52
1.27215e-06 , 5.32742e+51 , 1.61446e+52
1.27549e-06 , 5.32742e+51 , 1.61446e+52
1.27883e-06 , 5.32742e+51 , 1.61446e+52
1.28217e-06 , 5.32742e+51 , 1.61446e+52
1.28551e-06 , 5.32742e+51 , 1.61446e+52
1.28885e-06 , 5.32742e+51 , 1.61446e+52
1.29219e-06 , 5.32742e+51 , 1.61446e+52
1.29552e-06 , 5.32742e+51 , 1.61446e+52
1.29886e-06 , 5.32742e+51 , 1.61446e+52
1.3022e-06 , 5.32742e+51 , 1.61446e+52
1.30554e-06 , 5.32742e+51 , 1.61446e+52
1.30888e-06 , 5.32742e+51 , 1.61446e+52
1.31222e-06 , 5.32742e+51 , 1.61446e+52
1.31556e-06 , 5.32742e+51 , 1.61446e+52
1.3189e-06 , 5.32742e+51 , 1.61446e+52
1.32224e-06 , 5.32742e+51 , 1.61446e+52
1.32558e-06 , 5.32742e+51 , 1.61446e+52
1.32891e-06 , 5.32742e+51 , 1.61446e+52
1.33225e-06 , 5.32742e+51 , 1.61446e+52
1.33559e-06 , 5.32742e+51 , 1.61446e+52
1.33893e-06 , 5.32742e+51 , 1.61446e+52
1.34227e-06 , 5.32742e+51 , 1.61446e+52
1.34561e-06 , 5.32742e+51 , 1.61446e+52
1.34895e-06 , 5.32742e+51 , 1.61446e+52
1.35229e-06 , 5.32742e+51 , 1.61446e+52
1.35563e-06 , 5.32742e+51 , 1.61446e+52
1.35897e-06 , 5.32742e+51 , 1.61446e+52
1.3623e-06 , 5.32742e+51 , 1.61446e+52
1.36564e-06 , 5.32742e+51 , 1.61446e+52
1.36898e-06 , 5.32742e+51 , 1.61446e+52
1.37232e-06 , 5.32742e+51 , 1.61446e+52
1.37566e-06 , 5.32742e+51 , 1.61446e+52
1.379e-06 , 5.32742e+51 , 1.61446e+52
1.38234e-06 , 5.32742e+51 , 1.61446e+52
1.38568e-06 , 5.32742e+51 , 1.61446e+52
1.38902e-06 , 5.32742e+51 , 1.61446e+52
1.39235e-06 , 5.32742e+51 , 1.61446e+52
1.39569e-06 , 5.32742e+51 , 1.61446e+52
1.39903e-06 , 5.32742e+51 , 1.61446e+52
1.40237e-06 , 5.32742e+51 , 1.61446e+52
1.40571e-06 , 5.32742e+51 , 1.61446e+52
1.40905e-06 , 5.32742e+51 , 1.61446e+52
1.41239e-06 , 5.32742e+51 , 1.61446e+52
1.41573e-06 , 5.32742e+51 , 1.61446e+52
1.41907e-06 , 5.32742e+51 , 1.61446e+52
1.42241e-06 , 5.32742e+51 , 1.61446e+52
1.42574e-06 , 5.32742e+51 , 1.61446e+52
1.42908e-06 , 5.32742e+51 , 1.61446e+52
1.43242e-06 , 5.32742e+51 , 1.61446e+52
1.43576e-06 , 5.32742e+51 , 1.61446e+52
1.4391e-06 , 5.32742e+51 , 1.61446e+52
1.44244e-06 , 5.32742e+51 , 1.61446e+52
1.44578e-06 , 5.32742e+51 , 1.61446e+52
1.44912e-06 , 5.32742e+51 , 1.61446e+52
1.45246e-06 , 5.32742e+51 , 1.61446e+52
1.4558e-06 , 5.32742e+51 , 1.61446e+52
1.45913e-06 , 5.32742e+51 , 1.61446e+52
1.46247e-06 , 5.32742e+51 , 1.61446e+52
1.46581e-06 , 5.32742e+51 , 1.61446e+52
1.46915e-06 , 5.32742e+51 , 1.61446e+52
1.47249e-06 , 5.32742e+51 , 1.61446e+52
1.47583e-06 , 5.32742e+51 , 1.61446e+52
1.47917e-06 , 5.32742e+51 , 1.61446e+52
1.48251e-06 , 5.32742e+51 , 1.61446e+52
1.48585e-06 , 5.32742e+51 , 1.61446e+52
1.48919e-06 , 5.32742e+51 , 1.61446e+52
1.49252e-06 , 5.32742e+51 , 1.61446e+52
1.49586e-06 , 5.32742e+51 , 1.61446e+52
1.4992e-06 , 5.32742e+51 , 1.61446e+52
1.50254e-06 , 5.32742e+51 , 1.61446e+52
1.50588e-06 , 5.32742e+51 , 1.61446e+52
1.50922e-06 , 5.32742e+51 , 1.61446e+52
1.51256e-06 , 5.32742e+51 , 1.61446e+52
1.5159e-06 , 5.32742e+51 , 1.61446e+52
1.51924e-06 , 5.32742e+51 , 1.61446e+52
1.52258e-06 , 5.32742e+51 , 1.61446e+52
1.52591e-06 , 5.32742e+51 , 1.61446e+52
1.52925e-06 , 5.32742e+51 , 1.61446e+52
1.53259e-06 , 5.32742e+51 , 1.61446e+52
1.53593e-06 , 5.32742e+51 , 1.61446e+52
1.53927e-06 , 5.32742e+51 , 1.61446e+52
1.54261e-06 , 5.32742e+51 , 1.61446e+52
1.54595e-06 , 5.32742e+51 , 1.61446e+52
1.54929e-06 , 5.32742e+51 , 1.61446e+52
1.55263e-06 , 5.32742e+51 , 1.61446e+52
1.55596e-06 , 5.32742e+51 , 1.61446e+52
1.5593e-06 , 5.32742e+51 , 1.61446e+52
1.56264e-06 , 5.32742e+51 , 1.61446e+52
1.56598e-06 , 5.32742e+51 , 1.61446e+52
1.56932e-06 , 5.32742e+51 , 1.61446e+52
1.57266e-06 , 5.32742e+51 , 1.61446e+52
1.576e-06 , 5.32742e+51 , 1.61446e+52
1.57934e-06 , 5.32742e+51 , 1.61446e+52
1.58268e-06 , 5.32742e+51 , 1.61446e+52
1.58602e-06 , 5.32742e+51 , 1.61446e+52
1.58935e-06 , 5.32742e+51 , 1.61446e+52
1.59269e-06 , 5.32742e+51 , 1.61446e+52
1.59603e-06 , 5.32742e+51 , 1.61446e+52
1.59937e-06 , 5.32742e+51 , 1.61446e+52
1.60271e-06 , 5.32742e+51 , 1.61446e+52
1.60605e-06 , 5.32742e+51 , 1.61446e+52
1.60939e-06 , 5.32742e+51 , 1.61446e+52
1.61273e-06 , 5.32742e+51 , 1.61446e+52
1.61607e-06 , 5.32742e+51 , 1.61446e+52
1.61941e-06 , 5.32742e+51 , 1.61446e+52
1.62274e-06 , 5.32742e+51 , 1.61446e+52
1.62608e-06 , 5.32742e+51 , 1.61446e+52
1.62942e-06 , 5.32742e+51 , 1.61446e+52
1.63276e-06 , 5.32742e+51 , 1.61446e+52
1.6361e-06 , 5.32742e+51 , 1.61446e+52
1.63944e-06 , 5.32742e+51 , 1.61446e+52
1.64278e-06 , 5.32742e+51 , 1.61446e+52
1.64612e-06 , 5.32742e+51 , 1.61446e+52
1.64946e-06 , 5.32742e+51 , 1.61446e+52
1.6528e-06 , 5.32742e+51 , 1.61446e+52
1.65613e-06 , 5.32742e+51 , 1.61446e+52
1.65947e-06 , 5.32742e+51 , 1.61446e+52
1.66281e-06 , 5.32742e+51 , 1.61446e+52
1.66615e-06 , 5.32742e+51 , 1.61446e+52
1.66949e-06 , 5.32742e+51 , 1.61446e+52
1.67283e-06 , 5.32742e+51 , 1.61446e+52
1.67617e-06 , 5.32742e+51 , 1.61446e+52
1.67951e-06 , 5.32742e+51 , 1.61446e+52
1.68285e-06 , 5.32742e+51 , 1.61446e+52
1.68619e-06 , 5.32742e+51 , 1.61446e+52
1.68952e-06 , 5.32742e+51 , 1.61446e+52
1.69286e-06 , 5.32742e+51 , 1.61446e+52
1.6962e-06 , 5.32742e+51 , 1.61446e+52
1.69954e-06 , 5.32742e+51 , 1.61446e+52
1.70288e-06 , 5.32742e+51 , 1.61446e+52
1.70622e-06 , 5.32742e+51 , 1.61446e+52
1.70956e-06 , 5.32742e+51 , 1.61446e+52
1.7129e-06 , 5.32742e+51 , 1.61446e+52
1.71624e-06 , 5.32742e+51 , 1.61446e+52
1.71957e-06 , 5.32742e+51 , 1.61446e+52
1.72291e-06 , 5.32742e+51 , 1.61446e+52
1.72625e-06 , 5.32742e+51 , 1.61446e+52
1.72959e-06 , 5.32742e+51 , 1.61446e+52
1.73293e-06 , 5.32742e+51 , 1.61446e+52
1.73627e-06 , 5.32742e+51 , 1.61446e+52
1.73961e-06 , 5.32742e+51 , 1.61446e+52
1.74295e-06 , 5.32742e+51 , 1.61446e+52
1.74629e-06 , 5.32742e+51 , 1.61446e+52
1.74963e-06 , 5.32742e+51 , 1.61446e+52
1.75296e-06 , 5.32742e+51 , 1.61446e+52
1.7563e-06 , 5.32742e+51 , 1.61446e+52
1.75964e-06 , 5.32742e+51 , 1.61446e+52
1.76298e-06 , 5.32742e+51 , 1.61446e+52
1.76632e-06 , 5.32742e+51 , 1.61446e+52
1.76966e-06 , 5.32742e+51 , 1.61446e+52
1.773e-06 , 5.32742e+51 , 1.61446e+52
1.77634e-06 , 5.32742e+51 , 1.61446e+52
1.77968e-06 , 5.32742e+51 , 1.61446e+52
1.78302e-06 , 5.32742e+51 , 1.61446e+52
1.78635e-06 , 5.32742e+51 , 1.61446e+52
1.78969e-06 , 5.32742e+51 , 1.61446e+52
1.79303e-06 , 5.32742e+51 , 1.61446e+52
1.79637e-06 , 5.32742e+51 , 1.61446e+52
1.79971e-06 , 5.32742e+51 , 1.61446e+52
1.80305e-06 , 5.32742e+51 , 1.61446e+52
1.80639e-06 , 5.32742e+51 , 1.61446e+52
1.80973e-06 , 5.32742e+51 , 1.61446e+52
1.81307e-06 , 5.32742e+51 , 1.61446e+52
1.81641e-06 , 5.32742e+51 , 1.61446e+52
1.81974e-06 , 5.32742e+51 , 1.61446e+52
1.82308e-06 , 5.32742e+51 , 1.61446e+52
1.82642e-06 , 5.32742e+51 , 1.61446e+52
1.82976e-06 , 5.32742e+51 , 1.61446e+52
1.8331e-06 , 5.32742e+51 , 1.61446e+52
1.83644e-06 , 5.32742e+51 , 1.61446e+52
1.83978e-06 , 5.32742e+51 , 1.61446e+52
1.84312e-06 , 5.32742e+51 , 1.61446e+52
1.84646e-06 , 5.32742e+51 , 1.61446e+52
1.8498e-06 , 5.32742e+51 , 1.61446e+52
1.85313e-06 , 5.32742e+51 , 1.61446e+52
1.85647e-06 , 5.32742e+51 , 1.61446e+52
1.85981e-06 , 5.32742e+51 , 1.61446e+52
1.86315e-06 , 5.32742e+51 , 1.61446e+52
1.86649e-06 , 5.32742e+51 , 1.61446e+52
1.86983e-06 , 5.32742e+51 , 1.61446e+52
1.87317e-06 , 5.32742e+51 , 1.61446e+52
1.87651e-06 , 5.32742e+51 , 1.61446e+52
1.87985e-06 , 5.32742e+51 , 1.61446e+52
1.88318e-06 , 5.32742e+51 , 1.61446e+52
1.88652e-06 , 5.32742e+51 , 1.61446e+52
1.88986e-06 , 5.32742e+51 , 1.61446e+52
1.8932e-06 , 5.32742e+51 , 1.61446e+52
1.89654e-06 , 5.32742e+51 , 1.61446e+52
1.89988e-06 , 5.32742e+51 , 1.61446e+52
1.90322e-06 , 5.32742e+51 , 1.61446e+52
1.90656e-06 , 5.32742e+51 , 1.61446e+52
1.9099e-06 , 5.32742e+51 , 1.61446e+52
1.91324e-06 , 5.32742e+51 , 1.61446e+52
1.91657e-06 , 5.32742e+51 , 1.61446e+52
1.91991e-06 , 5.32742e+51 , 1.61446e+52
1.92325e-06 , 5.32742e+51 , 1.61446e+52
1.92659e-06 , 5.32742e+51 , 1.61446e+52
1.92993e-06 , 5.32742e+51 , 1.61446e+52
1.93327e-06 , 5.32742e+51 , 1.61446e+52
1.93661e-06 , 5.32742e+51 , 1.61446e+52
1.93995e-06 , 5.32742e+51 , 1.61446e+52
1.94329e-06 , 5.32742e+51 , 1.61446e+52
1.94663e-06 , 5.32742e+51 , 1.61446e+52
1.94996e-06 , 5.32742e+51 , 1.61446e+52
1.9533e-06 , 5.32742e+51 , 1.61446e+52
1.95664e-06 , 5.32742e+51 , 1.61446e+52
1.95998e-06 , 5.32742e+51 , 1.61446e+52
1.96332e-06 , 5.32742e+51 , 1.61446e+52
1.96666e-06 , 5.32742e+51 , 1.61446e+52
1.97e-06 , 5.32742e+51 , 1.61446e+52
1.97334e-06 , 5.32742e+51 , 1.61446e+52
1.97668e-06 , 5.32742e+51 , 1.61446e+52
1.98002e-06 , 5.32742e+51 , 1.61446e+52
1.98335e-06 , 5.32742e+51 , 1.61446e+52
1.98669e-06 , 5.32742e+51 , 1.61446e+52
1.99003e-06 , 5.32742e+51 , 1.61446e+52
1.99337e-06 , 5.32742e+51 , 1.61446e+52
1.99671e-06 , 5.32742e+51 , 1.61446e+52
2.00005e-06 , 5.32742e+51 , 1.61446e+52
2.00339e-06 , 5.32742e+51 , 1.61446e+52
2.00673e-06 , 5.32742e+51 , 1.61446e+52
2.01007e-06 , 5.32742e+51 , 1.61446e+52
2.01341e-06 , 5.32742e+51 , 1.61446e+52
2.01674e-06 , 5.32742e+51 , 1.61446e+52
2.02008e-06 , 5.32742e+51 , 1.61446e+52
2.02342e-06 , 5.32742e+51 , 1.61446e+52
2.02676e-06 , 5.32742e+51 , 1.61446e+52
2.0301e-06 , 5.32742e+51 , 1.61446e+52
2.03344e-06 , 5.32742e+51 , 1.61446e+52
2.03678e-06 , 5.32742e+51 , 1.61446e+52
2.04012e-06 , 5.32742e+51 , 1.61446e+52
2.04346e-06 , 5.32742e+51 , 1.61446e+52
2.04679e-06 , 5.32742e+51 , 1.61446e+52
2.05013e-06 , 5.32742e+51 , 1.61446e+52
2.05347e-06 , 5.32742e+51 , 1.61446e+52
2.05681e-06 , 5.32742e+51 , 1.61446e+52
2.06015e-06 , 5.32742e+51 , 1.61446e+52
2.06349e-06 , 5.32742e+51 , 1.61446e+52
2.06683e-06 , 5.32742e+51 , 1.61446e+52
2.07017e-06 , 5.32742e+51 , 1.61446e+52
2.07351e-06 , 5.32742e+51 , 1.61446e+52
2.07685e-06 , 5.32742e+51 , 1.61446e+52
2.08018e-06 , 5.32742e+51 , 1.61446e+52
2.08352e-06 , 5.32742e+51 , 1.61446e+52
2.08686e-06 , 5.32742e+51 , 1.61446e+52
2.0902e-06 , 5.32742e+51 , 1.61446e+52
2.09354e-06 , 5.32742e+51 , 1.61446e+52
2.09688e-06 , 5.32742e+51 , 1.61446e+52
2.10022e-06 , 5.32742e+51 , 1.61446e+52
2.10356e-06 , 5.32742e+51 , 1.61446e+52
2.1069e-06 , 5.32742e+51 , 1.61446e+52
2.11024e-06 , 5.32742e+51 , 1.61446e+52
2.11357e-06 , 5.32742e+51 , 1.61446e+52
2.11691e-06 , 5.32742e+51 , 1.61446e+52
2.12025e-06 , 5.32742e+51 , 1.61446e+52
2.12359e-06 , 5.32742e+51 , 1.61446e+52
2.12693e-06 , 5.32742e+51 , 1.61446e+52
2.13027e-06 , 5.32742e+51 , 1.61446e+52
2.13361e-06 , 5.32742e+51 , 1.61446e+52
2.13695e-06 , 5.32742e+51 , 1.61446e+52
2.14029e-06 , 5.32742e+51 , 1.61446e+52
2.14363e-06 , 5.32742e+51 , 1.61446e+52
2.14696e-06 , 5.32742e+51 , 1.61446e+52
2.1503e-06 , 5.32742e+51 , 1.61446e+52
2.15364e-06 , 5.32742e+51 , 1.61446e+52
2.15698e-06 , 5.32742e+51 , 1.61446e+52
2.16032e-06 , 5.32742e+51 , 1.61446e+52
2.16366e-06 , 5.32742e+51 , 1.61446e+52
2.167e-06 , 5.32742e+51 , 1.61446e+52
2.17034e-06 , 5.32742e+51 , 1.61446e+52
2.17368e-06 , 5.32742e+51 , 1.61446e+52
2.17702e-06 , 5.32742e+51 , 1.61446e+52
2.18035e-06 , 5.32742e+51 , 1.61446e+52
2.18369e-06 , 5.32742e+51 , 1.61446e+52
2.18703e-06 , 5.32742e+51 , 1.61446e+52
2.19037e-06 , 5.32742e+51 , 1.61446e+52
2.19371e-06 , 5.32742e+51 , 1.61446e+52
2.19705e-06 , 5.32742e+51 , 1.61446e+52
2.20039e-06 , 5.32742e+51 , 1.61446e+52
2.20373e-06 , 5.32742e+51 , 1.61446e+52
2.20707e-06 , 5.32742e+51 , 1.61446e+52
2.2104e-06 , 5.32742e+51 , 1.61446e+52
2.21374e-06 , 5.32742e+51 , 1.61446e+52
2.21708e-06 , 5.32742e+51 , 1.61446e+52
2.22042e-06 , 5.32742e+51 , 1.61446e+52
2.22376e-06 , 5.32742e+51 , 1.61446e+52
2.2271e-06 , 5.32742e+51 , 1.61446e+52
2.23044e-06 , 5.32742e+51 , 1.61446e+52
2.23378e-06 , 5.32742e+51 , 1.61446e+52
2.23712e-06 , 5.32742e+51 , 1.61446e+52
2.24046e-06 , 5.32742e+51 , 1.61446e+52
2.24379e-06 , 5.32742e+51 , 1.61446e+52
2.24713e-06 , 5.32742e+51 , 1.61446e+52
2.25047e-06 , 5.32742e+51 , 1.61446e+52
2.25381e-06 , 5.32742e+51 , 1.61446e+52
2.25715e-06 , 5.32742e+51 , 1.61446e+52
2.26049e-06 , 5.32742e+51 , 1.61446e+52
2.26383e-06 , 5.32742e+51 , 1.61446e+52
2.26717e-06 , 5.32742e+51 , 1.61446e+52
2.27051e-06 , 5.32742e+51 , 1.61446e+52
2.27385e-06 , 5.32742e+51 , 1.61446e+52
2.27718e-06 , 5.32742e+51 , 1.61446e+52
2.28052e-06 , 5.32742e+51 , 1.61446e+52
2.28386e-06 , 5.32742e+51 , 1.61446e+52
2.2872e-06 , 5.32742e+51 , 1.61446e+52
2.29054e-06 , 5.32742e+51 , 1.61446e+52
2.29388e-06 , 5.32742e+51 , 1.61446e+52
2.29722e-06 , 5.32742e+51 , 1.61446e+52
2.30056e-06 , 5.32742e+51 , 1.61446e+52
2.3039e-06 , 5.32742e+51 , 1.61446e+52
2.30724e-06 , 5.32742e+51 , 1.61446e+52
2.31057e-06 , 5.32742e+51 , 1.61446e+52
2.31391e-06 , 5.32742e+51 , 1.61446e+52
2.31725e-06 , 5.32742e+51 , 1.61446e+52
2.32059e-06 , 5.32742e+51 , 1.61446e+52
2.32393e-06 , 5.32742e+51 , 1.61446e+52
2.32727e-06 , 5.32742e+51 , 1.61446e+52
2.33061e-06 , 5.32742e+51 , 1.61446e+52
2.33395e-06 , 5.32742e+51 , 1.61446e+52
2.33729e-06 , 5.32742e+51 , 1.61446e+52
2.34063e-06 , 5.32742e+51 , 1.61446e+52
2.34396e-06 , 5.32742e+51 , 1.61446e+52
2.3473e-06 , 5.32742e+51 , 1.61446e+52
2.35064e-06 , 5.32742e+51 , 1.61446e+52
2.35398e-06 , 5.32742e+51 , 1.61446e+52
2.35732e-06 , 5.32742e+51 , 1.61446e+52
2.36066e-06 , 5.32742e+51 , 1.61446e+52
2.364e-06 , 5.32742e+51 , 1.61446e+52
2.36734e-06 , 5.32742e+51 , 1.61446e+52
2.37068e-06 , 5.32742e+51 , 1.61446e+52
2.37401e-06 , 5.32742e+51 , 1.61446e+52
2.37735e-06 , 5.32742e+51 , 1.61446e+52
2.38069e-06 , 5.32742e+51 , 1.61446e+52
2.38403e-06 , 5.32742e+51 , 1.61446e+52
2.38737e-06 , 5.32742e+51 , 1.61446e+52
2.39071e-06 , 5.32742e+51 , 1.61446e+52
2.39405e-06 , 5.32742e+51 , 1.61446e+52
2.39739e-06 , 5.32742e+51 , 1.61446e+52
2.40073e-06 , 5.32742e+51 , 1.61446e+52
2.40407e-06 , 5.32742e+51 , 1.61446e+52
2.4074e-06 , 5.32742e+51 , 1.61446e+52
2.41074e-06 , 5.32742e+51 , 1.61446e+52
2.41408e-06 , 5.32742e+51 , 1.61446e+52
2.41742e-06 , 5.32742e+51 , 1.61446e+52
2.42076e-06 , 5.32742e+51 , 1.61446e+52
2.4241e-06 , 5.32742e+51 , 1.61446e+52
2.42744e-06 , 5.32742e+51 , 1.61446e+52
2.43078e-06 , 5.32742e+51 , 1.61446e+52
2.43412e-06 , 5.32742e+51 , 1.61446e+52
2.43746e-06 , 5.32742e+51 , 1.61446e+52
2.44079e-06 , 5.32742e+51 , 1.61446e+52
2.44413e-06 , 5.32742e+51 , 1.61446e+52
2.44747e-06 , 5.32742e+51 , 1.61446e+52
2.45081e-06 , 5.32742e+51 , 1.61446e+52
2.45415e-06 , 5.32742e+51 , 1.61446e+52
2.45749e-06 , 5.32742e+51 , 1.61446e+52
2.46083e-06 , 5.32742e+51 , 1.61446e+52
2.46417e-06 , 5.32742e+51 , 1.61446e+52
2.46751e-06 , 5.32742e+51 , 1.61446e+52
2.47085e-06 , 5.32742e+51 , 1.61446e+52
2.47418e-06 , 5.32742e+51 , 1.61446e+52
2.47752e-06 , 5.32742e+51 , 1.61446e+52
2.48086e-06 , 5.32742e+51 , 1.61446e+52
2.4842e-06 , 5.32742e+51 , 1.61446e+52
2.48754e-06 , 5.32742e+51 , 1.61446e+52
2.49088e-06 , 5.32742e+51 , 1.61446e+52
2.49422e-06 , 5.32742e+51 , 1.61446e+52
2.49756e-06 , 5.32742e+51 , 1.61446e+52
2.5009e-06 , 5.32742e+51 , 1.61446e+52
2.50424e-06 , 5.32742e+51 , 1.61446e+52
2.50757e-06 , 5.32742e+51 , 1.61446e+52
2.51091e-06 , 5.32742e+51 , 1.61446e+52
2.51425e-06 , 5.32742e+51 , 1.61446e+52
2.51759e-06 , 5.32742e+51 , 1.61446e+52
2.52093e-06 , 5.32742e+51 , 1.61446e+52
2.52427e-06 , 5.32742e+51 , 1.61446e+52
2.52761e-06 , 5.32742e+51 , 1.61446e+52
2.53095e-06 , 5.32742e+51 , 1.61446e+52
2.53429e-06 , 5.32742e+51 , 1.61446e+52
2.53762e-06 , 5.32742e+51 , 1.61446e+52
2.54096e-06 , 5.32742e+51 , 1.61446e+52
2.5443e-06 , 5.32742e+51 , 1.61446e+52
2.54764e-06 , 5.32742e+51 , 1.61446e+52
2.55098e-06 , 5.32742e+51 , 1.61446e+52
2.55432e-06 , 5.32742e+51 , 1.61446e+52
2.55766e-06 , 5.32742e+51 , 1.61446e+52
2.561e-06 , 5.32742e+51 , 1.61446e+52
2.56434e-06 , 5.32742e+51 , 1.61446e+52
2.56768e-06 , 5.32742e+51 , 1.61446e+52
2.57101e-06 , 5.32742e+51 , 1.61446e+52
2.57435e-06 , 5.32742e+51 , 1.61446e+52
2.57769e-06 , 5.32742e+51 , 1.61446e+52
2.58103e-06 , 5.32742e+51 , 1.61446e+52
2.58437e-06 , 5.32742e+51 , 1.61446e+52
2.58771e-06 , 5.32742e+51 , 1.61446e+52
2.59105e-06 , 5.32742e+51 , 1.61446e+52
2.59439e-06 , 5.32742e+51 , 1.61446e+52
2.59773e-06 , 5.32742e+51 , 1.61446e+52
2.60107e-06 , 5.32742e+51 , 1.61446e+52
2.6044e-06 , 5.32742e+51 , 1.61446e+52
2.60774e-06 , 5.32742e+51 , 1.61446e+52
2.61108e-06 , 5.32742e+51 , 1.61446e+52
2.61442e-06 , 5.32742e+51 , 1.61446e+52
2.61776e-06 , 5.32742e+51 , 1.61446e+52
2.6211e-06 , 5.32742e+51 , 1.61446e+52
2.62444e-06 , 5.32742e+51 , 1.61446e+52
2.62778e-06 , 5.32742e+51 , 1.61446e+52
2.63112e-06 , 5.32742e+51 , 1.61446e+52
2.63446e-06 , 5.32742e+51 , 1.61446e+52
2.63779e-06 , 5.32742e+51 , 1.61446e+52
2.64113e-06 , 5.32742e+51 , 1.61446e+52
2.64447e-06 , 5.32742e+51 , 1.61446e+52
2.64781e-06 , 5.32742e+51 , 1.61446e+52
2.65115e-06 , 5.32742e+51 , 1.61446e+52
2.65449e-06 , 5.32742e+51 , 1.61446e+52
2.65783e-06 , 5.32742e+51 , 1.61446e+52
2.66117e-06 , 5.32742e+51 , 1.61446e+52
2.66451e-06 , 5.32742e+51 , 1.61446e+52
2.66785e-06 , 5.32742e+51 , 1.61446e+52
2.67118e-06 , 5.32742e+51 , 1.61446e+52
2.67452e-06 , 5.32742e+51 , 1.61446e+52
2.67786e-06 , 5.32742e+51 , 1.61446e+52
2.6812e-06 , 5.32742e+51 , 1.61446e+52
2.68454e-06 , 5.32742e+51 , 1.61446e+52
2.68788e-06 , 5.32742e+51 , 1.61446e+52
2.69122e-06 , 5.32742e+51 , 1.61446e+52
2.69456e-06 , 5.32742e+51 , 1.61446e+52
2.6979e-06 , 5.32742e+51 , 1.61446e+52
2.70123e-06 , 5.32742e+51 , 1.61446e+52
2.70457e-06 , 5.32742e+51 , 1.61446e+52
2.70791e-06 , 5.32742e+51 , 1.61446e+52
2.71125e-06 , 5.32742e+51 , 1.61446e+52
2.71459e-06 , 5.32742e+51 , 1.61446e+52
2.71793e-06 , 5.32742e+51 , 1.61446e+52
2.72127e-06 , 5.32742e+51 , 1.61446e+52
2.72461e-06 , 5.32742e+51 , 1.61446e+52
2.72795e-06 , 5.32742e+51 , 1.61446e+52
2.73129e-06 , 5.32742e+51 , 1.61446e+52
2.73462e-06 , 5.32742e+51 , 1.61446e+52
2.73796e-06 , 5.32742e+51 , 1.61446e+52
2.7413e-06 , 5.32742e+51 , 1.61446e+52
2.74464e-06 , 5.32742e+51 , 1.61446e+52
2.74798e-06 , 5.32742e+51 , 1.61446e+52
2.75132e-06 , 5.32742e+51 , 1.61446e+52
2.75466e-06 , 5.32742e+51 , 1.61446e+52
2.758e-06 , 5.32742e+51 , 1.61446e+52
2.76134e-06 , 5.32742e+51 , 1.61446e+52
2.76468e-06 , 5.32742e+51 , 1.61446e+52
2.76801e-06 , 5.32742e+51 , 1.61446e+52
2.77135e-06 , 5.32742e+51 , 1.61446e+52
2.77469e-06 , 5.32742e+51 , 1.61446e+52
2.77803e-06 , 5.32742e+51 , 1.61446e+52
2.78137e-06 , 5.32742e+51 , 1.61446e+52
2.78471e-06 , 5.32742e+51 , 1.61446e+52
2.78805e-06 , 5.32742e+51 , 1.61446e+52
2.79139e-06 , 5.32742e+51 , 1.61446e+52
2.79473e-06 , 5.32742e+51 , 1.61446e+52
2.79807e-06 , 5.32742e+51 , 1.61446e+52
2.8014e-06 , 5.32742e+51 , 1.61446e+52
2.80474e-06 , 5.32742e+51 , 1.61446e+52
2.80808e-06 , 5.32742e+51 , 1.61446e+52
2.81142e-06 , 5.32742e+51 , 1.61446e+52
2.81476e-06 , 5.32742e+51 , 1.61446e+52
2.8181e-06 , 5.32742e+51 , 1.61446e+52
2.82144e-06 , 5.32742e+51 , 1.61446e+52
2.82478e-06 , 5.32742e+51 , 1.61446e+52
2.82812e-06 , 5.32742e+51 , 1.61446e+52
2.83146e-06 , 5.32742e+51 , 1.61446e+52
2.83479e-06 , 5.32742e+51 , 1.61446e+52
2.83813e-06 , 5.32742e+51 , 1.61446e+52
2.84147e-06 , 5.32742e+51 , 1.61446e+52
2.84481e-06 , 5.32742e+51 , 1.61446e+52
2.84815e-06 , 5.32742e+51 , 1.61446e+52
2.85149e-06 , 5.32742e+51 , 1.61446e+52
2.85483e-06 , 5.32742e+51 , 1.61446e+52
2.85817e-06 , 5.32742e+51 , 1.61446e+52
2.86151e-06 , 5.32742e+51 , 1.61446e+52
2.86484e-06 , 5.32742e+51 , 1.61446e+52
2.86818e-06 , 5.32742e+51 , 1.61446e+52
2.87152e-06 , 5.32742e+51 , 1.61446e+52
2.87486e-06 , 5.32742e+51 , 1.61446e+52
2.8782e-06 , 5.32742e+51 , 1.61446e+52
2.88154e-06 , 5.32742e+51 , 1.61446e+52
2.88488e-06 , 5.32742e+51 , 1.61446e+52
2.88822e-06 , 5.32742e+51 , 1.61446e+52
2.89156e-06 , 5.32742e+51 , 1.61446e+52
2.8949e-06 , 5.32742e+51 , 1.61446e+52
2.89823e-06 , 5.32742e+51 , 1.61446e+52
2.90157e-06 , 5.32742e+51 , 1.61446e+52
2.90491e-06 , 5.32742e+51 , 1.61446e+52
2.90825e-06 , 5.32742e+51 , 1.61446e+52
2.91159e-06 , 5.32742e+51 , 1.61446e+52
2.91493e-06 , 5.32742e+51 , 1.61446e+52
2.91827e-06 , 5.32742e+51 , 1.61446e+52
2.92161e-06 , 5.32742e+51 , 1.61446e+52
2.92495e-06 , 5.32742e+51 , 1.61446e+52
2.92829e-06 , 5.32742e+51 , 1.61446e+52
2.93162e-06 , 5.32742e+51 , 1.61446e+52
2.93496e-06 , 5.32742e+51 , 1.61446e+52
2.9383e-06 , 5.32742e+51 , 1.61446e+52
2.94164e-06 , 5.32742e+51 , 1.61446e+52
2.94498e-06 , 5.32742e+51 , 1.61446e+52
2.94832e-06 , 5.32742e+51 , 1.61446e+52
2.95166e-06 , 5.32742e+51 , 1.61446e+52
2.955e-06 , 5.32742e+51 , 1.61446e+52
2.95834e-06 , 5.32742e+51 , 1.61446e+52
2.96168e-06 , 5.32742e+51 , 1.61446e+52
2.96501e-06 , 5.32742e+51 , 1.61446e+52
2.96835e-06 , 5.32742e+51 , 1.61446e+52
2.97169e-06 , 5.32742e+51 , 1.61446e+52
2.97503e-06 , 5.32742e+51 , 1.61446e+52
2.97837e-06 , 5.32742e+51 , 1.61446e+52
2.98171e-06 , 5.32742e+51 , 1.61446e+52
2.98505e-06 , 5.32742e+51 , 1.61446e+52
2.98839e-06 , 5.32742e+51 , 1.61446e+52
2.99173e-06 , 5.32742e+51 , 1.61446e+52
2.99507e-06 , 5.32742e+51 , 1.61446e+52
2.9984e-06 , 5.32742e+51 , 1.61446e+52
3.00174e-06 , 5.32742e+51 , 1.61446e+52
3.00508e-06 , 5.32742e+51 , 1.61446e+52
3.00842e-06 , 5.32742e+51 , 1.61446e+52
3.01176e-06 , 5.32742e+51 , 1.61446e+52
3.0151e-06 , 5.32742e+51 , 1.61446e+52
3.01844e-06 , 5.32742e+51 , 1.61446e+52
3.02178e-06 , 5.32742e+51 , 1.61446e+52
3.02512e-06 , 5.32742e+51 , 1.61446e+52
3.02845e-06 , 5.32742e+51 , 1.61446e+52
3.03179e-06 , 5.32742e+51 , 1.61446e+52
3.03513e-06 , 5.32742e+51 , 1.61446e+52
3.03847e-06 , 5.32742e+51 , 1.61446e+52
3.04181e-06 , 5.32742e+51 , 1.61446e+52
3.04515e-06 , 5.32742e+51 , 1.61446e+52
3.04849e-06 , 5.32742e+51 , 1.61446e+52
3.05183e-06 , 5.32742e+51 , 1.61446e+52
3.05517e-06 , 5.32742e+51 , 1.61446e+52
3.05851e-06 , 5.32742e+51 , 1.61446e+52
3.06184e-06 , 5.32742e+51 , 1.61446e+52
3.06518e-06 , 5.32742e+51 , 1.61446e+52
3.06852e-06 , 5.32742e+51 , 1.61446e+52
3.07186e-06 , 5.32742e+51 , 1.61446e+52
3.0752e-06 , 5.32742e+51 , 1.61446e+52
3.07854e-06 , 5.32742e+51 , 1.61446e+52
3.08188e-06 , 5.32742e+51 , 1.61446e+52
3.08522e-06 , 5.32742e+51 , 1.61446e+52
3.08856e-06 , 5.32742e+51 , 1.61446e+52
3.0919e-06 , 5.32742e+51 , 1.61446e+52
3.09523e-06 , 5.32742e+51 , 1.61446e+52
3.09857e-06 , 5.32742e+51 , 1.61446e+52
3.10191e-06 , 5.32742e+51 , 1.61446e+52
3.10525e-06 , 5.32742e+51 , 1.61446e+52
3.10859e-06 , 5.32742e+51 , 1.61446e+52
3.11193e-06 , 5.32742e+51 , 1.61446e+52
3.11527e-06 , 5.32742e+51 , 1.61446e+52
3.11861e-06 , 5.32742e+51 , 1.61446e+52
3.12195e-06 , 5.32742e+51 , 1.61446e+52
3.12529e-06 , 5.32742e+51 , 1.61446e+52
3.12862e-06 , 5.32742e+51 , 1.61446e+52
3.13196e-06 , 5.32742e+51 , 1.61446e+52
3.1353e-06 , 5.32742e+51 , 1.61446e+52
3.13864e-06 , 5.32742e+51 , 1.61446e+52
3.14198e-06 , 5.32742e+51 , 1.61446e+52
3.14532e-06 , 5.32742e+51 , 1.61446e+52
3.14866e-06 , 5.32742e+51 , 1.61446e+52
3.152e-06 , 5.32742e+51 , 1.61446e+52
3.15534e-06 , 5.32742e+51 , 1.61446e+52
3.15868e-06 , 5.32742e+51 , 1.61446e+52
3.16201e-06 , 5.32742e+51 , 1.61446e+52
3.16535e-06 , 5.32742e+51 , 1.61446e+52
3.16869e-06 , 5.32742e+51 , 1.61446e+52
3.17203e-06 , 5.32742e+51 , 1.61446e+52
3.17537e-06 , 5.32742e+51 , 1.61446e+52
3.17871e-06 , 5.32742e+51 , 1.61446e+52
3.18205e-06 , 5.32742e+51 , 1.61446e+52
3.18539e-06 , 5.32742e+51 , 1.61446e+52
3.18873e-06 , 5.32742e+51 , 1.61446e+52
3.19206e-06 , 5.32742e+51 , 1.61446e+52
3.1954e-06 , 5.32742e+51 , 1.61446e+52
3.19874e-06 , 5.32742e+51 , 1.61446e+52
3.20208e-06 , 5.32742e+51 , 1.61446e+52
3.20542e-06 , 5.32742e+51 , 1.61446e+52
3.20876e-06 , 5.32742e+51 , 1.61446e+52
3.2121e-06 , 5.32742e+51 , 1.61446e+52
3.21544e-06 , 5.32742e+51 , 1.61446e+52
3.21878e-06 , 5.32742e+51 , 1.61446e+52
3.22212e-06 , 5.32742e+51 , 1.61446e+52
3.22545e-06 , 5.32742e+51 , 1.61446e+52
3.22879e-06 , 5.32742e+51 , 1.61446e+52
3.23213e-06 , 5.32742e+51 , 1.61446e+52
3.23547e-06 , 5.32742e+51 , 1.61446e+52
3.23881e-06 , 5.32742e+51 , 1.61446e+52
3.24215e-06 , 5.32742e+51 , 1.61446e+52
3.24549e-06 , 5.32742e+51 , 1.61446e+52
3.24883e-06 , 5.32742e+51 , 1.61446e+52
3.25217e-06 , 5.32742e+51 , 1.61446e+52
3.25551e-06 , 5.32742e+51 , 1.61446e+52
3.25884e-06 , 5.32742e+51 , 1.61446e+52
3.26218e-06 , 5.32742e+51 , 1.61446e+52
3.26552e-06 , 5.32742e+51 , 1.61446e+52
3.26886e-06 , 5.32742e+51 , 1.61446e+52
3.2722e-06 , 5.32742e+51 , 1.61446e+52
3.27554e-06 , 5.32742e+51 , 1.61446e+52
3.27888e-06 , 5.32742e+51 , 1.61446e+52
3.28222e-06 , 5.32742e+51 , 1.61446e+52
3.28556e-06 , 5.32742e+51 , 1.61446e+52
3.2889e-06 , 5.32742e+51 , 1.61446e+52
3.29223e-06 , 5.32742e+51 , 1.61446e+52
3.29557e-06 , 5.32742e+51 , 1.61446e+52
3.29891e-06 , 5.32742e+51 , 1.61446e+52
3.30225e-06 , 5.32742e+51 , 1.61446e+52
3.30559e-06 , 5.32742e+51 , 1.61446e+52
3.30893e-06 , 5.32742e+51 , 1.61446e+52
3.31227e-06 , 5.32742e+51 , 1.61446e+52
3.31561e-06 , 5.32742e+51 , 1.61446e+52
3.31895e-06 , 5.32742e+51 , 1.61446e+52
3.32229e-06 , 5.32742e+51 , 1.61446e+52
3.32562e-06 , 5.32742e+51 , 1.61446e+52
3.32896e-06 , 5.32742e+51 , 1.61446e+52
3.3323e-06 , 5.32742e+51 , 1.61446e+52
3.33564e-06 , 5.32742e+51 , 1.61446e+52
