0 1
1e+07 714507
2e+07 21287.9
3e+07 7304.59
4e+07 3685.4
5e+07 2219.98
6e+07 1482.83
7e+07 1060.12
8e+07 795.37
9e+07 618.625
1e+08 494.797
1.1e+08 404.692
1.2e+08 337.094
1.3e+08 285.089
1.4e+08 244.228
1.5e+08 211.544
1.6e+08 184.993
1.7e+08 163.133
1.8e+08 144.922
1.9e+08 129.593
2e+08 116.568
2.1e+08 105.408
2.2e+08 95.7746
2.3e+08 87.4017
2.4e+08 80.0791
2.5e+08 73.6386
2.6e+08 67.9442
2.7e+08 62.8853
2.8e+08 58.371
2.9e+08 54.326
3e+08 50.6876
3.1e+08 47.4032
3.2e+08 44.4285
3.3e+08 41.7259
3.4e+08 39.2633
3.5e+08 37.0131
3.6e+08 34.9518
3.7e+08 33.0587
3.8e+08 31.3162
3.9e+08 29.7088
4e+08 28.2229
4.1e+08 26.8467
4.2e+08 25.5695
4.3e+08 24.3823
4.4e+08 23.2767
4.5e+08 22.2455
4.6e+08 21.2822
4.7e+08 20.381
4.8e+08 19.5367
4.9e+08 18.7446
5e+08 18.0005
5.1e+08 17.3007
5.2e+08 16.6417
5.3e+08 16.0205
5.4e+08 15.4341
5.5e+08 14.8801
5.6e+08 14.3562
5.7e+08 13.8602
5.8e+08 13.3901
5.9e+08 12.9443
6e+08 12.521
6.1e+08 12.1189
6.2e+08 11.7365
6.3e+08 11.3725
6.4e+08 11.0259
6.5e+08 10.6955
6.6e+08 10.3803
6.7e+08 10.0794
6.8e+08 9.79207
6.9e+08 9.51739
7e+08 9.25467
7.1e+08 9.00324
7.2e+08 8.76245
7.3e+08 8.53172
7.4e+08 8.31051
7.5e+08 8.0983
7.6e+08 7.89461
7.7e+08 7.699
7.8e+08 7.51105
7.9e+08 7.33037
8e+08 7.1566
8.1e+08 6.98938
8.2e+08 6.8284
8.3e+08 6.67334
8.4e+08 6.52394
8.5e+08 6.37992
8.6e+08 6.24102
8.7e+08 6.10701
8.8e+08 5.97767
8.9e+08 5.85278
9e+08 5.73214
9.1e+08 5.61557
9.2e+08 5.50288
9.3e+08 5.39391
9.4e+08 5.28849
9.5e+08 5.18648
9.6e+08 5.08774
9.7e+08 4.99211
9.8e+08 4.89949
9.9e+08 4.80974
1e+09 4.72275
1.01e+09 4.63841
1.02e+09 4.55661
1.03e+09 4.47725
1.04e+09 4.40024
1.05e+09 4.32549
1.06e+09 4.25291
1.07e+09 4.18242
1.08e+09 4.11394
1.09e+09 4.0474
1.1e+09 3.98272
1.11e+09 3.91984
1.12e+09 3.85869
1.13e+09 3.7992
1.14e+09 3.74133
1.15e+09 3.68502
1.16e+09 3.6302
1.17e+09 3.57683
1.18e+09 3.52486
1.19e+09 3.47423
1.2e+09 3.42491
1.21e+09 3.37686
1.22e+09 3.33002
1.23e+09 3.28436
1.24e+09 3.23984
1.25e+09 3.19642
1.26e+09 3.15407
1.27e+09 3.11275
1.28e+09 3.07244
1.29e+09 3.03309
1.3e+09 2.99468
1.31e+09 2.95718
1.32e+09 2.92057
1.33e+09 2.88481
1.34e+09 2.84987
1.35e+09 2.81574
1.36e+09 2.7824
1.37e+09 2.7498
1.38e+09 2.71794
1.39e+09 2.6868
1.4e+09 2.65635
1.41e+09 2.62657
1.42e+09 2.59744
1.43e+09 2.56895
1.44e+09 2.54107
1.45e+09 2.51379
1.46e+09 2.4871
1.47e+09 2.46097
1.48e+09 2.4354
1.49e+09 2.41035
1.5e+09 2.38584
1.51e+09 2.36182
1.52e+09 2.3383
1.53e+09 2.31527
1.54e+09 2.29269
1.55e+09 2.27058
1.56e+09 2.24891
1.57e+09 2.22767
1.58e+09 2.20685
1.59e+09 2.18644
1.6e+09 2.16643
1.61e+09 2.14681
1.62e+09 2.12757
1.63e+09 2.10871
1.64e+09 2.0902
1.65e+09 2.07204
1.66e+09 2.05423
1.67e+09 2.03675
1.68e+09 2.0196
1.69e+09 2.00277
1.7e+09 1.98625
1.71e+09 1.97004
1.72e+09 1.95412
1.73e+09 1.93849
1.74e+09 1.92314
1.75e+09 1.90807
1.76e+09 1.89327
1.77e+09 1.87873
1.78e+09 1.86445
1.79e+09 1.85043
1.8e+09 1.83665
1.81e+09 1.82311
1.82e+09 1.8098
1.83e+09 1.79672
1.84e+09 1.78387
1.85e+09 1.77124
1.86e+09 1.75883
1.87e+09 1.74662
1.88e+09 1.73462
1.89e+09 1.72282
1.9e+09 1.71122
1.91e+09 1.69981
1.92e+09 1.68859
1.93e+09 1.67755
1.94e+09 1.66669
1.95e+09 1.65601
1.96e+09 1.64551
1.97e+09 1.63517
1.98e+09 1.625
1.99e+09 1.61499
2e+09 1.60514
2.01e+09 1.59545
2.02e+09 1.58591
2.03e+09 1.57652
2.04e+09 1.56728
2.05e+09 1.55818
2.06e+09 1.54922
2.07e+09 1.5404
2.08e+09 1.53171
2.09e+09 1.52316
2.1e+09 1.51474
2.11e+09 1.50645
2.12e+09 1.49828
2.13e+09 1.49023
2.14e+09 1.48231
2.15e+09 1.4745
2.16e+09 1.46681
2.17e+09 1.45923
2.18e+09 1.45176
2.19e+09 1.4444
2.2e+09 1.43715
2.21e+09 1.43001
2.22e+09 1.42297
2.23e+09 1.41603
2.24e+09 1.40919
2.25e+09 1.40245
2.26e+09 1.3958
2.27e+09 1.38925
2.28e+09 1.38279
2.29e+09 1.37642
2.3e+09 1.37015
2.31e+09 1.36395
2.32e+09 1.35785
2.33e+09 1.35183
2.34e+09 1.34589
2.35e+09 1.34004
2.36e+09 1.33426
2.37e+09 1.32857
2.38e+09 1.32295
2.39e+09 1.31741
2.4e+09 1.31194
2.41e+09 1.30655
2.42e+09 1.30123
2.43e+09 1.29597
2.44e+09 1.29079
2.45e+09 1.28568
2.46e+09 1.28064
2.47e+09 1.27566
2.48e+09 1.27075
2.49e+09 1.2659
2.5e+09 1.26112
2.51e+09 1.25639
2.52e+09 1.25173
2.53e+09 1.24713
2.54e+09 1.24259
2.55e+09 1.23811
2.56e+09 1.23368
2.57e+09 1.22931
2.58e+09 1.22499
2.59e+09 1.22073
2.6e+09 1.21653
2.61e+09 1.21237
2.62e+09 1.20827
2.63e+09 1.20422
2.64e+09 1.20022
2.65e+09 1.19627
2.66e+09 1.19237
2.67e+09 1.18852
2.68e+09 1.18471
2.69e+09 1.18095
2.7e+09 1.17724
2.71e+09 1.17357
2.72e+09 1.16995
2.73e+09 1.16636
2.74e+09 1.16283
2.75e+09 1.15933
2.76e+09 1.15588
2.77e+09 1.15247
2.78e+09 1.1491
2.79e+09 1.14577
2.8e+09 1.14248
2.81e+09 1.13922
2.82e+09 1.13601
2.83e+09 1.13283
2.84e+09 1.1297
2.85e+09 1.12659
2.86e+09 1.12353
2.87e+09 1.1205
2.88e+09 1.1175
2.89e+09 1.11454
2.9e+09 1.11161
2.91e+09 1.10872
2.92e+09 1.10586
2.93e+09 1.10303
2.94e+09 1.10023
2.95e+09 1.09747
2.96e+09 1.09474
2.97e+09 1.09203
2.98e+09 1.08936
2.99e+09 1.08672
3e+09 1.08411
3.01e+09 1.08153
3.02e+09 1.07897
3.03e+09 1.07645
3.04e+09 1.07395
3.05e+09 1.07148
3.06e+09 1.06904
3.07e+09 1.06662
3.08e+09 1.06423
3.09e+09 1.06187
3.1e+09 1.05953
3.11e+09 1.05722
3.12e+09 1.05493
3.13e+09 1.05267
3.14e+09 1.05043
3.15e+09 1.04822
3.16e+09 1.04603
3.17e+09 1.04386
3.18e+09 1.04172
3.19e+09 1.0396
3.2e+09 1.0375
3.21e+09 1.03542
3.22e+09 1.03337
3.23e+09 1.03134
3.24e+09 1.02933
3.25e+09 1.02734
3.26e+09 1.02537
3.27e+09 1.02342
3.28e+09 1.02149
3.29e+09 1.01958
3.3e+09 1.0177
3.31e+09 1.01583
3.32e+09 1.01398
3.33e+09 1.01215
3.34e+09 1.01034
3.35e+09 1.00855
3.36e+09 1.00677
3.37e+09 1.00502
3.38e+09 1.00328
3.39e+09 1.00156
3.4e+09 0.999857
3.41e+09 0.998172
3.42e+09 0.996503
3.43e+09 0.994852
3.44e+09 0.993217
3.45e+09 0.991599
3.46e+09 0.989997
3.47e+09 0.988411
3.48e+09 0.986841
3.49e+09 0.985286
3.5e+09 0.983747
3.51e+09 0.982224
3.52e+09 0.980715
3.53e+09 0.979221
3.54e+09 0.977742
3.55e+09 0.976278
3.56e+09 0.974828
3.57e+09 0.973393
3.58e+09 0.971971
3.59e+09 0.970563
3.6e+09 0.969169
3.61e+09 0.967789
3.62e+09 0.966422
3.63e+09 0.965069
3.64e+09 0.963728
3.65e+09 0.9624
3.66e+09 0.961086
3.67e+09 0.959784
3.68e+09 0.958494
3.69e+09 0.957217
3.7e+09 0.955952
3.71e+09 0.954699
3.72e+09 0.953458
3.73e+09 0.95223
3.74e+09 0.951012
3.75e+09 0.949806
3.76e+09 0.948612
3.77e+09 0.947429
3.78e+09 0.946257
3.79e+09 0.945097
3.8e+09 0.943947
3.81e+09 0.942808
3.82e+09 0.94168
3.83e+09 0.940562
3.84e+09 0.939455
3.85e+09 0.938358
3.86e+09 0.937271
3.87e+09 0.936195
3.88e+09 0.935128
3.89e+09 0.934072
3.9e+09 0.933025
3.91e+09 0.931988
3.92e+09 0.93096
3.93e+09 0.929942
3.94e+09 0.928934
3.95e+09 0.927934
3.96e+09 0.926944
3.97e+09 0.925963
3.98e+09 0.924991
3.99e+09 0.924028
4e+09 0.923073
4.01e+09 0.922127
4.02e+09 0.92119
4.03e+09 0.920262
4.04e+09 0.919342
4.05e+09 0.91843
4.06e+09 0.917526
4.07e+09 0.916631
4.08e+09 0.915744
4.09e+09 0.914864
4.1e+09 0.913993
4.11e+09 0.913129
4.12e+09 0.912274
4.13e+09 0.911426
4.14e+09 0.910585
4.15e+09 0.909752
4.16e+09 0.908927
4.17e+09 0.908109
4.18e+09 0.907298
4.19e+09 0.906494
4.2e+09 0.905698
4.21e+09 0.904908
4.22e+09 0.904126
4.23e+09 0.90335
4.24e+09 0.902582
4.25e+09 0.90182
4.26e+09 0.901065
4.27e+09 0.900317
4.28e+09 0.899575
4.29e+09 0.898839
4.3e+09 0.898111
4.31e+09 0.897388
4.32e+09 0.896672
4.33e+09 0.895962
4.34e+09 0.895259
4.35e+09 0.894561
4.36e+09 0.89387
4.37e+09 0.893185
4.38e+09 0.892505
4.39e+09 0.891832
4.4e+09 0.891165
4.41e+09 0.890503
4.42e+09 0.889847
4.43e+09 0.889196
4.44e+09 0.888552
4.45e+09 0.887913
4.46e+09 0.887279
4.47e+09 0.886651
4.48e+09 0.886028
4.49e+09 0.885411
4.5e+09 0.884799
4.51e+09 0.884193
4.52e+09 0.883591
4.53e+09 0.882995
4.54e+09 0.882404
4.55e+09 0.881817
4.56e+09 0.881236
4.57e+09 0.88066
4.58e+09 0.880089
4.59e+09 0.879523
4.6e+09 0.878961
4.61e+09 0.878405
4.62e+09 0.877853
4.63e+09 0.877306
4.64e+09 0.876763
4.65e+09 0.876225
4.66e+09 0.875692
4.67e+09 0.875163
4.68e+09 0.874639
4.69e+09 0.874119
4.7e+09 0.873604
4.71e+09 0.873093
4.72e+09 0.872586
4.73e+09 0.872084
4.74e+09 0.871586
4.75e+09 0.871092
4.76e+09 0.870602
4.77e+09 0.870116
4.78e+09 0.869635
4.79e+09 0.869157
4.8e+09 0.868684
4.81e+09 0.868215
4.82e+09 0.867749
4.83e+09 0.867288
4.84e+09 0.86683
4.85e+09 0.866376
4.86e+09 0.865926
4.87e+09 0.86548
4.88e+09 0.865038
4.89e+09 0.864599
4.9e+09 0.864164
4.91e+09 0.863732
4.92e+09 0.863305
4.93e+09 0.862881
4.94e+09 0.86246
4.95e+09 0.862043
4.96e+09 0.861629
4.97e+09 0.861219
4.98e+09 0.860813
4.99e+09 0.860409
5e+09 0.860009
5.01e+09 0.859613
5.02e+09 0.85922
5.03e+09 0.85883
5.04e+09 0.858443
5.05e+09 0.85806
5.06e+09 0.857679
5.07e+09 0.857302
5.08e+09 0.856929
5.09e+09 0.856558
5.1e+09 0.85619
5.11e+09 0.855826
5.12e+09 0.855464
5.13e+09 0.855106
5.14e+09 0.85475
5.15e+09 0.854397
5.16e+09 0.854048
5.17e+09 0.853701
5.18e+09 0.853357
5.19e+09 0.853016
5.2e+09 0.852678
5.21e+09 0.852343
5.22e+09 0.852011
5.23e+09 0.851681
5.24e+09 0.851354
5.25e+09 0.85103
5.26e+09 0.850709
5.27e+09 0.85039
5.28e+09 0.850074
5.29e+09 0.84976
5.3e+09 0.849449
5.31e+09 0.849141
5.32e+09 0.848835
5.33e+09 0.848532
5.34e+09 0.848232
5.35e+09 0.847934
5.36e+09 0.847638
5.37e+09 0.847345
5.38e+09 0.847054
5.39e+09 0.846766
5.4e+09 0.84648
5.41e+09 0.846197
5.42e+09 0.845916
5.43e+09 0.845637
5.44e+09 0.845361
5.45e+09 0.845087
5.46e+09 0.844815
5.47e+09 0.844546
5.48e+09 0.844279
5.49e+09 0.844014
5.5e+09 0.843751
5.51e+09 0.84349
5.52e+09 0.843232
5.53e+09 0.842976
5.54e+09 0.842722
5.55e+09 0.84247
5.56e+09 0.842221
5.57e+09 0.841973
5.58e+09 0.841728
5.59e+09 0.841484
5.6e+09 0.841243
5.61e+09 0.841003
5.62e+09 0.840766
5.63e+09 0.840531
5.64e+09 0.840298
5.65e+09 0.840066
5.66e+09 0.839837
5.67e+09 0.83961
5.68e+09 0.839384
5.69e+09 0.839161
5.7e+09 0.838939
5.71e+09 0.838719
5.72e+09 0.838501
5.73e+09 0.838285
5.74e+09 0.838071
5.75e+09 0.837859
5.76e+09 0.837648
5.77e+09 0.83744
5.78e+09 0.837233
5.79e+09 0.837028
5.8e+09 0.836824
5.81e+09 0.836622
5.82e+09 0.836423
5.83e+09 0.836224
5.84e+09 0.836028
5.85e+09 0.835833
5.86e+09 0.83564
5.87e+09 0.835449
5.88e+09 0.835259
5.89e+09 0.835071
5.9e+09 0.834884
5.91e+09 0.834699
5.92e+09 0.834516
5.93e+09 0.834335
5.94e+09 0.834154
5.95e+09 0.833976
5.96e+09 0.833799
5.97e+09 0.833624
5.98e+09 0.83345
5.99e+09 0.833278
6e+09 0.833107
6.01e+09 0.832937
6.02e+09 0.83277
6.03e+09 0.832603
6.04e+09 0.832439
6.05e+09 0.832275
6.06e+09 0.832113
6.07e+09 0.831953
6.08e+09 0.831794
6.09e+09 0.831636
6.1e+09 0.83148
6.11e+09 0.831325
6.12e+09 0.831171
6.13e+09 0.831019
6.14e+09 0.830869
6.15e+09 0.830719
6.16e+09 0.830571
6.17e+09 0.830425
6.18e+09 0.830279
6.19e+09 0.830135
6.2e+09 0.829993
6.21e+09 0.829851
6.22e+09 0.829711
6.23e+09 0.829572
6.24e+09 0.829435
6.25e+09 0.829298
6.26e+09 0.829163
6.27e+09 0.82903
6.28e+09 0.828897
6.29e+09 0.828766
6.3e+09 0.828636
6.31e+09 0.828507
6.32e+09 0.828379
6.33e+09 0.828252
6.34e+09 0.828127
6.35e+09 0.828003
6.36e+09 0.82788
6.37e+09 0.827758
6.38e+09 0.827637
6.39e+09 0.827518
6.4e+09 0.827399
6.41e+09 0.827282
6.42e+09 0.827166
6.43e+09 0.827051
6.44e+09 0.826937
6.45e+09 0.826824
6.46e+09 0.826712
6.47e+09 0.826602
6.48e+09 0.826492
6.49e+09 0.826384
6.5e+09 0.826276
6.51e+09 0.82617
6.52e+09 0.826064
6.53e+09 0.82596
6.54e+09 0.825857
6.55e+09 0.825754
6.56e+09 0.825653
6.57e+09 0.825553
6.58e+09 0.825453
6.59e+09 0.825355
6.6e+09 0.825258
6.61e+09 0.825161
6.62e+09 0.825066
6.63e+09 0.824972
6.64e+09 0.824878
6.65e+09 0.824786
6.66e+09 0.824694
6.67e+09 0.824604
6.68e+09 0.824514
6.69e+09 0.824425
6.7e+09 0.824338
6.71e+09 0.824251
6.72e+09 0.824165
6.73e+09 0.82408
6.74e+09 0.823996
6.75e+09 0.823912
6.76e+09 0.82383
6.77e+09 0.823748
6.78e+09 0.823668
6.79e+09 0.823588
6.8e+09 0.823509
6.81e+09 0.823431
6.82e+09 0.823354
6.83e+09 0.823277
6.84e+09 0.823202
6.85e+09 0.823127
6.86e+09 0.823053
6.87e+09 0.82298
6.88e+09 0.822908
6.89e+09 0.822836
6.9e+09 0.822766
6.91e+09 0.822696
6.92e+09 0.822627
6.93e+09 0.822559
6.94e+09 0.822491
6.95e+09 0.822425
6.96e+09 0.822359
6.97e+09 0.822294
6.98e+09 0.822229
6.99e+09 0.822166
7e+09 0.822103
7.01e+09 0.822041
7.02e+09 0.821979
7.03e+09 0.821919
7.04e+09 0.821859
7.05e+09 0.8218
7.06e+09 0.821741
7.07e+09 0.821683
7.08e+09 0.821626
7.09e+09 0.82157
7.1e+09 0.821515
7.11e+09 0.82146
7.12e+09 0.821406
7.13e+09 0.821352
7.14e+09 0.821299
7.15e+09 0.821247
7.16e+09 0.821196
7.17e+09 0.821145
7.18e+09 0.821095
7.19e+09 0.821045
7.2e+09 0.820997
7.21e+09 0.820948
7.22e+09 0.820901
7.23e+09 0.820854
7.24e+09 0.820808
7.25e+09 0.820762
7.26e+09 0.820717
7.27e+09 0.820673
7.28e+09 0.82063
7.29e+09 0.820586
7.3e+09 0.820544
7.31e+09 0.820502
7.32e+09 0.820461
7.33e+09 0.820421
7.34e+09 0.820381
7.35e+09 0.820341
7.36e+09 0.820302
7.37e+09 0.820264
7.38e+09 0.820227
7.39e+09 0.82019
7.4e+09 0.820153
7.41e+09 0.820117
7.42e+09 0.820082
7.43e+09 0.820047
7.44e+09 0.820013
7.45e+09 0.81998
7.46e+09 0.819947
7.47e+09 0.819914
7.48e+09 0.819882
7.49e+09 0.819851
7.5e+09 0.81982
7.51e+09 0.81979
7.52e+09 0.81976
7.53e+09 0.819731
7.54e+09 0.819702
7.55e+09 0.819674
7.56e+09 0.819647
7.57e+09 0.81962
7.58e+09 0.819593
7.59e+09 0.819567
7.6e+09 0.819541
7.61e+09 0.819516
7.62e+09 0.819492
7.63e+09 0.819468
7.64e+09 0.819444
7.65e+09 0.819421
7.66e+09 0.819399
7.67e+09 0.819377
7.68e+09 0.819355
7.69e+09 0.819334
7.7e+09 0.819313
7.71e+09 0.819293
7.72e+09 0.819274
7.73e+09 0.819255
7.74e+09 0.819236
7.75e+09 0.819218
7.76e+09 0.8192
7.77e+09 0.819183
7.78e+09 0.819166
7.79e+09 0.819149
7.8e+09 0.819133
7.81e+09 0.819118
7.82e+09 0.819103
7.83e+09 0.819088
7.84e+09 0.819074
7.85e+09 0.81906
7.86e+09 0.819047
7.87e+09 0.819034
7.88e+09 0.819022
7.89e+09 0.81901
7.9e+09 0.818998
7.91e+09 0.818987
7.92e+09 0.818976
7.93e+09 0.818966
7.94e+09 0.818956
7.95e+09 0.818947
7.96e+09 0.818938
7.97e+09 0.818929
7.98e+09 0.818921
7.99e+09 0.818913
8e+09 0.818905
8.01e+09 0.818898
8.02e+09 0.818892
8.03e+09 0.818885
8.04e+09 0.81888
8.05e+09 0.818874
8.06e+09 0.818869
8.07e+09 0.818864
8.08e+09 0.81886
8.09e+09 0.818856
8.1e+09 0.818852
8.11e+09 0.818849
8.12e+09 0.818846
8.13e+09 0.818844
8.14e+09 0.818842
8.15e+09 0.81884
8.16e+09 0.818839
8.17e+09 0.818838
8.18e+09 0.818837
8.19e+09 0.818837
8.2e+09 0.818837
8.21e+09 0.818837
8.22e+09 0.818838
8.23e+09 0.818839
8.24e+09 0.81884
8.25e+09 0.818842
8.26e+09 0.818844
8.27e+09 0.818847
8.28e+09 0.81885
8.29e+09 0.818853
8.3e+09 0.818856
8.31e+09 0.81886
8.32e+09 0.818864
8.33e+09 0.818869
8.34e+09 0.818874
8.35e+09 0.818879
8.36e+09 0.818884
8.37e+09 0.81889
8.38e+09 0.818896
8.39e+09 0.818902
8.4e+09 0.818909
8.41e+09 0.818916
8.42e+09 0.818923
8.43e+09 0.818931
8.44e+09 0.818939
8.45e+09 0.818947
8.46e+09 0.818956
8.47e+09 0.818965
8.48e+09 0.818974
8.49e+09 0.818983
8.5e+09 0.818993
8.51e+09 0.819003
8.52e+09 0.819014
8.53e+09 0.819024
8.54e+09 0.819035
8.55e+09 0.819046
8.56e+09 0.819058
8.57e+09 0.81907
8.58e+09 0.819082
8.59e+09 0.819094
8.6e+09 0.819107
8.61e+09 0.81912
8.62e+09 0.819133
8.63e+09 0.819146
8.64e+09 0.81916
8.65e+09 0.819174
8.66e+09 0.819188
8.67e+09 0.819203
8.68e+09 0.819218
8.69e+09 0.819233
8.7e+09 0.819248
8.71e+09 0.819264
8.72e+09 0.819279
8.73e+09 0.819296
8.74e+09 0.819312
8.75e+09 0.819329
8.76e+09 0.819345
8.77e+09 0.819363
8.78e+09 0.81938
8.79e+09 0.819398
8.8e+09 0.819415
8.81e+09 0.819434
8.82e+09 0.819452
8.83e+09 0.819471
8.84e+09 0.819489
8.85e+09 0.819509
8.86e+09 0.819528
8.87e+09 0.819548
8.88e+09 0.819567
8.89e+09 0.819587
8.9e+09 0.819608
8.91e+09 0.819628
8.92e+09 0.819649
8.93e+09 0.81967
8.94e+09 0.819691
8.95e+09 0.819713
8.96e+09 0.819734
8.97e+09 0.819756
8.98e+09 0.819778
8.99e+09 0.819801
9e+09 0.819823
9.01e+09 0.819846
9.02e+09 0.819869
9.03e+09 0.819892
9.04e+09 0.819916
9.05e+09 0.819939
9.06e+09 0.819963
9.07e+09 0.819987
9.08e+09 0.820011
9.09e+09 0.820036
9.1e+09 0.820061
9.11e+09 0.820085
9.12e+09 0.820111
9.13e+09 0.820136
9.14e+09 0.820161
9.15e+09 0.820187
9.16e+09 0.820213
9.17e+09 0.820239
9.18e+09 0.820266
9.19e+09 0.820292
9.2e+09 0.820319
9.21e+09 0.820346
9.22e+09 0.820373
9.23e+09 0.8204
9.24e+09 0.820428
9.25e+09 0.820455
9.26e+09 0.820483
9.27e+09 0.820511
9.28e+09 0.820539
9.29e+09 0.820568
9.3e+09 0.820596
9.31e+09 0.820625
9.32e+09 0.820654
9.33e+09 0.820683
9.34e+09 0.820713
9.35e+09 0.820742
9.36e+09 0.820772
9.37e+09 0.820802
9.38e+09 0.820832
9.39e+09 0.820862
9.4e+09 0.820893
9.41e+09 0.820923
9.42e+09 0.820954
9.43e+09 0.820985
9.44e+09 0.821016
9.45e+09 0.821047
9.46e+09 0.821079
9.47e+09 0.82111
9.48e+09 0.821142
9.49e+09 0.821174
9.5e+09 0.821206
9.51e+09 0.821239
9.52e+09 0.821271
9.53e+09 0.821304
9.54e+09 0.821336
9.55e+09 0.821369
9.56e+09 0.821402
9.57e+09 0.821436
9.58e+09 0.821469
9.59e+09 0.821503
9.6e+09 0.821536
9.61e+09 0.82157
9.62e+09 0.821604
9.63e+09 0.821638
9.64e+09 0.821673
9.65e+09 0.821707
9.66e+09 0.821742
9.67e+09 0.821777
9.68e+09 0.821812
9.69e+09 0.821847
9.7e+09 0.821882
9.71e+09 0.821917
9.72e+09 0.821953
9.73e+09 0.821988
9.74e+09 0.822024
9.75e+09 0.82206
9.76e+09 0.822096
9.77e+09 0.822133
9.78e+09 0.822169
9.79e+09 0.822205
9.8e+09 0.822242
9.81e+09 0.822279
9.82e+09 0.822316
9.83e+09 0.822353
9.84e+09 0.82239
9.85e+09 0.822427
9.86e+09 0.822465
9.87e+09 0.822503
9.88e+09 0.82254
9.89e+09 0.822578
9.9e+09 0.822616
9.91e+09 0.822654
9.92e+09 0.822693
9.93e+09 0.822731
9.94e+09 0.822769
9.95e+09 0.822808
9.96e+09 0.822847
9.97e+09 0.822886
9.98e+09 0.822925
9.99e+09 0.822964
