4.23777e-10 , 1.53212e-09 , 5.90864e-10 , -9.40937e-10 , -3.54102e-10 , -5.72871e-10 , -1.68994e-09 , -6.25462e-09 , -5.08208e-10 , -1.17987e-09 , 7.71195e-09 , -7.52647e-10 , 1.33727e-09 , -9.84708e-10 , -3.6801e-09 , 4.5435e-09 , -1.79548e-09 , 1.46649e-09 , 4.68044e-09 , -3.44648e-09 , -1.28804e-08 , 1.59023e-08 , -6.28419e-09 , 5.13271e-09 , 
-9.1621e-10 , 2.41277e-09 , 1.52841e-09 , -2.1788e-09 , 1.54112e-09 , -1.31376e-09 , -1.0859e-08 , -7.3036e-08 , -4.57806e-09 , -6.34754e-09 , 7.52242e-08 , 3.61319e-09 , 1.00773e-08 , 5.02966e-10 , -2.34518e-08 , 2.54798e-08 , -1.05464e-08 , 1.35591e-08 , 3.52704e-08 , 1.76038e-09 , -8.20812e-08 , 8.91791e-08 , -3.69125e-08 , 4.74569e-08 , 
-1.83481e-09 , 3.30517e-09 , 2.42139e-09 , -5.27185e-09 , 5.75275e-09 , -2.52438e-09 , -8.56867e-09 , -2.68796e-07 , -1.06325e-08 , -4.79459e-10 , 2.27413e-07 , 4.64821e-08 , 3.44527e-08 , 1.05917e-08 , -6.31961e-08 , 5.48388e-08 , -2.39997e-08 , 3.75719e-08 , 1.20584e-07 , 3.70709e-08 , -2.21186e-07 , 1.91936e-07 , -8.39988e-08 , 1.31502e-07 , 
-1.52799e-09 , 1.14832e-09 , 2.62944e-09 , -6.43415e-09 , 8.60549e-09 , -4.78641e-09 , 3.68981e-08 , -6.20567e-07 , 2.2477e-08 , 5.52662e-08 , 4.21047e-07 , 1.65726e-07 , 7.61307e-08 , 3.13188e-08 , -1.27982e-07 , 8.35753e-08 , -4.3835e-08 , 7.92794e-08 , 2.66457e-07 , 1.09616e-07 , -4.47938e-07 , 2.92514e-07 , -1.53423e-07 , 2.77478e-07 , 
-1.55959e-09 , -3.29864e-09 , 5.39343e-10 , -6.09455e-09 , 9.22932e-09 , -7.18063e-09 , 1.60161e-07 , -1.09449e-06 , 1.77696e-07 , 1.57091e-07 , 5.88638e-07 , 4.23246e-07 , 1.38478e-07 , 5.64203e-08 , -2.19957e-07 , 1.04812e-07 , -5.86066e-08 , 1.39799e-07 , 4.84675e-07 , 1.97471e-07 , -7.69849e-07 , 3.66843e-07 , -2.05123e-07 , 4.89296e-07 , 
-8.57243e-10 , -8.62056e-09 , -2.23617e-09 , -9.46831e-09 , 1.13294e-08 , -8.25081e-09 , 3.90207e-07 , -1.56747e-06 , 5.42305e-07 , 2.50437e-07 , 6.75744e-07 , 9.09836e-07 , 2.25945e-07 , 8.22451e-08 , -3.36811e-07 , 1.05883e-07 , -5.01614e-08 , 2.11331e-07 , 7.90806e-07 , 2.87858e-07 , -1.17884e-06 , 3.70591e-07 , -1.75565e-07 , 7.39657e-07 , 
2.87465e-10 , -1.23496e-08 , -3.56771e-09 , -1.36066e-08 , 1.3999e-08 , -9.69931e-09 , 7.32934e-07 , -1.88257e-06 , 1.21307e-06 , 2.98443e-07 , 6.15087e-07 , 1.69653e-06 , 3.3567e-07 , 1.08957e-07 , -4.83045e-07 , 8.34877e-08 , -1.81012e-08 , 2.82008e-07 , 1.17484e-06 , 3.81351e-07 , -1.69066e-06 , 2.92207e-07 , -6.33541e-08 , 9.87029e-07 , 
2.29348e-10 , -1.46205e-08 , -4.2769e-09 , -1.54185e-08 , 1.53787e-08 , -1.2226e-08 , 1.16786e-06 , -1.91546e-06 , 2.22962e-06 , 2.61855e-07 , 3.34287e-07 , 2.8139e-06 , 4.60903e-07 , 1.24126e-07 , -6.5226e-07 , 3.61544e-08 , 3.88316e-08 , 3.506e-07 , 1.61316e-06 , 4.34442e-07 , -2.28291e-06 , 1.2654e-07 , 1.35911e-07 , 1.2271e-06 , 
1.52e-09 , -1.78726e-08 , -2.83862e-09 , -1.64386e-08 , 1.84194e-08 , -1.65874e-08 , 1.67512e-06 , -1.58381e-06 , 3.54307e-06 , 9.33724e-08 , -2.73082e-07 , 4.31779e-06 , 5.95241e-07 , 1.27121e-07 , -8.40608e-07 , -3.15329e-08 , 1.20637e-07 , 4.15681e-07 , 2.08334e-06 , 4.44922e-07 , -2.94213e-06 , -1.10365e-07 , 4.22229e-07 , 1.45489e-06 , 
1.66999e-09 , -2.01565e-08 , -1.96134e-10 , -1.772e-08 , 2.06888e-08 , -2.19203e-08 , 2.23618e-06 , -8.00539e-07 , 5.03861e-06 , -2.21947e-07 , -1.33662e-06 , 6.3014e-06 , 7.38491e-07 , 1.17996e-07 , -1.0457e-06 , -1.19578e-07 , 2.24359e-07 , 4.70836e-07 , 2.58472e-06 , 4.12985e-07 , -3.65995e-06 , -4.18524e-07 , 7.85257e-07 , 1.64793e-06 , 
1.67796e-09 , -1.88926e-08 , 6.79126e-09 , -1.78964e-08 , 2.18318e-08 , -2.74752e-08 , 2.85845e-06 , 5.21213e-07 , 6.57258e-06 , -6.75956e-07 , -2.98418e-06 , 8.85121e-06 , 8.89845e-07 , 9.31426e-08 , -1.26336e-06 , -2.22233e-07 , 3.51823e-07 , 5.18756e-07 , 3.11446e-06 , 3.25999e-07 , -4.42178e-06 , -7.77817e-07 , 1.23138e-06 , 1.81565e-06 , 
3.20347e-09 , -1.56364e-08 , 1.37444e-08 , -1.90531e-08 , 2.22932e-08 , -3.18602e-08 , 3.52843e-06 , 2.43177e-06 , 7.97136e-06 , -1.27869e-06 , -5.28145e-06 , 1.20337e-05 , 1.04566e-06 , 4.79422e-08 , -1.48437e-06 , -3.33948e-07 , 5.07032e-07 , 5.61818e-07 , 3.65979e-06 , 1.67798e-07 , -5.1953e-06 , -1.16882e-06 , 1.77461e-06 , 1.96636e-06 , 
3.18666e-09 , -1.01336e-08 , 1.97286e-08 , -1.99206e-08 , 2.32387e-08 , -3.40358e-08 , 4.2097e-06 , 4.94062e-06 , 9.06317e-06 , -1.99513e-06 , -8.23129e-06 , 1.59047e-05 , 1.20345e-06 , -2.06926e-08 , -1.68823e-06 , -4.47294e-07 , 6.94181e-07 , 5.96546e-07 , 4.21207e-06 , -7.24241e-08 , -5.90881e-06 , -1.56553e-06 , 2.42964e-06 , 2.08791e-06 , 
2.56367e-09 , -3.77811e-09 , 2.33584e-08 , -1.83563e-08 , 2.3409e-08 , -3.06818e-08 , 4.88267e-06 , 8.02011e-06 , 9.7265e-06 , -2.77842e-06 , -1.18174e-05 , 2.04643e-05 , 1.36177e-06 , -1.02842e-07 , -1.87332e-06 , -5.58921e-07 , 9.15712e-07 , 6.18358e-07 , 4.76619e-06 , -3.59947e-07 , -6.5566e-06 , -1.95622e-06 , 3.20499e-06 , 2.16425e-06 , 
3.26225e-10 , 3.51357e-09 , 2.42957e-08 , -1.45809e-08 , 1.71153e-08 , -2.71157e-08 , 5.51227e-06 , 1.16233e-05 , 9.87597e-06 , -3.63063e-06 , -1.59368e-05 , 2.561e-05 , 1.5184e-06 , -1.93353e-07 , -2.03674e-06 , -6.66599e-07 , 1.1649e-06 , 6.24688e-07 , 5.31441e-06 , -6.76735e-07 , -7.12859e-06 , -2.3331e-06 , 4.07714e-06 , 2.18641e-06 , 
-5.65559e-09 , 1.03947e-08 , 2.51583e-08 , -9.16781e-09 , 8.74105e-09 , -2.3233e-08 , 6.07315e-06 , 1.5666e-05 , 9.46228e-06 , -4.54993e-06 , -2.03635e-05 , 3.1176e-05 , 1.67027e-06 , -2.95655e-07 , -2.16648e-06 , -7.78633e-07 , 1.43427e-06 , 6.09506e-07 , 5.84593e-06 , -1.03479e-06 , -7.58269e-06 , -2.72521e-06 , 5.01994e-06 , 2.13327e-06 , 
-1.33232e-08 , 1.8462e-08 , 2.49236e-08 , -8.8471e-10 , -1.39787e-10 , -1.73821e-08 , 6.59124e-06 , 2.00327e-05 , 8.44609e-06 , -5.55642e-06 , -2.48639e-05 , 3.69575e-05 , 1.81211e-06 , -3.96891e-07 , -2.26096e-06 , -8.96343e-07 , 1.71392e-06 , 5.6419e-07 , 6.34237e-06 , -1.38912e-06 , -7.91336e-06 , -3.1372e-06 , 5.99871e-06 , 1.97466e-06 , 
-2.11438e-08 , 2.62249e-08 , 2.55895e-08 , 7.11168e-09 , -9.42132e-09 , -1.17163e-08 , 7.10575e-06 , 2.45762e-05 , 6.81845e-06 , -6.69878e-06 , -2.92347e-05 , 4.27456e-05 , 1.93742e-06 , -4.88767e-07 , -2.32363e-06 , -1.01651e-06 , 1.98732e-06 , 4.91428e-07 , 6.78096e-06 , -1.71069e-06 , -8.13271e-06 , -3.55779e-06 , 6.95561e-06 , 1.72e-06 , 
-2.79887e-08 , 3.35488e-08 , 2.62761e-08 , 1.69547e-08 , -1.6042e-08 , -5.75229e-09 , 7.6115e-06 , 2.91685e-05 , 4.60256e-06 , -8.02338e-06 , -3.33237e-05 , 4.83319e-05 , 2.03003e-06 , -5.78972e-07 , -2.34783e-06 , -1.13322e-06 , 2.23291e-06 , 3.93809e-07 , 7.10509e-06 , -2.0264e-06 , -8.21739e-06 , -3.96626e-06 , 7.81517e-06 , 1.37833e-06 , 
-3.5307e-08 , 3.96878e-08 , 2.74865e-08 , 2.75359e-08 , -2.0245e-08 , 1.68535e-09 , 8.0639e-06 , 3.37314e-05 , 1.84618e-06 , -9.59624e-06 , -3.7072e-05 , 5.34949e-05 , 2.08793e-06 , -6.71761e-07 , -2.31953e-06 , -1.23363e-06 , 2.44169e-06 , 2.653e-07 , 7.30774e-06 , -2.35116e-06 , -8.11835e-06 , -4.3177e-06 , 8.54591e-06 , 9.28551e-07 , 
-4.28425e-08 , 4.46461e-08 , 2.69246e-08 , 3.69229e-08 , -2.34998e-08 , 9.39462e-09 , 8.43077e-06 , 3.821e-05 , -1.40026e-06 , -1.14735e-05 , -4.04549e-05 , 5.79887e-05 , 2.11566e-06 , -7.65504e-07 , -2.23497e-06 , -1.3189e-06 , 2.60155e-06 , 1.01061e-07 , 7.4048e-06 , -2.67926e-06 , -7.8224e-06 , -4.61614e-06 , 9.10544e-06 , 3.53713e-07 , 
-4.97192e-08 , 5.06277e-08 , 2.33045e-08 , 4.43887e-08 , -2.3119e-08 , 1.61985e-08 , 8.68181e-06 , 4.2559e-05 , -5.02399e-06 , -1.36665e-05 , -4.34628e-05 , 6.15419e-05 , 2.11463e-06 , -8.65282e-07 , -2.09177e-06 , -1.39626e-06 , 2.70281e-06 , -8.84264e-08 , 7.4012e-06 , -3.02849e-06 , -7.3212e-06 , -4.88691e-06 , 9.45984e-06 , -3.09492e-07 , 
-5.62334e-08 , 5.73137e-08 , 1.9883e-08 , 4.96032e-08 , -2.271e-08 , 2.18354e-08 , 8.75551e-06 , 4.67217e-05 , -8.85687e-06 , -1.61553e-05 , -4.61303e-05 , 6.39356e-05 , 2.09075e-06 , -9.62217e-07 , -1.88876e-06 , -1.46393e-06 , 2.74495e-06 , -2.9158e-07 , 7.31761e-06 , -3.36776e-06 , -6.61065e-06 , -5.12377e-06 , 9.60731e-06 , -1.02053e-06 , 
-6.38974e-08 , 6.18936e-08 , 1.7927e-08 , 5.06807e-08 , -2.23006e-08 , 2.71273e-08 , 8.612e-06 , 5.06656e-05 , -1.27443e-05 , -1.88966e-05 , -4.84821e-05 , 6.50079e-05 , 2.05486e-06 , -1.03464e-06 , -1.6331e-06 , -1.51897e-06 , 2.7247e-06 , -4.94368e-07 , 7.19202e-06 , -3.62124e-06 , -5.71585e-06 , -5.31638e-06 , 9.53645e-06 , -1.73029e-06 , 
-7.22403e-08 , 6.29212e-08 , 1.72601e-08 , 5.44818e-08 , -2.11373e-08 , 2.98471e-08 , 8.28696e-06 , 5.44255e-05 , -1.659e-05 , -2.18039e-05 , -5.05173e-05 , 6.46284e-05 , 2.0163e-06 , -1.07453e-06 , -1.33084e-06 , -1.56157e-06 , 2.65076e-06 , -6.81038e-07 , 7.05705e-06 , -3.76084e-06 , -4.65793e-06 , -5.46549e-06 , 9.27767e-06 , -2.38363e-06 , 
-7.80626e-08 , 6.34652e-08 , 1.87222e-08 , 6.05041e-08 , -2.037e-08 , 2.9836e-08 , 7.87667e-06 , 5.81027e-05 , -2.03689e-05 , -2.47967e-05 , -5.2235e-05 , 6.27539e-05 , 1.98374e-06 , -1.08294e-06 , -9.87882e-07 , -1.58587e-06 , 2.52736e-06 , -8.41303e-07 , 6.94308e-06 , -3.79027e-06 , -3.45759e-06 , -5.55053e-06 , 8.84574e-06 , -2.94456e-06 , 
-8.29866e-08 , 6.16698e-08 , 2.13941e-08 , 6.59302e-08 , -1.68533e-08 , 2.86422e-08 , 7.47089e-06 , 6.18362e-05 , -2.41092e-05 , -2.78374e-05 , -5.36828e-05 , 5.94207e-05 , 1.96227e-06 , -1.06381e-06 , -6.13736e-07 , -1.59859e-06 , 2.35163e-06 , -9.6284e-07 , 6.86794e-06 , -3.72332e-06 , -2.14808e-06 , -5.59505e-06 , 8.23069e-06 , -3.36994e-06 , 
-9.1677e-08 , 5.90596e-08 , 2.44788e-08 , 7.13615e-08 , -1.22811e-08 , 2.49293e-08 , 7.16065e-06 , 6.58267e-05 , -2.78771e-05 , -3.09179e-05 , -5.49728e-05 , 5.47286e-05 , 1.95275e-06 , -1.02113e-06 , -2.26213e-07 , -1.60247e-06 , 2.13187e-06 , -1.0397e-06 , 6.83462e-06 , -3.57394e-06 , -7.91745e-07 , -5.60865e-06 , 7.46156e-06 , -3.63893e-06 , 
-1.02367e-07 , 5.77235e-08 , 2.71931e-08 , 7.76346e-08 , -4.51255e-09 , 2.04542e-08 , 7.10495e-06 , 7.02869e-05 , -3.17347e-05 , -3.40474e-05 , -5.62525e-05 , 4.88349e-05 , 1.95462e-06 , -9.50391e-07 , 1.6135e-07 , -1.59526e-06 , 1.87458e-06 , -1.07048e-06 , 6.84117e-06 , -3.32637e-06 , 5.64727e-07 , -5.58341e-06 , 6.56104e-06 , -3.74666e-06 , 
-1.12205e-07 , 5.72065e-08 , 3.13652e-08 , 8.39022e-08 , 6.31538e-10 , 1.68634e-08 , 7.47227e-06 , 7.53851e-05 , -3.57632e-05 , -3.72313e-05 , -5.7695e-05 , 4.19397e-05 , 1.97224e-06 , -8.55175e-07 , 5.46944e-07 , -1.56951e-06 , 1.58351e-06 , -1.05766e-06 , 6.90284e-06 , -2.99311e-06 , 1.91431e-06 , -5.49327e-06 , 5.5423e-06 , -3.7018e-06 , 
-1.23815e-07 , 5.70705e-08 , 3.2561e-08 , 8.89151e-08 , 5.28511e-09 , 1.20866e-08 , 8.43584e-06 , 8.12503e-05 , -4.01124e-05 , -4.04574e-05 , -5.94689e-05 , 3.42499e-05 , 2.00799e-06 , -7.37587e-07 , 9.26519e-07 , -1.5275e-06 , 1.26609e-06 , -1.00581e-06 , 7.02797e-06 , -2.58156e-06 , 3.24282e-06 , -5.34624e-06 , 4.43131e-06 , -3.52035e-06 , 
-1.34883e-07 , 5.65014e-08 , 3.11583e-08 , 9.63062e-08 , 1.01591e-08 , 3.31093e-09 , 1.01974e-05 , 8.79674e-05 , -4.49078e-05 , -4.37052e-05 , -6.17481e-05 , 2.59753e-05 , 2.06604e-06 , -5.99269e-07 , 1.28685e-06 , -1.4697e-06 , 9.34386e-07 , -9.15781e-07 , 7.23115e-06 , -2.09744e-06 , 4.50398e-06 , -5.14394e-06 , 3.27035e-06 , -3.20524e-06 , 
-1.43962e-07 , 5.67002e-08 , 2.96922e-08 , 1.04333e-07 , 1.36581e-08 , -6.51079e-09 , 1.29356e-05 , 9.55707e-05 , -5.02486e-05 , -4.69996e-05 , -6.4706e-05 , 1.73389e-05 , 2.14183e-06 , -4.34999e-07 , 1.61611e-06 , -1.39803e-06 , 6.02757e-07 , -8.05e-07 , 7.4964e-06 , -1.5225e-06 , 5.65639e-06 , -4.89309e-06 , 2.10965e-06 , -2.8175e-06 , 
-1.53753e-07 , 5.66554e-08 , 2.64259e-08 , 1.11606e-07 , 1.7068e-08 , -1.66122e-08 , 1.6794e-05 , 0.000104034 , -5.62248e-05 , -5.03936e-05 , -6.84623e-05 , 8.53679e-06 , 2.22906e-06 , -2.44642e-07 , 1.90468e-06 , -1.31876e-06 , 2.80692e-07 , -6.79357e-07 , 7.80173e-06 , -8.56247e-07 , 6.66637e-06 , -4.61566e-06 , 9.82422e-07 , -2.37775e-06 , 
-1.63507e-07 , 5.86076e-08 , 1.99606e-08 , 1.16522e-07 , 2.01767e-08 , -2.79418e-08 , 2.18652e-05 , 0.00011331 , -6.28745e-05 , -5.3954e-05 , -7.3068e-05 , -2.53063e-07 , 2.32802e-06 , -3.15249e-08 , 2.13497e-06 , -1.22723e-06 , -1.51127e-08 , -5.4298e-07 , 8.14808e-06 , -1.10337e-07 , 7.47239e-06 , -4.29531e-06 , -5.28945e-08 , -1.90043e-06 , 
-1.71526e-07 , 6.15439e-08 , 1.3594e-08 , 1.21298e-07 , 2.40165e-08 , -4.00214e-08 , 2.81924e-05 , 0.000123308 , -7.02047e-05 , -5.7741e-05 , -7.85552e-05 , -8.86111e-06 , 2.44017e-06 , 1.86053e-07 , 2.29921e-06 , -1.12722e-06 , -2.70416e-07 , -3.87763e-07 , 8.54059e-06 , 6.51184e-07 , 8.04725e-06 , -3.94528e-06 , -9.46457e-07 , -1.35717e-06 , 
-1.77764e-07 , 6.44105e-08 , 7.52277e-09 , 1.27302e-07 , 2.81189e-08 , -5.10577e-08 , 3.57708e-05 , 0.000133848 , -7.82009e-05 , -6.18418e-05 , -8.49379e-05 , -1.71579e-05 , 2.5689e-06 , 4.02314e-07 , 2.3999e-06 , -1.02401e-06 , -4.77831e-07 , -2.18295e-07 , 8.99116e-06 , 1.4081e-06 , 8.39965e-06 , -3.58404e-06 , -1.67241e-06 , -7.64032e-07 , 
-1.82892e-07 , 6.55106e-08 , 2.63964e-09 , 1.327e-07 , 3.19778e-08 , -6.29164e-08 , 4.45409e-05 , 0.000144696 , -8.68454e-05 , -6.64088e-05 , -9.21906e-05 , -2.50537e-05 , 2.70642e-06 , 6.0754e-07 , 2.43876e-06 , -9.11793e-07 , -6.36551e-07 , -4.18659e-08 , 9.47246e-06 , 2.12639e-06 , 8.53566e-06 , -3.19127e-06 , -2.22793e-06 , -1.46531e-07 , 
-1.87554e-07 , 6.64016e-08 , -1.91528e-10 , 1.36754e-07 , 3.35535e-08 , -7.38136e-08 , 5.44126e-05 , 0.00015561 , -9.61135e-05 , -7.16191e-05 , -0.000100266 , -3.25151e-05 , 2.83751e-06 , 7.88144e-07 , 2.42375e-06 , -7.99275e-07 , -7.46552e-07 , 1.31057e-07 , 9.93129e-06 , 2.7585e-06 , 8.48314e-06 , -2.79746e-06 , -2.61293e-06 , 4.587e-07 , 
-1.92497e-07 , 6.32336e-08 , -6.25525e-09 , 1.40357e-07 , 3.61638e-08 , -8.46195e-08 , 6.52787e-05 , 0.000166328 , -0.000105943 , -7.76181e-05 , -0.000109077 , -3.95605e-05 , 2.95517e-06 , 9.3649e-07 , 2.36342e-06 , -6.94176e-07 , -8.11038e-07 , 2.9416e-07 , 1.03431e-05 , 3.27772e-06 , 8.27196e-06 , -2.42962e-06 , -2.83863e-06 , 1.02956e-06 , 
-1.96092e-07 , 5.99159e-08 , -1.25478e-08 , 1.4217e-07 , 4.03165e-08 , -9.77294e-08 , 7.7009e-05 , 0.0001766 , -0.000116208 , -8.45381e-05 , -0.000118516 , -4.62113e-05 , 3.05531e-06 , 1.04492e-06 , 2.26638e-06 , -6.09111e-07 , -8.40228e-07 , 4.3517e-07 , 1.06936e-05 , 3.65723e-06 , 7.93233e-06 , -2.13189e-06 , -2.9408e-06 , 1.52309e-06 , 
-1.95013e-07 , 6.06918e-08 , -1.81451e-08 , 1.40353e-07 , 4.39366e-08 , -1.11661e-07 , 8.94852e-05 , 0.000186169 , -0.000126738 , -9.24444e-05 , -0.000128456 , -5.2487e-05 , 3.12858e-06 , 1.10809e-06 , 2.13551e-06 , -5.7064e-07 , -8.38966e-07 , 5.42986e-07 , 1.095e-05 , 3.87832e-06 , 7.47428e-06 , -1.99724e-06 , -2.93638e-06 , 1.90045e-06 , 
-1.95033e-07 , 6.27674e-08 , -2.71226e-08 , 1.34809e-07 , 4.68868e-08 , -1.24824e-07 , 0.000102563 , 0.000194702 , -0.000137322 , -0.000101324 , -0.000138732 , -5.84293e-05 , 3.16972e-06 , 1.11559e-06 , 1.97735e-06 , -5.8621e-07 , -8.13203e-07 , 6.02345e-07 , 1.1094e-05 , 3.90456e-06 , 6.92072e-06 , -2.05173e-06 , -2.84621e-06 , 2.10821e-06 , 
-1.93895e-07 , 6.15928e-08 , -3.92418e-08 , 1.27598e-07 , 5.01963e-08 , -1.37605e-07 , 0.000116083 , 0.000201833 , -0.000147654 , -0.000111084 , -0.000149135 , -6.40651e-05 , 3.16931e-06 , 1.07589e-06 , 1.79777e-06 , -6.59956e-07 , -7.68169e-07 , 6.03802e-07 , 1.10926e-05 , 3.7656e-06 , 6.29221e-06 , -2.30984e-06 , -2.68859e-06 , 2.11331e-06 , 
-1.91503e-07 , 5.76081e-08 , -5.03524e-08 , 1.18592e-07 , 5.38693e-08 , -1.50558e-07 , 0.00012988 , 0.000207245 , -0.00015739 , -0.000121552 , -0.00015946 , -6.9392e-05 , 3.1168e-06 , 1.0009e-06 , 1.60049e-06 , -7.86339e-07 , -7.09544e-07 , 5.52789e-07 , 1.09088e-05 , 3.50315e-06 , 5.60171e-06 , -2.75219e-06 , -2.4834e-06 , 1.93476e-06 , 
-1.88594e-07 , 4.98007e-08 , -5.94409e-08 , 1.08706e-07 , 5.75381e-08 , -1.63574e-07 , 0.000143749 , 0.000210709 , -0.000166238 , -0.000132534 , -0.000169516 , -7.43733e-05 , 3.01139e-06 , 8.98846e-07 , 1.39034e-06 , -9.51106e-07 , -6.3341e-07 , 4.57272e-07 , 1.05399e-05 , 3.14596e-06 , 4.86618e-06 , -3.32887e-06 , -2.21693e-06 , 1.60045e-06 , 
-1.87047e-07 , 3.85804e-08 , -6.7388e-08 , 9.901e-08 , 6.27753e-08 , -1.76892e-07 , 0.000157499 , 0.000212092 , -0.000173998 , -0.000143861 , -0.000179141 , -7.89269e-05 , 2.84467e-06 , 7.8382e-07 , 1.18351e-06 , -1.13425e-06 , -5.45179e-07 , 3.22054e-07 , 9.95636e-06 , 2.74337e-06 , 4.14228e-06 , -3.96989e-06 , -1.90813e-06 , 1.12719e-06 , 
-1.85679e-07 , 2.52113e-08 , -7.73965e-08 , 8.99571e-08 , 7.09685e-08 , -1.92283e-07 , 0.000170978 , 0.000211375 , -0.000180558 , -0.00015539 , -0.000188209 , -8.29509e-05 , 2.60262e-06 , 6.74075e-07 , 9.94431e-07 , -1.32388e-06 , -4.57597e-07 , 1.50786e-07 , 9.10917e-06 , 2.35926e-06 , 3.48051e-06 , -4.63356e-06 , -1.60159e-06 , 5.27751e-07 , 
-1.83645e-07 , 1.04508e-08 , -8.79019e-08 , 8.02808e-08 , 8.25795e-08 , -2.07627e-07 , 0.000184 , 0.000208608 , -0.000185859 , -0.000167 , -0.000196654 , -8.63481e-05 , 2.28123e-06 , 5.87954e-07 , 8.28545e-07 , -1.5077e-06 , -3.81811e-07 , -5.22268e-08 , 7.9843e-06 , 2.05784e-06 , 2.89991e-06 , -5.27695e-06 , -1.33634e-06 , -1.82794e-07 , 
-1.79046e-07 , -9.14836e-09 , -9.91249e-08 , 6.89922e-08 , 9.43985e-08 , -2.18764e-07 , 0.000196351 , 0.0002039 , -0.000189919 , -0.000178604 , -0.000204504 , -8.90496e-05 , 1.88977e-06 , 5.35717e-07 , 6.84453e-07 , -1.66872e-06 , -3.16298e-07 , -2.76072e-07 , 6.61419e-06 , 1.87501e-06 , 2.39558e-06 , -5.84054e-06 , -1.10704e-06 , -9.6625e-07 , 
-1.74459e-07 , -3.19922e-08 , -1.09308e-07 , 5.79263e-08 , 1.06898e-07 , -2.27799e-07 , 0.000207828 , 0.000197498 , -0.000192851 , -0.000190184 , -0.00021185 , -9.10442e-05 , 1.43657e-06 , 5.20951e-07 , 5.72388e-07 , -1.80485e-06 , -2.60895e-07 , -5.02062e-07 , 5.02799e-06 , 1.82333e-06 , 2.00336e-06 , -6.31696e-06 , -9.13134e-07 , -1.75722e-06 , 
-1.69666e-07 , -5.75364e-08 , -1.18707e-07 , 4.84488e-08 , 1.20917e-07 , -2.37466e-07 , 0.000218249 , 0.000189762 , -0.000194855 , -0.000201858 , -0.000218846 , -9.23572e-05 , 9.40004e-07 , 5.46569e-07 , 4.98534e-07 , -1.9101e-06 , -2.13069e-07 , -7.1128e-07 , 3.29001e-06 , 1.91299e-06 , 1.74487e-06 , -6.68534e-06 , -7.45743e-07 , -2.48948e-06 , 
-1.65967e-07 , -8.12366e-08 , -1.25305e-07 , 3.77286e-08 , 1.36182e-07 , -2.44545e-07 , 0.00022747 , 0.000181108 , -0.000196266 , -0.000213893 , -0.000225664 , -9.29886e-05 , 4.28413e-07 , 6.05072e-07 , 4.6541e-07 , -1.97578e-06 , -1.63255e-07 , -8.8775e-07 , 1.49945e-06 , 2.11775e-06 , 1.62893e-06 , -6.91522e-06 , -5.71392e-07 , -3.10712e-06 , 
-1.62431e-07 , -1.0693e-07 , -1.3014e-07 , 2.36378e-08 , 1.48796e-07 , -2.50899e-07 , 0.000235437 , 0.000171977 , -0.00019762 , -0.000226689 , -0.000232456 , -9.29747e-05 , -7.24976e-08 , 6.86096e-07 , 4.77201e-07 , -2.00314e-06 , -1.15888e-07 , -1.02393e-06 , -2.53742e-07 , 2.40134e-06 , 1.6702e-06 , -7.011e-06 , -4.05607e-07 , -3.58376e-06 , 
-1.59795e-07 , -1.29231e-07 , -1.36198e-07 , 7.42314e-09 , 1.63095e-07 , -2.56323e-07 , 0.000242188 , 0.000162837 , -0.00019965 , -0.00024078 , -0.000239348 , -9.23818e-05 , -5.28033e-07 , 7.84034e-07 , 5.29882e-07 , -1.99872e-06 , -7.29119e-08 , -1.12558e-06 , -1.84812e-06 , 2.74412e-06 , 1.85459e-06 , -6.99553e-06 , -2.55192e-07 , -3.93951e-06 , 
-1.56173e-07 , -1.5162e-07 , -1.44715e-07 , -1.02751e-08 , 1.7684e-07 , -2.61491e-07 , 0.000247825 , 0.000154139 , -0.000203278 , -0.000256878 , -0.000246469 , -9.12854e-05 , -9.10132e-07 , 8.89405e-07 , 6.17846e-07 , -1.9638e-06 , -3.2613e-08 , -1.20477e-06 , -3.18546e-06 , 3.11292e-06 , 2.16246e-06 , -6.87329e-06 , -1.14146e-07 , -4.21668e-06 , 
-1.54895e-07 , -1.72496e-07 , -1.55686e-07 , -3.07324e-08 , 1.9e-07 , -2.64389e-07 , 0.000252494 , 0.000146327 , -0.000209676 , -0.000275963 , -0.00025393 , -8.97703e-05 , -1.20908e-06 , 9.9171e-07 , 7.31305e-07 , -1.89579e-06 , 6.15465e-09 , -1.26736e-06 , -4.2318e-06 , 3.47099e-06 , 2.55957e-06 , -6.63525e-06 , 2.15413e-08 , -4.43576e-06 , 
-1.53788e-07 , -1.93063e-07 , -1.73754e-07 , -5.67184e-08 , 2.02258e-07 , -2.67907e-07 , 0.000256433 , 0.000139828 , -0.00022037 , -0.000299367 , -0.000261815 , -8.79677e-05 , -1.422e-06 , 1.09116e-06 , 8.62063e-07 , -1.80009e-06 , 4.98552e-08 , -1.32266e-06 , -4.97699e-06 , 3.81905e-06 , 3.01722e-06 , -6.30031e-06 , 1.74493e-07 , -4.62932e-06 , 
-1.50176e-07 , -2.12176e-07 , -1.96128e-07 , -8.80274e-08 , 2.12404e-07 , -2.70964e-07 , 0.000259901 , 0.000135094 , -0.000237299 , -0.000328838 , -0.000270142 , -8.60517e-05 , -1.54757e-06 , 1.175e-06 , 1.01277e-06 , -1.68329e-06 , 9.2603e-08 , -1.37902e-06 , -5.4165e-06 , 4.11251e-06 , 3.5447e-06 , -5.8915e-06 , 3.24111e-07 , -4.82657e-06 , 
-1.43791e-07 , -2.29547e-07 , -2.27156e-07 , -1.28688e-07 , 2.25292e-07 , -2.73676e-07 , 0.00026314 , 0.000132571 , -0.000262873 , -0.000366676 , -0.000278893 , -8.42346e-05 , -1.59216e-06 , 1.23328e-06 , 1.17102e-06 , -1.55487e-06 , 1.17775e-07 , -1.45662e-06 , -5.57255e-06 , 4.31648e-06 , 4.09856e-06 , -5.44205e-06 , 4.12214e-07 , -5.09816e-06 , 
-1.36288e-07 , -2.44008e-07 , -2.68692e-07 , -1.80351e-07 , 2.36789e-07 , -2.76664e-07 , 0.000266388 , 0.00013265 , -0.000300082 , -0.000415788 , -0.000288041 , -8.27591e-05 , -1.57315e-06 , 1.25527e-06 , 1.32436e-06 , -1.42528e-06 , 1.14584e-07 , -1.57453e-06 , -5.50602e-06 , 4.39345e-06 , 4.63527e-06 , -4.9885e-06 , 4.01043e-07 , -5.51086e-06 , 
-1.29835e-07 , -2.54808e-07 , -3.24575e-07 , -2.46818e-07 , 2.48979e-07 , -2.78035e-07 , 0.000269917 , 0.000135654 , -0.000352622 , -0.000479797 , -0.000297523 , -8.18575e-05 , -1.50948e-06 , 1.22448e-06 , 1.45773e-06 , -1.29581e-06 , 6.43816e-08 , -1.75771e-06 , -5.28318e-06 , 4.28567e-06 , 5.10205e-06 , -4.53535e-06 , 2.25336e-07 , -6.15197e-06 , 
-1.21708e-07 , -2.63285e-07 , -4.01838e-07 , -3.3272e-07 , 2.58712e-07 , -2.79146e-07 , 0.000274026 , 0.000141841 , -0.000425028 , -0.00056318 , -0.000307299 , -8.17807e-05 , -1.4305e-06 , 1.12022e-06 , 1.56722e-06 , -1.16803e-06 , -5.75593e-08 , -2.02827e-06 , -5.00676e-06 , 3.92076e-06 , 5.48526e-06 , -4.0881e-06 , -2.01458e-07 , -7.09893e-06 , 
-1.11097e-07 , -2.70942e-07 , -5.04947e-07 , -4.42007e-07 , 2.69593e-07 , -2.80859e-07 , 0.000278991 , 0.000151389 , -0.000522833 , -0.000671408 , -0.000317343 , -8.27493e-05 , -1.36863e-06 , 9.12046e-07 , 1.65048e-06 , -1.0535e-06 , -2.79657e-07 , -2.41159e-06 , -4.7902e-06 , 3.19216e-06 , 5.77669e-06 , -3.68726e-06 , -9.78799e-07 , -8.44057e-06 , 
-9.94243e-08 , -2.79392e-07 , -6.41648e-07 , -5.80837e-07 , 2.82208e-07 , -2.84819e-07 , 0.000285048 , 0.000164419 , -0.000652769 , -0.000811158 , -0.000327639 , -8.49503e-05 , -1.36557e-06 , 5.62185e-07 , 1.70265e-06 , -9.48683e-07 , -6.33277e-07 , -2.94881e-06 , -4.77949e-06 , 1.96765e-06 , 5.95929e-06 , -3.32039e-06 , -2.21647e-06 , -1.03208e-05 , 
-8.75773e-08 , -2.86524e-07 , -8.20511e-07 , -7.58417e-07 , 2.96012e-07 , -2.90203e-07 , 0.000292437 , 0.000181041 , -0.00082303 , -0.000990607 , -0.000338219 , -8.85152e-05 , -1.46943e-06 , 3.54672e-08 , 1.71877e-06 , -8.49043e-07 , -1.15287e-06 , -3.67499e-06 , -5.14299e-06 , 1.24135e-07 , 6.01568e-06 , -2.97165e-06 , -4.03505e-06 , -1.28625e-05 , 
-7.59407e-08 , -2.90908e-07 , -1.04895e-06 , -9.87936e-07 , 3.09169e-07 , -2.95878e-07 , 0.000301448 , 0.000201388 , -0.00104353 , -0.00121969 , -0.000349179 , -9.35201e-05 , -1.74109e-06 , -7.09293e-07 , 1.69272e-06 , -7.66151e-07 , -1.87978e-06 , -4.62555e-06 , -6.09382e-06 , -2.48252e-06 , 5.92451e-06 , -2.68153e-06 , -6.57922e-06 , -1.61894e-05 , 
-6.53593e-08 , -2.90229e-07 , -1.3379e-06 , -1.27934e-06 , 3.204e-07 , -3.0612e-07 , 0.000312431 , 0.00022563 , -0.00132618 , -0.00151036 , -0.000360671 , -0.000100021 , -2.24819e-06 , -1.71314e-06 , 1.61998e-06 , -7.01897e-07 , -2.86742e-06 , -5.83044e-06 , -7.86867e-06 , -5.99598e-06 , 5.66994e-06 , -2.45664e-06 , -1.0036e-05 , -2.04065e-05 , 
-5.6399e-08 , -2.83829e-07 , -1.70013e-06 , -1.64577e-06 , 3.29596e-07 , -3.20098e-07 , 0.000325834 , 0.000253952 , -0.00168528 , -0.00187696 , -0.000372868 , -0.000108037 , -3.06957e-06 , -3.03081e-06 , 1.50307e-06 , -6.5998e-07 , -4.17501e-06 , -7.33435e-06 , -1.07435e-05 , -1.06078e-05 , 5.26075e-06 , -2.30993e-06 , -1.46125e-05 , -2.56702e-05 , 
-4.57197e-08 , -2.72282e-07 , -2.1567e-06 , -2.10241e-06 , 3.34804e-07 , -3.39038e-07 , 0.000342197 , 0.000286543 , -0.00213796 , -0.0023367 , -0.000385971 , -0.000117532 , -4.30007e-06 , -4.73582e-06 , 1.34153e-06 , -6.51372e-07 , -5.87274e-06 , -9.20164e-06 , -1.50502e-05 , -1.65754e-05 , 4.69534e-06 , -2.2798e-06 , -2.05546e-05 , -3.22058e-05 , 
-3.19675e-08 , -2.54986e-07 , -2.72581e-06 , -2.67567e-06 , 3.37074e-07 , -3.60427e-07 , 0.000362103 , 0.000323647 , -0.00270453 , -0.0029101 , -0.000400155 , -0.000128412 , -6.04959e-06 , -6.91539e-06 , 1.13641e-06 , -6.77924e-07 , -8.04346e-06 , -1.15019e-05 , -2.11736e-05 , -2.42039e-05 , 3.97742e-06 , -2.37273e-06 , -2.81521e-05 , -4.02565e-05 , 
-1.47027e-08 , -2.33032e-07 , -3.43186e-06 , -3.38822e-06 , 3.39575e-07 , -3.82976e-07 , 0.000386203 , 0.000365606 , -0.00340912 , -0.00362148 , -0.000415604 , -0.000140525 , -8.43934e-06 , -9.68016e-06 , 8.88077e-07 , -7.43252e-07 , -1.07959e-05 , -1.43235e-05 , -2.95377e-05 , -3.38806e-05 , 3.10827e-06 , -2.60138e-06 , -3.77856e-05 , -5.01323e-05 , 
4.70782e-09 , -2.05956e-07 , -4.30129e-06 , -4.26903e-06 , 3.40858e-07 , -4.0917e-07 , 0.000415269 , 0.000412934 , -0.00428028 , -0.00449945 , -0.00043253 , -0.000153681 , -1.16202e-05 , -1.31526e-05 , 5.97236e-07 , -8.50468e-07 , -1.42487e-05 , -1.77818e-05 , -4.06709e-05 , -4.60342e-05 , 2.09033e-06 , -2.97664e-06 , -4.98703e-05 , -6.22363e-05 , 
2.83808e-08 , -1.74942e-07 , -5.36789e-06 , -5.35065e-06 , 3.38259e-07 , -4.36757e-07 , 0.000450242 , 0.000466346 , -0.00535156 , -0.0055776 , -0.00045111 , -0.00016767 , -1.57587e-05 , -1.74824e-05 , 2.6019e-07 , -1.0047e-06 , -1.85331e-05 , -2.19994e-05 , -5.51555e-05 , -6.11884e-05 , 9.10665e-07 , -3.51645e-06 , -6.48659e-05 , -7.6998e-05 , 
6.04318e-08 , -1.36113e-07 , -6.67405e-06 , -6.6733e-06 , 3.30988e-07 , -4.66326e-07 , 0.000492258 , 0.000526825 , -0.00666228 , -0.00689516 , -0.000471465 , -0.000182325 , -2.10527e-05 , -2.28553e-05 , -1.23515e-07 , -1.21304e-06 , -2.38211e-05 , -2.71408e-05 , -7.36844e-05 , -7.99934e-05 , -4.32303e-07 , -4.24566e-06 , -8.3374e-05 , -9.49929e-05 , 
1.02354e-07 , -8.87012e-08 , -8.26708e-06 , -8.28202e-06 , 3.20496e-07 , -4.9536e-07 , 0.000542692 , 0.000595654 , -0.00825818 , -0.00849772 , -0.000493674 , -0.000197541 , -2.77298e-05 , -2.95009e-05 , -5.66171e-07 , -1.49653e-06 , -3.03278e-05 , -3.34121e-05 , -9.70542e-05 , -0.000103253 , -1.9816e-06 , -5.23787e-06 , -0.000106147 , -0.000116942 , 
1.53256e-07 , -3.21735e-08 , -1.01964e-05 , -1.02294e-05 , 3.0691e-07 , -5.27208e-07 , 0.000603167 , 0.000674401 , -0.0101921 , -0.0104381 , -0.000517862 , -0.000213294 , -3.60537e-05 , -3.76948e-05 , -1.09016e-06 , -1.87974e-06 , -3.83047e-05 , -4.10542e-05 , -0.000126188 , -0.000131932 , -3.81555e-06 , -6.57909e-06 , -0.000134067 , -0.00014369 , 
2.15744e-07 , 3.60341e-08 , -1.25247e-05 , -1.25734e-05 , 2.90864e-07 , -5.58262e-07 , 0.000675583 , 0.000764951 , -0.0125251 , -0.0127769 , -0.0005442 , -0.000229642 , -4.6337e-05 , -4.77459e-05 , -1.72382e-06 , -2.38305e-06 , -4.80393e-05 , -5.03685e-05 , -0.00016218 , -0.000167111 , -6.03337e-06 , -8.34066e-06 , -0.000168137 , -0.00017629 , 
2.94324e-07 , 1.16891e-07 , -1.53214e-05 , -1.53829e-05 , 2.71896e-07 , -5.90297e-07 , 0.000762131 , 0.000869534 , -0.015327 , -0.015584 , -0.000572914 , -0.000246757 , -5.89473e-05 , -6.00255e-05 , -2.5037e-06 , -3.03432e-06 , -5.98629e-05 , -6.17045e-05 , -0.000206315 , -0.000210089 , -8.76295e-06 , -1.06201e-05 , -0.00020952 , -0.000215966 , 
3.88636e-07 , 2.14173e-07 , -1.86656e-05 , -1.87406e-05 , 2.50231e-07 , -6.20313e-07 , 0.000865291 , 0.00099075 , -0.0186774 , -0.0189387 , -0.000604302 , -0.000264913 , -7.43157e-05 , -7.49657e-05 , -3.47278e-06 , -3.86464e-06 , -7.41782e-05 , -7.54804e-05 , -0.000260105 , -0.00026238 , -1.21547e-05 , -1.35263e-05 , -0.000259624 , -0.000264181 , 
5.00911e-07 , 3.29708e-07 , -2.26489e-05 , -2.27345e-05 , 2.25999e-07 , -6.50093e-07 , 0.000987825 , 0.00113156 , -0.0226666 , -0.0229311 , -0.000638736 , -0.000284531 , -9.29167e-05 , -9.30518e-05 , -4.6725e-06 , -4.91579e-06 , -9.14512e-05 , -9.21822e-05 , -0.000325208 , -0.000325681 , -1.63538e-05 , -1.72053e-05 , -0.000320079 , -0.000322638 , 
6.33285e-07 , 4.68323e-07 , -2.7372e-05 , -2.74681e-05 , 2.00008e-07 , -6.82763e-07 , 0.0011328 , 0.00129527 , -0.0273963 , -0.0276631 , -0.000676721 , -0.000306245 , -0.000115291 , -0.000114852 , -6.15221e-06 , -6.23349e-06 , -0.000112222 , -0.00011237 , -0.000403519 , -0.000401982 , -2.15327e-05 , -2.18172e-05 , -0.000392777 , -0.000393296 , 
7.89795e-07 , 6.32315e-07 , -3.2953e-05 , -3.30529e-05 , 1.67803e-07 , -7.19791e-07 , 0.00130362 , 0.00148556 , -0.0329809 , -0.0332487 , -0.000718859 , -0.000330863 , -0.000142064 , -0.000141022 , -7.97754e-06 , -7.87842e-06 , -0.000137107 , -0.000136683 , -0.000497224 , -0.000493577 , -2.79214e-05 , -2.75745e-05 , -0.000479875 , -0.000478392 , 
9.77768e-07 , 8.28312e-07 , -3.95175e-05 , -3.96176e-05 , 1.29241e-07 , -7.59283e-07 , 0.00150403 , 0.00170637 , -0.0395481 , -0.0398156 , -0.000765768 , -0.000359303 , -0.000173952 , -0.000172287 , -1.0229e-05 , -9.92661e-06 , -0.00016682 , -0.000165854 , -0.000608831 , -0.000603005 , -3.58013e-05 , -3.47431e-05 , -0.00058387 , -0.00058049 , 
1.20087e-06 , 1.05987e-06 , -4.72091e-05 , -4.73036e-05 , 8.25369e-08 , -8.03975e-07 , 0.00173806 , 0.00196196 , -0.0472395 , -0.0475055 , -0.000818052 , -0.000392588 , -0.000211781 , -0.000209473 , -1.29991e-05 , -1.24758e-05 , -0.000202191 , -0.000200723 , -0.000741232 , -0.000733155 , -4.54967e-05 , -4.36652e-05 , -0.000707668 , -0.000702531 , 
1.46396e-06 , 1.3291e-06 , -5.61837e-05 , -5.62726e-05 , 2.82878e-08 , -8.55838e-07 , 0.00200998 , 0.00225683 , -0.056212 , -0.0564747 , -0.000876259 , -0.000431829 , -0.000256483 , -0.000253513 , -1.64064e-05 , -1.56395e-05 , -0.000244168 , -0.000242242 , -0.000897691 , -0.000887296 , -5.74224e-05 , -5.47384e-05 , -0.000854589 , -0.000847849 , 
1.77042e-06 , 1.64426e-06 , -6.66131e-05 , -6.66912e-05 , -3.03799e-08 , -9.1539e-07 , 0.00232431 , 0.00259568 , -0.0666378 , -0.0668955 , -0.00094091 , -0.000478227 , -0.000309104 , -0.000305467 , -2.05897e-05 , -1.95386e-05 , -0.000293812 , -0.000291487 , -0.00108186 , -0.00106913 , -7.20641e-05 , -6.83853e-05 , -0.00102834 , -0.0010202 , 
2.12289e-06 , 2.0091e-06 , -7.86828e-05 , -7.87457e-05 , -9.60084e-08 , -9.83552e-07 , 0.00268569 , 0.00298333 , -0.0787052 , -0.0789559 , -0.00101258 , -0.000533056 , -0.000370812 , -0.000366519 , -2.57097e-05 , -2.4327e-05 , -0.000352306 , -0.000349654 , -0.00129784 , -0.00128282 , -8.9984e-05 , -8.51444e-05 , -0.00123307 , -0.00122379 , 
2.52769e-06 , 2.42765e-06 , -9.25978e-05 , -9.26454e-05 , -1.67749e-07 , -1.05875e-06 , 0.00309897 , 0.00342463 , -0.0926189 , -0.0928603 , -0.00109193 , -0.000597655 , -0.00044292 , -0.000437984 , -3.19586e-05 , -3.01922e-05 , -0.000420979 , -0.000418068 , -0.00155022 , -0.00153295 , -0.000111855 , -0.000105673 , -0.00147342 , -0.00146324 , 
2.9877e-06 , 2.90338e-06 , -0.00010858 , -0.000108613 , -2.46998e-07 , -1.14282e-06 , 0.00356902 , 0.00392444 , -0.1086 , -0.10883 , -0.00117969 , -0.000673366 , -0.000526872 , -0.000521319 , -3.95537e-05 , -3.73462e-05 , -0.0005013 , -0.00049822 , -0.00184405 , -0.00182462 , -0.000138438 , -0.000130712 , -0.00175455 , -0.00174377 , 
3.5093e-06 , 3.44244e-06 , -0.000126869 , -0.000126883 , -3.36832e-07 , -1.23831e-06 , 0.00410071 , 0.00448751 , -0.126887 , -0.127101 , -0.00127668 , -0.000761523 , -0.00062425 , -0.000618121 , -4.87429e-05 , -4.60412e-05 , -0.000594906 , -0.000591752 , -0.00218488 , -0.00216342 , -0.0001706 , -0.000161144 , -0.00208217 , -0.00207113 , 
4.09538e-06 , 4.05061e-06 , -0.00014772 , -0.00014771 , -4.39289e-07 , -1.34633e-06 , 0.00469876 , 0.00511839 , -0.147733 , -0.147928 , -0.00138374 , -0.000863421 , -0.000736787 , -0.000730127 , -5.98163e-05 , -5.65664e-05 , -0.000703598 , -0.000700461 , -0.00257876 , -0.00255545 , -0.000209357 , -0.000197982 , -0.00246259 , -0.00245161 , 
4.75281e-06 , 4.73131e-06 , -0.000171403 , -0.000171361 , -5.51197e-07 , -1.46932e-06 , 0.0053676 , 0.00582125 , -0.171408 , -0.171578 , -0.00150166 , -0.000980313 , -0.000866365 , -0.000859229 , -7.31088e-05 , -6.92541e-05 , -0.000829352 , -0.00082629 , -0.00303228 , -0.0030073 , -0.000255881 , -0.00024239 , -0.00290273 , -0.00289201 , 
5.4872e-06 , 5.48875e-06 , -0.000198203 , -0.000198124 , -6.72374e-07 , -1.61045e-06 , 0.00611121 , 0.00659976 , -0.198196 , -0.198335 , -0.00163118 , -0.00111336 , -0.00101503 , -0.00100746 , -8.90093e-05 , -8.44792e-05 , -0.0009743 , -0.000971353 , -0.00355259 , -0.0035261 , -0.000311533 , -0.000295677 , -0.00341005 , -0.00339974 , 
6.29875e-06 , 6.32481e-06 , -0.000228415 , -0.000228294 , -8.06723e-07 , -1.7693e-06 , 0.00693301 , 0.00745697 , -0.228393 , -0.228494 , -0.00177303 , -0.0012636 , -0.00118496 , -0.001177 , -0.000107974 , -0.000102675 , -0.00114075 , -0.00113793 , -0.00414738 , -0.00411949 , -0.000377908 , -0.000359364 , -0.00399262 , -0.00398275 , 
7.18944e-06 , 7.24535e-06 , -0.00026235 , -0.000262175 , -9.52668e-07 , -1.94805e-06 , 0.0078357 , 0.0083952 , -0.262308 , -0.262363 , -0.00192791 , -0.00143198 , -0.00137852 , -0.00137018 , -0.000130534 , -0.000124365 , -0.00133118 , -0.00132845 , -0.0048248 , -0.00479563 , -0.000456867 , -0.000435278 , -0.00465913 , -0.00464959 , 
8.16074e-06 , 8.24908e-06 , -0.000300324 , -0.000300088 , -1.11034e-06 , -2.14488e-06 , 0.0088211 , 0.00941579 , -0.300259 , -0.300256 , -0.00209645 , -0.00161938 , -0.00159815 , -0.00158948 , -0.000157297 , -0.000150143 , -0.00154823 , -0.00154554 , -0.00559352 , -0.00556319 , -0.000550539 , -0.000525502 , -0.0054188 , -0.00540939 , 
9.21307e-06 , 9.33623e-06 , -0.000342661 , -0.000342356 , -1.28269e-06 , -2.36252e-06 , 0.00989 , 0.010519 , -0.342567 , -0.342497 , -0.00227922 , -0.00182657 , -0.00184646 , -0.00183751 , -0.000188952 , -0.000180678 , -0.00179469 , -0.00179196 , -0.00646262 , -0.00643128 , -0.000661333 , -0.000632374 , -0.00628142 , -0.00627187 , 
1.03482e-05 , 1.0505e-05 , -0.000389693 , -0.000389303 , -1.47e-06 , -2.60288e-06 , 0.0110419 , 0.0117041 , -0.389561 , -0.389411 , -0.00247677 , -0.00205414 , -0.00212618 , -0.00211697 , -0.000226284 , -0.000216729 , -0.00207349 , -0.00207064 , -0.00744163 , -0.00740939 , -0.000791995 , -0.000758551 , -0.00725722 , -0.00724725 , 
1.15676e-05 , 1.17549e-05 , -0.000441744 , -0.000441255 , -1.67379e-06 , -2.86727e-06 , 0.012275 , 0.0129685 , -0.441567 , -0.441321 , -0.00268964 , -0.00230253 , -0.00244011 , -0.00243066 , -0.000270181 , -0.000259142 , -0.00238768 , -0.00238464 , -0.00854037 , -0.00850729 , -0.000945635 , -0.000906997 , -0.00835687 , -0.00834623 , 
