3.49591e-05 , 0.000868466 , 3.49591e-05 , 0.000868466 , 3.49591e-05 , 0.000868466 , 3.49591e-05 , 0.000868466
-2.39603e-05 , -6.56426e-05 , -2.39603e-05 , -6.56426e-05 , -2.39603e-05 , -6.56426e-05 , -2.39603e-05 , -6.56426e-05
2.37632e-05 , 0.000577962 , 2.37632e-05 , 0.000577962 , 2.37632e-05 , 0.000577962 , 2.37632e-05 , 0.000577962
3.9095e-05 , -0.000916097 , 3.9095e-05 , -0.000916097 , 3.9095e-05 , -0.000916097 , 3.9095e-05 , -0.000916097
-2.26119e-05 , 0.000275144 , -2.26119e-05 , 0.000275144 , -2.26119e-05 , 0.000275144 , -2.26119e-05 , 0.000275144
-2.45881e-05 , -0.000887103 , -2.45881e-05 , -0.000887103 , -2.45881e-05 , -0.000887103 , -2.45881e-05 , -0.000887103
-0.000105668 , 9.4694e-05 , -0.000105668 , 9.4694e-05 , -0.000105668 , 9.4694e-05 , -0.000105668 , 9.4694e-05
-0.000119749 , -4.32932e-05 , -0.000119749 , -4.32932e-05 , -0.000119749 , -4.32932e-05 , -0.000119749 , -4.32932e-05
-1.60773e-05 , 0.000360134 , -1.60773e-05 , 0.000360134 , -1.60773e-05 , 0.000360134 , -1.60773e-05 , 0.000360134
7.36148e-05 , 0.000241665 , 7.36148e-05 , 0.000241665 , 7.36148e-05 , 0.000241665 , 7.36148e-05 , 0.000241665
0.000197326 , -2.81172e-06 , 0.000197326 , -2.81172e-06 , 0.000197326 , -2.81172e-06 , 0.000197326 , -2.81172e-06
0.000147155 , -0.000995237 , 0.000147155 , -0.000995237 , 0.000147155 , -0.000995237 , 0.000147155 , -0.000995237
7.80351e-05 , -0.000554612 , 7.80351e-05 , -0.000554612 , 7.80351e-05 , -0.000554612 , 7.80351e-05 , -0.000554612
4.94686e-05 , -0.000551265 , 4.94686e-05 , -0.000551265 , 4.94686e-05 , -0.000551265 , 4.94686e-05 , -0.000551265
4.87309e-05 , -0.00090889 , 4.87309e-05 , -0.00090889 , 4.87309e-05 , -0.00090889 , 4.87309e-05 , -0.00090889
0.0001067 , 6.48912e-05 , 0.0001067 , 6.48912e-05 , 0.0001067 , 6.48912e-05 , 0.0001067 , 6.48912e-05
-3.33735e-05 , -0.000206464 , -3.33735e-05 , -0.000206464 , -3.33735e-05 , -0.000206464 , -3.33735e-05 , -0.000206464
-0.000193585 , 6.66795e-05 , -0.000193585 , 6.66795e-05 , -0.000193585 , 6.66795e-05 , -0.000193585 , 6.66795e-05
-0.000328015 , 0.001122 , -0.000328015 , 0.001122 , -0.000328015 , 0.001122 , -0.000328015 , 0.001122
-0.000388285 , 0.000524867 , -0.000388285 , 0.000524867 , -0.000388285 , 0.000524867 , -0.000388285 , 0.000524867
-0.00035471 , 0.000526482 , -0.00035471 , 0.000526482 , -0.00035471 , 0.000526482 , -0.00035471 , 0.000526482
-0.000316195 , 0.000350511 , -0.000316195 , 0.000350511 , -0.000316195 , 0.000350511 , -0.000316195 , 0.000350511
-6.65678e-05 , -0.000148878 , -6.65678e-05 , -0.000148878 , -6.65678e-05 , -0.000148878 , -6.65678e-05 , -0.000148878
0.000183339 , 0.000311192 , 0.000183339 , 0.000311192 , 0.000183339 , 0.000311192 , 0.000183339 , 0.000311192
0.000487163 , 0.000250637 , 0.000487163 , 0.000250637 , 0.000487163 , 0.000250637 , 0.000487163 , 0.000250637
0.000711897 , -0.000221815 , 0.000711897 , -0.000221815 , 0.000711897 , -0.000221815 , 0.000711897 , -0.000221815
0.000685682 , -0.00011622 , 0.000685682 , -0.00011622 , 0.000685682 , -0.00011622 , 0.000685682 , -0.00011622
0.000550184 , 0.000333259 , 0.000550184 , 0.000333259 , 0.000550184 , 0.000333259 , 0.000550184 , 0.000333259
0.000302105 , 0.000633019 , 0.000302105 , 0.000633019 , 0.000302105 , 0.000633019 , 0.000302105 , 0.000633019
7.48352e-06 , -0.000682888 , 7.48352e-06 , -0.000682888 , 7.48352e-06 , -0.000682888 , 7.48352e-06 , -0.000682888
-0.000393331 , -0.000625915 , -0.000393331 , -0.000625915 , -0.000393331 , -0.000625915 , -0.000393331 , -0.000625915
-0.000817999 , -0.00057356 , -0.000817999 , -0.00057356 , -0.000817999 , -0.00057356 , -0.000817999 , -0.00057356
-0.000870721 , -0.000326076 , -0.000870721 , -0.000326076 , -0.000870721 , -0.000326076 , -0.000870721 , -0.000326076
-0.000744719 , 0.000322828 , -0.000744719 , 0.000322828 , -0.000744719 , 0.000322828 , -0.000744719 , 0.000322828
-0.000517327 , -0.000458127 , -0.000517327 , -0.000458127 , -0.000517327 , -0.000458127 , -0.000517327 , -0.000458127
-0.000269226 , 5.18098e-05 , -0.000269226 , 5.18098e-05 , -0.000269226 , 5.18098e-05 , -0.000269226 , 5.18098e-05
-8.11917e-05 , 1.40462e-05 , -8.11917e-05 , 1.40462e-05 , -8.11917e-05 , 1.40462e-05 , -8.11917e-05 , 1.40462e-05
1.53187e-05 , 0.00057751 , 1.53187e-05 , 0.00057751 , 1.53187e-05 , 0.00057751 , 1.53187e-05 , 0.00057751
2.29173e-05 , 0.00115223 , 2.29173e-05 , 0.00115223 , 2.29173e-05 , 0.00115223 , 2.29173e-05 , 0.00115223
0.000310691 , 0.00168418 , 0.000310691 , 0.00168418 , 0.000310691 , 0.00168418 , 0.000310691 , 0.00168418
0.000741291 , 0.00151256 , 0.000741291 , 0.00151256 , 0.000741291 , 0.00151256 , 0.000741291 , 0.00151256
0.00105602 , -0.00043019 , 0.00105602 , -0.00043019 , 0.00105602 , -0.00043019 , 0.00105602 , -0.00043019
0.000906436 , -0.00133926 , 0.000906436 , -0.00133926 , 0.000906436 , -0.00133926 , 0.000906436 , -0.00133926
0.000378741 , -0.00191424 , 0.000378741 , -0.00191424 , 0.000378741 , -0.00191424 , 0.000378741 , -0.00191424
7.48151e-06 , -0.0012606 , 7.48151e-06 , -0.0012606 , 7.48151e-06 , -0.0012606 , 7.48151e-06 , -0.0012606
-0.000423549 , -0.000718124 , -0.000423549 , -0.000718124 , -0.000423549 , -0.000718124 , -0.000423549 , -0.000718124
-0.000815857 , -0.00104481 , -0.000815857 , -0.00104481 , -0.000815857 , -0.00104481 , -0.000815857 , -0.00104481
-0.00105838 , 0.000535292 , -0.00105838 , 0.000535292 , -0.00105838 , 0.000535292 , -0.00105838 , 0.000535292
-0.00103138 , 0.00104766 , -0.00103138 , 0.00104766 , -0.00103138 , 0.00104766 , -0.00103138 , 0.00104766
-0.000536986 , 0.00205946 , -0.000536986 , 0.00205946 , -0.000536986 , 0.00205946 , -0.000536986 , 0.00205946
0.000295999 , 0.00273512 , 0.000295999 , 0.00273512 , 0.000295999 , 0.00273512 , 0.000295999 , 0.00273512
0.00121171 , 0.00134243 , 0.00121171 , 0.00134243 , 0.00121171 , 0.00134243 , 0.00121171 , 0.00134243
0.00166109 , -0.001128 , 0.00166109 , -0.001128 , 0.00166109 , -0.001128 , 0.00166109 , -0.001128
0.0014306 , -0.00244691 , 0.0014306 , -0.00244691 , 0.0014306 , -0.00244691 , 0.0014306 , -0.00244691
0.000916593 , -0.00177444 , 0.000916593 , -0.00177444 , 0.000916593 , -0.00177444 , 0.000916593 , -0.00177444
0.000341824 , -0.00126696 , 0.000341824 , -0.00126696 , 0.000341824 , -0.00126696 , 0.000341824 , -0.00126696
-0.000481999 , -0.00152399 , -0.000481999 , -0.00152399 , -0.000481999 , -0.00152399 , -0.000481999 , -0.00152399
-0.0014746 , -0.000674055 , -0.0014746 , -0.000674055 , -0.0014746 , -0.000674055 , -0.0014746 , -0.000674055
-0.00208082 , 0.00109869 , -0.00208082 , 0.00109869 , -0.00208082 , 0.00109869 , -0.00208082 , 0.00109869
-0.00199466 , 0.00217056 , -0.00199466 , 0.00217056 , -0.00199466 , 0.00217056 , -0.00199466 , 0.00217056
-0.00143415 , 0.00228081 , -0.00143415 , 0.00228081 , -0.00143415 , 0.00228081 , -0.00143415 , 0.00228081
-0.000473188 , 0.00177499 , -0.000473188 , 0.00177499 , -0.000473188 , 0.00177499 , -0.000473188 , 0.00177499
0.000595404 , 0.000406327 , 0.000595404 , 0.000406327 , 0.000595404 , 0.000406327 , 0.000595404 , 0.000406327
0.00121324 , -0.00157686 , 0.00121324 , -0.00157686 , 0.00121324 , -0.00157686 , 0.00121324 , -0.00157686
0.00138629 , -0.00157723 , 0.00138629 , -0.00157723 , 0.00138629 , -0.00157723 , 0.00138629 , -0.00157723
0.00128545 , -0.000882007 , 0.00128545 , -0.000882007 , 0.00128545 , -0.000882007 , 0.00128545 , -0.000882007
0.00102662 , -0.000611061 , 0.00102662 , -0.000611061 , 0.00102662 , -0.000611061 , 0.00102662 , -0.000611061
0.00066059 , 7.91509e-05 , 0.00066059 , 7.91509e-05 , 0.00066059 , 7.91509e-05 , 0.00066059 , 7.91509e-05
0.000214687 , 0.0001562 , 0.000214687 , 0.0001562 , 0.000214687 , 0.0001562 , 0.000214687 , 0.0001562
-0.000214119 , -0.000141438 , -0.000214119 , -0.000141438 , -0.000214119 , -0.000141438 , -0.000214119 , -0.000141438
-0.000533396 , 0.000347639 , -0.000533396 , 0.000347639 , -0.000533396 , 0.000347639 , -0.000533396 , 0.000347639
-0.000392936 , 0.000715802 , -0.000392936 , 0.000715802 , -0.000392936 , 0.000715802 , -0.000392936 , 0.000715802
-0.000307712 , -0.000635449 , -0.000307712 , -0.000635449 , -0.000307712 , -0.000635449 , -0.000307712 , -0.000635449
-0.000508623 , -0.000980495 , -0.000508623 , -0.000980495 , -0.000508623 , -0.000980495 , -0.000508623 , -0.000980495
-0.000521242 , 0.000369138 , -0.000521242 , 0.000369138 , -0.000521242 , 0.000369138 , -0.000521242 , 0.000369138
-0.000385727 , 0.000392423 , -0.000385727 , 0.000392423 , -0.000385727 , 0.000392423 , -0.000385727 , 0.000392423
-0.00053568 , 8.07615e-05 , -0.00053568 , 8.07615e-05 , -0.00053568 , 8.07615e-05 , -0.00053568 , 8.07615e-05
-0.00067122 , 0.000520327 , -0.00067122 , 0.000520327 , -0.00067122 , 0.000520327 , -0.00067122 , 0.000520327
-0.000577952 , 0.000377416 , -0.000577952 , 0.000377416 , -0.000577952 , 0.000377416 , -0.000577952 , 0.000377416
-0.000330513 , -0.000106704 , -0.000330513 , -0.000106704 , -0.000330513 , -0.000106704 , -0.000330513 , -0.000106704
7.73889e-05 , -0.000169848 , 7.73889e-05 , -0.000169848 , 7.73889e-05 , -0.000169848 , 7.73889e-05 , -0.000169848
0.000707628 , 0.000215472 , 0.000707628 , 0.000215472 , 0.000707628 , 0.000215472 , 0.000707628 , 0.000215472
0.00128019 , -0.000284271 , 0.00128019 , -0.000284271 , 0.00128019 , -0.000284271 , 0.00128019 , -0.000284271
0.00145816 , -0.000787787 , 0.00145816 , -0.000787787 , 0.00145816 , -0.000787787 , 0.00145816 , -0.000787787
0.00106157 , -0.000871537 , 0.00106157 , -0.000871537 , 0.00106157 , -0.000871537 , 0.00106157 , -0.000871537
0.000431992 , 0.000671671 , 0.000431992 , 0.000671671 , 0.000431992 , 0.000671671 , 0.000431992 , 0.000671671
-8.53476e-06 , 0.00186607 , -8.53476e-06 , 0.00186607 , -8.53476e-06 , 0.00186607 , -8.53476e-06 , 0.00186607
-0.000374084 , 0.00109623 , -0.000374084 , 0.00109623 , -0.000374084 , 0.00109623 , -0.000374084 , 0.00109623
-0.00079858 , 0.000404188 , -0.00079858 , 0.000404188 , -0.00079858 , 0.000404188 , -0.00079858 , 0.000404188
-0.00112183 , -0.000165967 , -0.00112183 , -0.000165967 , -0.00112183 , -0.000165967 , -0.00112183 , -0.000165967
-0.00105695 , -0.000604596 , -0.00105695 , -0.000604596 , -0.00105695 , -0.000604596 , -0.00105695 , -0.000604596
-0.000653948 , -0.000896784 , -0.000653948 , -0.000896784 , -0.000653948 , -0.000896784 , -0.000653948 , -0.000896784
-0.000111849 , -0.00113536 , -0.000111849 , -0.00113536 , -0.000111849 , -0.00113536 , -0.000111849 , -0.00113536
0.000387167 , -0.00130845 , 0.000387167 , -0.00130845 , 0.000387167 , -0.00130845 , 0.000387167 , -0.00130845
0.000629424 , -0.0014657 , 0.000629424 , -0.0014657 , 0.000629424 , -0.0014657 , 0.000629424 , -0.0014657
0.000389469 , -0.00107969 , 0.000389469 , -0.00107969 , 0.000389469 , -0.00107969 , 0.000389469 , -0.00107969
-3.30213e-05 , 0.000131799 , -3.30213e-05 , 0.000131799 , -3.30213e-05 , 0.000131799 , -3.30213e-05 , 0.000131799
-0.000239631 , 0.00162602 , -0.000239631 , 0.00162602 , -0.000239631 , 0.00162602 , -0.000239631 , 0.00162602
-2.5626e-05 , 0.00248809 , -2.5626e-05 , 0.00248809 , -2.5626e-05 , 0.00248809 , -2.5626e-05 , 0.00248809
0.000354324 , 0.00213563 , 0.000354324 , 0.00213563 , 0.000354324 , 0.00213563 , 0.000354324 , 0.00213563
0.000623709 , 0.000990115 , 0.000623709 , 0.000990115 , 0.000623709 , 0.000990115 , 0.000623709 , 0.000990115
0.000606013 , -0.000265036 , 0.000606013 , -0.000265036 , 0.000606013 , -0.000265036 , 0.000606013 , -0.000265036
0.00039645 , -0.000340606 , 0.00039645 , -0.000340606 , 0.00039645 , -0.000340606 , 0.00039645 , -0.000340606
4.80501e-05 , -0.000143483 , 4.80501e-05 , -0.000143483 , 4.80501e-05 , -0.000143483 , 4.80501e-05 , -0.000143483
-0.00039805 , -0.000795226 , -0.00039805 , -0.000795226 , -0.00039805 , -0.000795226 , -0.00039805 , -0.000795226
-0.00039805 , -0.000795226 , -0.00039805 , -0.000795226 , -0.00039805 , -0.000795226 , -0.00039805 , -0.000795226
-0.00039805 , -0.000795226 , -0.00039805 , -0.000795226 , -0.00039805 , -0.000795226 , -0.00039805 , -0.000795226
-0.00039805 , -0.000795226 , -0.00039805 , -0.000795226 , -0.00039805 , -0.000795226 , -0.00039805 , -0.000795226
-0.00039805 , -0.000795226 , -0.00039805 , -0.000795226 , -0.00039805 , -0.000795226 , -0.00039805 , -0.000795226
-0.00039805 , -0.000795226 , -0.00039805 , -0.000795226 , -0.00039805 , -0.000795226 , -0.00039805 , -0.000795226
-0.00039805 , -0.000795226 , -0.00039805 , -0.000795226 , -0.00039805 , -0.000795226 , -0.00039805 , -0.000795226
-0.00039805 , -0.000795226 , -0.00039805 , -0.000795226 , -0.00039805 , -0.000795226 , -0.00039805 , -0.000795226
-0.00039805 , -0.000795226 , -0.00039805 , -0.000795226 , -0.00039805 , -0.000795226 , -0.00039805 , -0.000795226
-0.00039805 , -0.000795226 , -0.00039805 , -0.000795226 , -0.00039805 , -0.000795226 , -0.00039805 , -0.000795226
-0.00039805 , -0.000795226 , -0.00039805 , -0.000795226 , -0.00039805 , -0.000795226 , -0.00039805 , -0.000795226
-0.00039805 , -0.000795226 , -0.00039805 , -0.000795226 , -0.00039805 , -0.000795226 , -0.00039805 , -0.000795226
-0.00039805 , -0.000795226 , -0.00039805 , -0.000795226 , -0.00039805 , -0.000795226 , -0.00039805 , -0.000795226
-0.00039805 , -0.000795226 , -0.00039805 , -0.000795226 , -0.00039805 , -0.000795226 , -0.00039805 , -0.000795226
-0.00039805 , -0.000795226 , -0.00039805 , -0.000795226 , -0.00039805 , -0.000795226 , -0.00039805 , -0.000795226
-0.00039805 , -0.000795226 , -0.00039805 , -0.000795226 , -0.00039805 , -0.000795226 , -0.00039805 , -0.000795226
-0.00039805 , -0.000795226 , -0.00039805 , -0.000795226 , -0.00039805 , -0.000795226 , -0.00039805 , -0.000795226
-0.00039805 , -0.000795226 , -0.00039805 , -0.000795226 , -0.00039805 , -0.000795226 , -0.00039805 , -0.000795226
-0.00039805 , -0.000795226 , -0.00039805 , -0.000795226 , -0.00039805 , -0.000795226 , -0.00039805 , -0.000795226
