0 , -4.43534e+10 , 3.33224e+08
0.001001 , -4.43207e+10 , 3.16585e+08
0.002002 , -4.29265e+10 , 2.85566e+08
0.003003 , -4.0259e+10 , 2.41822e+08
0.004004 , -3.64824e+10 , 1.8777e+08
0.00500501 , -3.18248e+10 , 1.26431e+08
0.00600601 , -2.65621e+10 , 6.12392e+07
0.00700701 , -2.09981e+10 , -4.18021e+06
0.00800801 , -1.54437e+10 , -6.62433e+07
0.00900901 , -1.0195e+10 , -1.21635e+08
0.01001 , -5.51368e+09 , -1.67516e+08
0.011011 , -1.61048e+09 , -2.01701e+08
0.012012 , 1.36778e+09 , -2.22784e+08
0.013013 , 3.34543e+09 , -2.30219e+08
0.014014 , 4.32003e+09 , -2.24335e+08
0.015015 , 4.35875e+09 , -2.06294e+08
0.016016 , 3.5897e+09 , -1.78e+08
0.017017 , 2.18908e+09 , -1.41945e+08
0.018018 , 3.65136e+08 , -1.01033e+08
0.019019 , -1.65958e+09 , -5.83669e+07
0.02002 , -3.66624e+09 , -1.70315e+07
0.021021 , -5.45663e+09 , 2.01202e+07
0.022022 , -6.86748e+09 , 5.06611e+07
0.023023 , -7.7814e+09 , 7.27494e+07
0.024024 , -8.13346e+09 , 8.52446e+07
0.025025 , -7.91318e+09 , 8.77705e+07
0.026026 , -7.16193e+09 , 8.0722e+07
0.027027 , -5.96617e+09 , 6.52158e+07
0.028028 , -4.44724e+09 , 4.29882e+07
0.029029 , -2.74877e+09 , 1.62495e+07
0.03003 , -1.02283e+09 , -1.24963e+07
0.031031 , 5.83983e+08 , -4.06509e+07
0.032032 , 1.94315e+09 , -6.57268e+07
0.033033 , 2.95478e+09 , -8.55418e+07
0.034034 , 3.55502e+09 , -9.83894e+07
0.035035 , 3.71995e+09 , -1.03171e+08
0.036036 , 3.46581e+09 , -9.94828e+07
0.037037 , 2.84552e+09 , -8.76431e+07
0.038038 , 1.94222e+09 , -6.86702e+07
0.039039 , 8.60271e+08 , -4.41994e+07
0.04004 , -2.85198e+08 , -1.63528e+07
0.041041 , -1.37929e+09 , 1.24315e+07
0.042042 , -2.31781e+09 , 3.95977e+07
0.043043 , -3.01638e+09 , 6.26833e+07
0.044044 , -3.4173e+09 , 7.95272e+07
0.045045 , -3.49373e+09 , 8.84579e+07
0.046046 , -3.25085e+09 , 8.84475e+07
0.047047 , -2.72404e+09 , 7.92194e+07
0.048048 , -1.97432e+09 , 6.12984e+07
0.049049 , -1.08159e+09 , 3.59992e+07
0.0500501 , -1.36423e+08 , 5.35133e+06
0.0510511 , 7.68941e+08 , -2.80355e+07
0.0520521 , 1.54933e+09 , -6.11587e+07
0.0530531 , 2.13446e+09 , -9.08495e+07
0.0540541 , 2.47513e+09 , -1.14025e+08
0.0550551 , 2.54716e+09 , -1.27948e+08
0.0560561 , 2.35294e+09 , -1.30475e+08
0.0570571 , 1.92038e+09 , -1.20272e+08
0.0580581 , 1.29955e+09 , -9.69927e+07
0.0590591 , 5.57314e+08 , -6.13832e+07
0.0600601 , -2.29423e+08 , -1.53262e+07
0.0610611 , -9.81231e+08 , 3.81978e+07
0.0620621 , -1.62366e+09 , 9.52263e+07
0.0630631 , -2.09406e+09 , 1.51004e+08
0.0640641 , -2.34715e+09 , 2.00235e+08
0.0650651 , -2.35869e+09 , 2.37393e+08
0.0660661 , -2.12721e+09 , 2.57049e+08
0.0670671 , -1.67345e+09 , 2.54228e+08
0.0680681 , -1.03782e+09 , 2.24746e+08
0.0690691 , -2.76069e+08 , 1.65516e+08
0.0700701 , 5.46382e+08 , 7.48043e+07
0.0710711 , 1.36077e+09 , -4.75818e+07
0.0720721 , 2.1015e+09 , -2.00194e+08
0.0730731 , 2.71208e+09 , -3.79931e+08
0.0740741 , 3.1501e+09 , -5.82123e+08
0.0750751 , 3.39065e+09 , -8.00708e+08
0.0760761 , 3.42801e+09 , -1.0285e+09
0.0770771 , 3.27541e+09 , -1.25749e+09
0.0780781 , 2.96312e+09 , -1.4793e+09
0.0790791 , 2.53481e+09 , -1.68549e+09
0.0800801 , 2.04286e+09 , -1.86809e+09
0.0810811 , 1.54296e+09 , -2.01993e+09
0.0820821 , 1.08854e+09 , -2.13503e+09
0.0830831 , 7.25598e+08 , -2.2089e+09
0.0840841 , 4.8839e+08 , -2.23876e+09
0.0850851 , 3.96449e+08 , -2.22367e+09
0.0860861 , 4.53064e+08 , -2.16459e+09
0.0870871 , 6.45433e+08 , -2.06429e+09
0.0880881 , 9.46379e+08 , -1.92718e+09
0.0890891 , 1.31745e+09 , -1.7591e+09
0.0900901 , 1.71307e+09 , -1.56698e+09
0.0910911 , 2.08526e+09 , -1.3585e+09
0.0920921 , 2.38856e+09 , -1.14166e+09
0.0930931 , 2.58458e+09 , -9.24422e+08
0.0940941 , 2.64575e+09 , -7.14288e+08
0.0950951 , 2.55798e+09 , -5.17987e+08
0.0960961 , 2.32192e+09 , -3.41167e+08
0.0970971 , 1.9528e+09 , -1.88178e+08
0.0980981 , 1.47878e+09 , -6.1941e+07
0.0990991 , 9.38109e+08 , 3.61137e+07
0.1001 , 3.75353e+08 , 1.0601e+08
0.101101 , -1.62981e+08 , 1.49119e+08
0.102102 , -6.32917e+08 , 1.67978e+08
0.103103 , -9.97181e+08 , 1.66058e+08
0.104104 , -1.22867e+09 , 1.47493e+08
0.105105 , -1.31287e+09 , 1.16789e+08
0.106106 , -1.24907e+09 , 7.85317e+07
0.107107 , -1.0502e+09 , 3.71131e+07
0.108108 , -7.41355e+08 , -3.51068e+06
0.109109 , -3.57224e+08 , -4.00146e+07
0.11011 , 6.1408e+07 , -6.98456e+07
0.111111 , 4.71649e+08 , -9.1302e+07
0.112112 , 8.32628e+08 , -1.03552e+08
0.113113 , 1.10935e+09 , -1.06594e+08
0.114114 , 1.27594e+09 , -1.01165e+08
0.115115 , 1.3179e+09 , -8.8604e+07
0.116116 , 1.23326e+09 , -7.0693e+07
0.117117 , 1.03255e+09 , -4.94736e+07
0.118118 , 7.37454e+08 , -2.70646e+07
0.119119 , 3.78494e+08 , -5.48959e+06
0.12012 , -8.10219e+06 , 1.34744e+07
0.121121 , -3.84054e+08 , 2.84173e+07
0.122122 , -7.12802e+08 , 3.83787e+07
0.123123 , -9.63038e+08 , 4.28897e+07
0.124124 , -1.11168e+09 , 4.19739e+07
0.125125 , -1.14596e+09 , 3.61097e+07
0.126126 , -1.06455e+09 , 2.61596e+07
0.127127 , -8.77414e+08 , 1.32745e+07
0.128128 , -6.0475e+08 , -1.21868e+06
0.129129 , -2.74784e+08 , -1.59367e+07
0.13013 , 7.90815e+07 , -2.95558e+07
0.131131 , 4.21611e+08 , -4.09169e+07
0.132132 , 7.19204e+08 , -4.91106e+07
0.133133 , 9.43146e+08 , -5.35384e+07
0.134134 , 1.07233e+09 , -5.39442e+07
0.135135 , 1.09521e+09 , -5.04187e+07
0.136136 , 1.01077e+09 , -4.33736e+07
0.137137 , 8.28465e+08 , -3.34927e+07
0.138138 , 5.67166e+08 , -2.1663e+07
0.139139 , 2.53158e+08 , -8.8932e+06
0.14014 , -8.25213e+07 , 3.77454e+06
0.141141 , -4.07174e+08 , 1.53505e+07
0.142142 , -6.89654e+08 , 2.49756e+07
0.143143 , -9.03377e+08 , 3.19857e+07
0.144144 , -1.02884e+09 , 3.59572e+07
0.145145 , -1.05544e+09 , 3.67309e+07
0.146146 , -9.8233e+08 , 3.44144e+07
0.147147 , -8.18413e+08 , 2.93622e+07
0.148148 , -5.81294e+08 , 2.21369e+07
0.149149 , -2.95453e+08 , 1.34552e+07
0.15015 , 1.02479e+07 , 4.12406e+06
0.151151 , 3.05447e+08 , -5.02885e+06
0.152152 , 5.61264e+08 , -1.32226e+07
0.153153 , 7.53102e+08 , -1.97845e+07
0.154154 , 8.6299e+08 , -2.42012e+07
0.155155 , 8.81244e+08 , -2.61536e+07
0.156156 , 8.07298e+08 , -2.55363e+07
0.157157 , 6.4963e+08 , -2.24585e+07
0.158158 , 4.24808e+08 , -1.72274e+07
0.159159 , 1.5576e+08 , -1.03168e+07
0.16016 , -1.30563e+08 , -2.32332e+06
0.161161 , -4.05876e+08 , 6.08568e+06
0.162162 , -6.43352e+08 , 1.42282e+07
0.163163 , -8.20226e+08 , 2.14628e+07
0.164164 , -9.19977e+08 , 2.72385e+07
0.165165 , -9.33864e+08 , 3.11359e+07
0.166166 , -8.6168e+08 , 3.2897e+07
0.167167 , -7.11661e+08 , 3.24405e+07
0.168168 , -4.99572e+08 , 2.98632e+07
0.169169 , -2.47058e+08 , 2.54278e+07
0.17017 , 2.05546e+07 , 1.95372e+07
0.171171 , 2.76793e+08 , 1.27006e+07
0.172172 , 4.96661e+08 , 5.49134e+06
0.173173 , 6.59077e+08 , -1.49769e+06
0.174174 , 7.4891e+08 , -7.69798e+06
0.175175 , 7.58401e+08 , -1.26058e+07
0.176176 , 6.87849e+08 , -1.58153e+07
0.177177 , 5.45494e+08 , -1.70426e+07
0.178178 , 3.46629e+08 , -1.61392e+07
0.179179 , 1.1202e+08 , -1.30938e+07
0.18018 , -1.34187e+08 , -8.02411e+06
0.181181 , -3.66878e+08 , -1.15855e+06
0.182182 , -5.62443e+08 , 7.1889e+06
0.183183 , -7.01087e+08 , 1.66491e+07
0.184184 , -7.68736e+08 , 2.68298e+07
0.185185 , -7.58372e+08 , 3.73474e+07
0.186186 , -6.70653e+08 , 4.78546e+07
0.187187 , -5.13783e+08 , 5.80628e+07
0.188188 , -3.02646e+08 , 6.77572e+07
0.189189 , -5.72838e+07 , 7.68032e+07
0.19019 , 1.99106e+08 , 8.51453e+07
0.191191 , 4.42468e+08 , 9.27975e+07
0.192192 , 6.50248e+08 , 9.98276e+07
0.193193 , 8.03579e+08 , 1.06337e+08
0.194194 , 8.89094e+08 , 1.12438e+08
0.195195 , 9.00175e+08 , 1.18231e+08
0.196196 , 8.37534e+08 , 1.23784e+08
0.197197 , 7.09066e+08 , 1.29115e+08
0.198198 , 5.2901e+08 , 1.34183e+08
0.199199 , 3.16482e+08 , 1.38885e+08
0.2002 , 9.3555e+07 , 1.43056e+08
0.201201 , -1.16942e+08 , 1.46483e+08
0.202202 , -2.93673e+08 , 1.48922e+08
0.203203 , -4.18889e+08 , 1.50114e+08
0.204204 , -4.80141e+08 , 1.49814e+08
0.205205 , -4.71471e+08 , 1.47813e+08
0.206206 , -3.9395e+08 , 1.43963e+08
0.207207 , -2.55531e+08 , 1.38192e+08
0.208208 , -7.02216e+07 , 1.3052e+08
0.209209 , 1.43324e+08 , 1.21067e+08
0.21021 , 3.63663e+08 , 1.1005e+08
0.211211 , 5.68672e+08 , 9.77781e+07
0.212212 , 7.37723e+08 , 8.46327e+07
0.213213 , 8.53684e+08 , 7.10507e+07
0.214214 , 9.04576e+08 , 5.7497e+07
0.215215 , 8.84714e+08 , 4.44363e+07
0.216216 , 7.95229e+08 , 3.23052e+07
0.217217 , 6.43929e+08 , 2.14854e+07
0.218218 , 4.44509e+08 , 1.22807e+07
0.219219 , 2.15199e+08 , 4.89954e+06
0.22022 , -2.30178e+07 , -555460
0.221221 , -2.48437e+08 , -4.09101e+06
0.222222 , -4.4072e+08 , -5.81875e+06
0.223223 , -5.82835e+08 , -5.9439e+06
0.224224 , -6.62656e+08 , -4.74762e+06
0.225225 , -6.74085e+08 , -2.56474e+06
0.226226 , -6.1757e+08 , 241482
0.227227 , -5.00007e+08 , 3.30563e+06
0.228228 , -3.34e+08 , 6.2855e+06
0.229229 , -1.36601e+08 , 8.88459e+06
0.23023 , 7.23755e+07 , 1.08703e+07
0.231231 , 2.72285e+08 , 1.20864e+07
0.232232 , 4.43636e+08 , 1.24595e+07
0.233233 , 5.69942e+08 , 1.19987e+07
0.234234 , 6.39264e+08 , 1.07891e+07
0.235235 , 6.45286e+08 , 8.98004e+06
0.236236 , 5.87844e+08 , 6.76844e+06
0.237237 , 4.72852e+08 , 4.37997e+06
0.238238 , 3.11636e+08 , 2.04843e+06
0.239239 , 1.19762e+08 , -4224.37
0.24024 , -8.4528e+07 , -1.58609e+06
0.241241 , -2.82125e+08 , -2.55017e+06
0.242242 , -4.54908e+08 , -2.80501e+06
0.243243 , -5.87479e+08 , -2.32035e+06
0.244244 , -6.68608e+08 , -1.12768e+06
0.245245 , -6.92246e+08 , 684151
0.246246 , -6.58015e+08 , 2.97776e+06
0.247247 , -5.71142e+08 , 5.57945e+06
0.248248 , -4.41836e+08 , 8.29388e+06
0.249249 , -2.84196e+08 , 1.09197e+07
0.25025 , -1.14747e+08 , 1.3265e+07
0.251251 , 4.92372e+07 , 1.51615e+07
0.252252 , 1.91457e+08 , 1.64761e+07
0.253253 , 2.98192e+08 , 1.7119e+07
0.254254 , 3.59616e+08 , 1.70489e+07
0.255255 , 3.70718e+08 , 1.62729e+07
0.256256 , 3.3172e+08 , 1.48444e+07
0.257257 , 2.47969e+08 , 1.28564e+07
0.258258 , 1.29327e+08 , 1.04324e+07
0.259259 , -1.08961e+07 , 7.71649e+06
0.26026 , -1.57328e+08 , 4.86154e+06
0.261261 , -2.94119e+08 , 2.01818e+06
0.262262 , -4.06549e+08 , -675270
0.263263 , -4.82502e+08 , -3.1012e+06
0.264264 , -5.13669e+08 , -5.1687e+06
0.265265 , -4.96342e+08 , -6.81703e+06
0.266266 , -4.31742e+08 , -8.01637e+06
0.267267 , -3.25841e+08 , -8.76615e+06
0.268268 , -1.88706e+08 , -9.09127e+06
0.269269 , -3.34248e+07 , -9.03668e+06
0.27027 , 1.25256e+08 , -8.66109e+06
0.271271 , 2.72468e+08 , -8.03037e+06
0.272272 , 3.94747e+08 , -7.21122e+06
0.273273 , 4.81422e+08 , -6.26582e+06
0.274274 , 5.25698e+08 , -5.24769e+06
0.275275 , 5.25349e+08 , -4.19913e+06
0.276276 , 4.82932e+08 , -3.15022e+06
0.277277 , 4.05514e+08 , -2.11943e+06
0.278278 , 3.03926e+08 , -1.11541e+06
0.279279 , 1.91631e+08 , -139791
0.28028 , 8.33104e+07 , 809582
0.281281 , -6.68058e+06 , 1.73536e+06
0.282282 , -6.58433e+07 , 2.63779e+06
0.283283 , -8.48868e+07 , 3.51258e+06
0.284284 , -5.87673e+07 , 4.3497e+06
0.285285 , 1.26918e+07 , 5.13343e+06
0.286286 , 1.24668e+08 , 5.84339e+06
0.287287 , 2.67711e+08 , 6.45659e+06
0.288288 , 4.28591e+08 , 6.95019e+06
0.289289 , 5.91538e+08 , 7.30456e+06
0.29029 , 7.39762e+08 , 7.50636e+06
0.291291 , 8.57106e+08 , 7.55111e+06
0.292292 , 9.29664e+08 , 7.44501e+06
0.293293 , 9.47219e+08 , 7.20571e+06
0.294294 , 9.04347e+08 , 6.86184e+06
0.295295 , 8.01079e+08 , 6.45125e+06
0.296296 , 6.43056e+08 , 6.01814e+06
0.297297 , 4.41148e+08 , 5.6093e+06
0.298298 , 2.10568e+08 , 5.26969e+06
0.299299 , -3.04332e+07 , 5.03794e+06
0.3003 , -2.6219e+08 , 4.94214e+06
0.301301 , -4.65395e+08 , 4.99631e+06
0.302302 , -6.2287e+08 , 5.19808e+06
0.303303 , -7.21168e+08 , 5.52774e+06
0.304304 , -7.51854e+08 , 5.94892e+06
0.305305 , -7.1234e+08 , 6.41092e+06
0.306306 , -6.06201e+08 , 6.85243e+06
0.307307 , -4.42935e+08 , 7.20662e+06
0.308308 , -2.37185e+08 , 7.40693e+06
0.309309 , -7.49463e+06 , 7.39324e+06
0.31031 , 2.25302e+08 , 7.1178e+06
0.311311 , 4.39892e+08 , 6.55045e+06
0.312312 , 6.16361e+08 , 5.68252e+06
0.313313 , 7.37941e+08 , 4.52912e+06
0.314314 , 7.92487e+08 , 3.12948e+06
0.315315 , 7.73554e+08 , 1.54531e+06
0.316316 , 6.80968e+08 , -142852
0.317317 , 5.2084e+08 , -1.84103e+06
0.318318 , 3.05044e+08 , -3.44846e+06
0.319319 , 5.01845e+07 , -4.86514e+06
0.32032 , -2.23845e+08 , -5.99954e+06
0.321321 , -4.95573e+08 , -6.7759e+06
0.322322 , -7.43794e+08 , -7.14051e+06
0.323323 , -9.49372e+08 , -7.06644e+06
0.324324 , -1.09685e+09 , -6.55621e+06
0.325325 , -1.17575e+09 , -5.64233e+06
0.326326 , -1.18137e+09 , -4.38539e+06
0.327327 , -1.11519e+09 , -2.87008e+06
0.328328 , -9.84621e+08 , -1.19913e+06
0.329329 , -8.02381e+08 , 514031
0.33033 , -5.85331e+08 , 2.15364e+06
0.331331 , -3.53055e+08 , 3.61009e+06
0.332332 , -1.26216e+08 , 4.788e+06
0.333333 , 7.5144e+07 , 5.61323e+06
0.334334 , 2.33205e+08 , 6.03813e+06
0.335335 , 3.33751e+08 , 6.04486e+06
0.336336 , 3.67218e+08 , 5.64625e+06
0.337337 , 3.29336e+08 , 4.88437e+06
0.338338 , 2.21319e+08 , 3.82678e+06
0.339339 , 4.96138e+07 , 2.56088e+06
0.34034 , -1.74762e+08 , 1.1868e+06
0.341341 , -4.37217e+08 , -190654
0.342342 , -7.2081e+08 , -1.47017e+06
0.343343 , -1.00761e+09 , -2.56177e+06
0.344344 , -1.28006e+09 , -3.39349e+06
0.345345 , -1.52218e+09 , -3.9165e+06
0.346346 , -1.7207e+09 , -4.10826e+06
0.347347 , -1.86572e+09 , -3.97341e+06
0.348348 , -1.95124e+09 , -3.54249e+06
0.349349 , -1.97522e+09 , -2.86849e+06
0.35035 , -1.93941e+09 , -2.02175e+06
0.351351 , -1.84883e+09 , -1.08346e+06
0.352352 , -1.71116e+09 , -138501
0.353353 , -1.53584e+09 , 731819
0.354354 , -1.3333e+09 , 1.45652e+06
0.355355 , -1.1141e+09 , 1.98061e+06
0.356356 , -8.88212e+08 , 2.26924e+06
0.357357 , -6.64495e+08 , 2.30991e+06
0.358358 , -4.5029e+08 , 2.11277e+06
0.359359 , -2.51256e+08 , 1.70881e+06
0.36036 , -7.13802e+07 , 1.14637e+06
0.361361 , 8.68738e+07 , 486073
0.362362 , 2.22297e+08 , -205080
0.363363 , 3.34615e+08 , -860132
0.364364 , 4.24162e+08 , -1.41839e+06
0.365365 , 4.91596e+08 , -1.83095e+06
0.366366 , 5.37687e+08 , -2.06498e+06
0.367367 , 5.63212e+08 , -2.1065e+06
0.368368 , 5.68941e+08 , -1.96127e+06
0.369369 , 5.55724e+08 , -1.65383e+06
0.37037 , 5.24642e+08 , -1.22488e+06
0.371371 , 4.77196e+08 , -727004
0.372372 , 4.1548e+08 , -219386
0.373373 , 3.42316e+08 , 238070
0.374374 , 2.61309e+08 , 590705
0.375375 , 1.76792e+08 , 794563
0.376376 , 9.36586e+07 , 820824
0.377377 , 1.70914e+07 , 658826
0.378378 , -4.78056e+07 , 317359
0.379379 , -9.64263e+07 , -175886
0.38038 , -1.25094e+08 , -776690
0.381381 , -1.31456e+08 , -1.4283e+06
0.382382 , -1.14795e+08 , -2.06673e+06
0.383383 , -7.62094e+07 , -2.6268e+06
0.384384 , -1.86425e+07 , -3.04856e+06
0.385385 , 5.32666e+07 , -3.28336e+06
0.386386 , 1.335e+08 , -3.29905e+06
0.387387 , 2.15126e+08 , -3.08392e+06
0.388388 , 2.90883e+08 , -2.64888e+06
0.389389 , 3.53814e+08 , -2.02768e+06
0.39039 , 3.97912e+08 , -1.27523e+06
0.391391 , 4.187e+08 , -463892
0.392392 , 4.13687e+08 , 321780
0.393393 , 3.8266e+08 , 991535
0.394394 , 3.27769e+08 , 1.45664e+06
0.395395 , 2.53391e+08 , 1.63718e+06
0.396396 , 1.65782e+08 , 1.4689e+06
0.397397 , 7.25446e+07 , 908967
0.398398 , -1.80473e+07 , -59787.1
0.399399 , -9.78017e+07 , -1.42657e+06
0.4004 , -1.59369e+08 , -3.1524e+06
0.401401 , -1.96942e+08 , -5.17208e+06
0.402402 , -2.06816e+08 , -7.39818e+06
0.403403 , -1.87771e+08 , -9.72673e+06
0.404404 , -1.41218e+08 , -1.20442e+07
0.405405 , -7.11052e+07 , -1.42354e+07
0.406406 , 1.64225e+07 , -1.6191e+07
0.407407 , 1.13567e+08 , -1.78156e+07
0.408408 , 2.11588e+08 , -1.90333e+07
0.409409 , 3.01607e+08 , -1.97934e+07
0.41041 , 3.7543e+08 , -2.00729e+07
0.411411 , 4.26315e+08 , -1.98778e+07
0.412412 , 4.49607e+08 , -1.92415e+07
0.413413 , 4.43178e+08 , -1.82219e+07
0.414414 , 4.0763e+08 , -1.68965e+07
0.415415 , 3.46242e+08 , -1.53562e+07
0.416416 , 2.64666e+08 , -1.36983e+07
0.417417 , 1.70394e+08 , -1.20191e+07
0.418418 , 7.20502e+07 , -1.04075e+07
0.419419 , -2.14199e+07 , -8.93873e+06
0.42042 , -1.01596e+08 , -7.66951e+06
0.421421 , -1.61377e+08 , -6.63541e+06
0.422422 , -1.95643e+08 , -5.84938e+06
0.423423 , -2.01737e+08 , -5.30246e+06
0.424424 , -1.79699e+08 , -4.96617e+06
0.425425 , -1.32245e+08 , -4.7963e+06
0.426426 , -6.44962e+07 , -4.73788e+06
0.427427 , 1.65355e+07 , -4.73071e+06
0.428428 , 1.0263e+08 , -4.71512e+06
0.429429 , 1.85161e+08 , -4.63728e+06
0.43043 , 2.55931e+08 , -4.45385e+06
0.431431 , 3.07965e+08 , -4.13538e+06
0.432432 , 3.36176e+08 , -3.66838e+06
0.433433 , 3.37847e+08 , -3.05582e+06
0.434434 , 3.12882e+08 , -2.31617e+06
0.435435 , 2.63798e+08 , -1.48106e+06
0.436436 , 1.95464e+08 , -591837
0.437437 , 1.14608e+08 , 304619
0.438438 , 2.91532e+07 , 1.16043e+06
0.439439 , -5.25709e+07 , 1.93119e+06
0.44044 , -1.22645e+08 , 2.57992e+06
0.441441 , -1.74335e+08 , 3.08026e+06
0.442442 , -2.02753e+08 , 3.41847e+06
0.443443 , -2.05324e+08 , 3.5943e+06
0.444444 , -1.82037e+08 , 3.62047e+06
0.445445 , -1.35432e+08 , 3.52103e+06
0.446446 , -7.0341e+07 , 3.32861e+06
0.447447 , 6.58844e+06 , 3.081e+06
0.448448 , 8.75582e+07 , 2.81735e+06
0.449449 , 1.64386e+08 , 2.57428e+06
0.45045 , 2.29312e+08 , 2.38237e+06
0.451451 , 2.75757e+08 , 2.26336e+06
0.452452 , 2.98966e+08 , 2.22825e+06
0.453453 , 2.96468e+08 , 2.27647e+06
0.454454 , 2.68315e+08 , 2.39633e+06
0.455455 , 2.17064e+08 , 2.56645e+06
0.456456 , 1.47523e+08 , 2.75828e+06
0.457457 , 6.62722e+07 , 2.93926e+06
0.458458 , -1.89853e+07 , 3.0764e+06
0.459459 , -1.0018e+08 , 3.13995e+06
0.46046 , -1.69665e+08 , 3.10676e+06
0.461461 , -2.2096e+08 , 2.96296e+06
0.462462 , -2.49377e+08 , 2.70583e+06
0.463463 , -2.52471e+08 , 2.34453e+06
0.464464 , -2.30263e+08 , 1.89965e+06
0.465465 , -1.85225e+08 , 1.40173e+06
0.466466 , -1.22024e+08 , 888597
0.467467 , -4.70538e+07 , 402071
0.468468 , 3.22049e+07 , -15888.7
0.469469 , 1.07918e+08 , -327138
0.47047 , 1.72669e+08 , -501075
0.471471 , 2.20176e+08 , -517770
0.472472 , 2.45904e+08 , -370211
0.473473 , 2.47487e+08 , -65436.1
0.474474 , 2.24943e+08 , 375577
0.475475 , 1.80653e+08 , 919272
0.476476 , 1.19102e+08 , 1.52204e+06
0.477477 , 4.64223e+07 , 2.13369e+06
0.478478 , -3.02297e+07 , 2.70159e+06
0.479479 , -1.03384e+08 , 3.17515e+06
0.48048 , -1.65999e+08 , 3.51014e+06
0.481481 , -2.1215e+08 , 3.67266e+06
0.482482 , -2.37605e+08 , 3.64223e+06
0.483483 , -2.40224e+08 , 3.41377e+06
0.484484 , -2.20149e+08 , 2.99838e+06
0.485485 , -1.79767e+08 , 2.42262e+06
0.486486 , -1.23445e+08 , 1.72663e+06
0.487487 , -5.70811e+07 , 960867
0.488488 , 1.25092e+07 , 182118
0.489489 , 7.82764e+07 , -551219
0.49049 , 1.33648e+08 , -1.18397e+06
0.491491 , 1.73183e+08 , -1.66884e+06
0.492492 , 1.93104e+08 , -1.97041e+06
0.493493 , 1.91663e+08 , -2.0682e+06
0.494494 , 1.69298e+08 , -1.9585e+06
0.495495 , 1.28568e+08 , -1.65483e+06
0.496496 , 7.38758e+07 , -1.18684e+06
0.497497 , 1.10055e+07 , -598014
0.498498 , -5.34726e+07 , 57927.1
0.499499 , -1.12876e+08 , 721455
0.500501 , -1.61088e+08 , 1.33217e+06
0.501502 , -1.93176e+08 , 1.83386e+06
0.502503 , -2.05885e+08 , 2.17917e+06
0.503504 , -1.97959e+08 , 2.33362e+06
0.504505 , -1.70256e+08 , 2.27847e+06
0.505506 , -1.25649e+08 , 2.01237e+06
0.506507 , -6.87239e+07 , 1.55142e+06
0.507508 , -5.30292e+06 , 927916
0.508509 , 5.8156e+07 , 187620
0.50951 , 1.1522e+08 , -614061
0.510511 , 1.60139e+08 , -1.4167e+06
0.511512 , 1.8843e+08 , -2.15994e+06
0.512513 , 1.97333e+08 , -2.78848e+06
0.513514 , 1.86085e+08 , -3.25678e+06
0.514515 , 1.55994e+08 , -3.53282e+06
0.515516 , 1.10302e+08 , -3.60076e+06
0.516517 , 5.38429e+07 , -3.46224e+06
0.517518 , -7.44958e+06 , -3.1362e+06
0.518519 , -6.71574e+07 , -2.65722e+06
0.51952 , -1.19035e+08 , -2.07261e+06
0.520521 , -1.57651e+08 , -1.4383e+06
0.521522 , -1.78945e+08 , -814174
0.522523 , -1.80645e+08 , -258915
0.523524 , -1.62497e+08 , 174931
0.524525 , -1.26293e+08 , 445415
0.525526 , -7.56862e+07 , 524736
0.526527 , -1.58093e+07 , 401589
0.527528 , 4.72538e+07 , 82127.3
0.528529 , 1.071e+08 , -410565
0.52953 , 1.57675e+08 , -1.03841e+06
0.530531 , 1.93906e+08 , -1.75157e+06
0.531532 , 2.12238e+08 , -2.49258e+06
0.532533 , 2.11021e+08 , -3.20127e+06
0.533534 , 1.9069e+08 , -3.81973e+06
0.534535 , 1.53749e+08 , -4.29725e+06
0.535536 , 1.04525e+08 , -4.59449e+06
0.536537 , 4.87398e+07 , -4.68681e+06
0.537538 , -7.06944e+06 , -4.56631e+06
0.538539 , -5.62207e+07 , -4.24249e+06
0.53954 , -9.25819e+07 , -3.7414e+06
0.540541 , -1.11219e+08 , -3.10353e+06
0.541542 , -1.08933e+08 , -2.38036e+06
0.542543 , -8.46229e+07 , -1.63017e+06
0.543544 , -3.94516e+07 , -913141
0.544545 , 2.32248e+07 , -286497
0.545546 , 9.8143e+07 , 200207
0.546547 , 1.78618e+08 , 509056
0.547548 , 2.57176e+08 , 616773
0.548549 , 3.2628e+08 , 516467
0.54955 , 3.79069e+08 , 218009
0.550551 , 4.10048e+08 , -252988
0.551552 , 4.15644e+08 , -857484
0.552553 , 3.94594e+08 , -1.54642e+06
0.553554 , 3.48105e+08 , -2.2649e+06
0.554555 , 2.79776e+08 , -2.95683e+06
0.555556 , 1.95288e+08 , -3.56957e+06
0.556557 , 1.01893e+08 , -4.05822e+06
0.557558 , 7.73454e+06 , -4.38918e+06
0.558559 , -7.89102e+07 , -4.54274e+06
0.55956 , -1.50419e+08 , -4.51442e+06
0.560561 , -2.0055e+08 , -4.31495e+06
0.561562 , -2.25044e+08 , -3.96906e+06
0.562563 , -2.22034e+08 , -3.51294e+06
0.563564 , -1.92236e+08 , -2.99094e+06
0.564565 , -1.38884e+08 , -2.45142e+06
0.565566 , -6.74309e+07 , -1.94253e+06
0.566567 , 1.49679e+07 , -1.50791e+06
0.567568 , 1.00134e+08 , -1.18291e+06
0.568569 , 1.79645e+08 , -991700
0.56957 , 2.45638e+08 , -945216
0.570571 , 2.91556e+08 , -1.04049e+06
0.571572 , 3.12774e+08 , -1.26114e+06
0.572573 , 3.07037e+08 , -1.57903e+06
0.573574 , 2.74668e+08 , -1.95705e+06
0.574575 , 2.1853e+08 , -2.35261e+06
0.575576 , 1.43744e+08 , -2.72161e+06
0.576577 , 5.71874e+07 , -3.0225e+06
0.577578 , -3.31689e+07 , -3.22016e+06
0.578579 , -1.19033e+08 , -3.28905e+06
0.57958 , -1.92585e+08 , -3.21563e+06
0.580581 , -2.47231e+08 , -2.99952e+06
0.581582 , -2.78218e+08 , -2.6536e+06
0.582583 , -2.83084e+08 , -2.20285e+06
0.583584 , -2.61872e+08 , -1.68206e+06
0.584585 , -2.17102e+08 , -1.13269e+06
0.585586 , -1.53503e+08 , -599082
0.586587 , -7.75274e+07 , -124436
0.587588 , 3.29432e+06 , 253203
0.588589 , 8.1105e+07 , 504460
0.58959 , 1.48496e+08 , 611405
0.590591 , 1.99235e+08 , 569317
0.591592 , 2.28868e+08 , 387272
0.592593 , 2.35144e+08 , 87485.4
0.593594 , 2.18218e+08 , -296536
0.594595 , 1.80609e+08 , -722884
0.595596 , 1.26923e+08 , -1.14494e+06
0.596597 , 6.33727e+07 , -1.51552e+06
0.597598 , -2.87544e+06 , -1.7912e+06
0.598599 , -6.4434e+07 , -1.9363e+06
0.5996 , -1.14458e+08 , -1.9263e+06
0.600601 , -1.4735e+08 , -1.75033e+06
0.601602 , -1.59339e+08 , -1.41252e+06
0.602603 , -1.48875e+08 , -931994
0.603604 , -1.16801e+08 , -341618
0.604605 , -6.62812e+07 , 314485
0.605606 , -2.49487e+06 , 984474
0.606607 , 6.78741e+07 , 1.61306e+06
0.607608 , 1.37305e+08 , 2.14615e+06
0.608609 , 1.98196e+08 , 2.53552e+06
0.60961 , 2.43633e+08 , 2.74309e+06
0.610611 , 2.68101e+08 , 2.74439e+06
0.611612 , 2.68051e+08 , 2.53103e+06
0.612613 , 2.42292e+08 , 2.11185e+06
0.613614 , 1.92136e+08 , 1.51262e+06
0.614615 , 1.21308e+08 , 774412
0.615616 , 3.56136e+07 , -49339.5
0.616617 , -5.76064e+07 , -896868
0.617618 , -1.50167e+08 , -1.70282e+06
0.618619 , -2.33826e+08 , -2.40335e+06
0.61962 , -3.01077e+08 , -2.94123e+06
0.620621 , -3.4588e+08 , -3.27042e+06
0.621622 , -3.64249e+08 , -3.35985e+06
0.622623 , -3.54642e+08 , -3.19604e+06
0.623624 , -3.18122e+08 , -2.78432e+06
0.624625 , -2.58254e+08 , -2.14863e+06
0.625626 , -1.80764e+08 , -1.32978e+06
0.626627 , -9.29879e+07 , -382428
0.627628 , -3.15101e+06 , 629095
0.628629 , 8.04296e+07 , 1.63569e+06
0.62963 , 1.50162e+08 , 2.56879e+06
0.630631 , 1.99925e+08 , 3.36565e+06
0.631632 , 2.25673e+08 , 3.97411e+06
0.632633 , 2.25837e+08 , 4.35655e+06
0.633634 , 2.01487e+08 , 4.49272e+06
0.634635 , 1.56227e+08 , 4.3811e+06
0.635636 , 9.58499e+07 , 4.03887e+06
0.636637 , 2.77593e+07 , 3.50033e+06
0.637638 , -3.97625e+07 , 2.81405e+06
0.638639 , -9.83874e+07 , 2.0388e+06
0.63964 , -1.40587e+08 , 1.23886e+06
0.640641 , -1.60412e+08 , 478794
0.641642 , -1.5413e+08 , -181630
0.642643 , -1.2065e+08 , -692161
0.643644 , -6.17114e+07 , -1.01591e+06
0.644645 , 1.82092e+07 , -1.13211e+06
0.645646 , 1.12247e+08 , -1.03748e+06
0.646647 , 2.11732e+08 , -746255
0.647648 , 3.06954e+08 , -288654
0.648649 , 3.88033e+08 , 291819
0.64965 , 4.45821e+08 , 942199
0.650651 , 4.7275e+08 , 1.6046e+06
0.651652 , 4.63549e+08 , 2.22111e+06
0.652653 , 4.15756e+08 , 2.73864e+06
0.653654 , 3.29986e+08 , 3.11332e+06
0.654655 , 2.09935e+08 , 3.31409e+06
0.655656 , 6.21033e+07 , 3.32522e+06
0.656657 , -1.04723e+08 , 3.14752e+06
0.657658 , -2.80184e+08 , 2.79816e+06
0.658659 , -4.53194e+08 , 2.30917e+06
0.65966 , -6.12844e+08 , 1.72467e+06
0.660661 , -7.49276e+08 , 1.09714e+06
0.661662 , -8.54451e+08 , 483061
0.662663 , -9.22753e+08 , -61843.3
0.663664 , -9.51367e+08 , -487202
0.664665 , -9.40403e+08 , -752159
0.665666 , -8.92775e+08 , -828729
0.666667 , -8.13836e+08 , -704078
0.667668 , -7.10817e+08 , -381554
0.668669 , -5.92129e+08 , 119616
0.66967 , -4.66595e+08 , 765922
0.670671 , -3.42678e+08 , 1.51232e+06
0.671672 , -2.27796e+08 , 2.30592e+06
0.672673 , -1.27758e+08 , 3.09027e+06
0.673674 , -4.6391e+07 , 3.80987e+06
0.674675 , 1.46248e+07 , 4.4147e+06
0.675676 , 5.5705e+07 , 4.86408e+06
0.676677 , 7.91089e+07 , 5.12992e+06
0.677678 , 8.85205e+07 , 5.19878e+06
0.678679 , 8.85129e+07 , 5.07285e+06
0.67968 , 8.39554e+07 , 4.76954e+06
0.680681 , 7.94278e+07 , 4.31989e+06
0.681682 , 7.87024e+07 , 3.76595e+06
0.682683 , 8.4346e+07 , 3.15717e+06
0.683684 , 9.74797e+07 , 2.54634e+06
0.684685 , 1.17717e+08 , 1.98526e+06
0.685686 , 1.43283e+08 , 1.52057e+06
0.686687 , 1.71291e+08 , 1.18999e+06
0.687688 , 1.98152e+08 , 1.01945e+06
0.688689 , 2.20054e+08 , 1.02108e+06
0.68969 , 2.33473e+08 , 1.19251e+06
0.690691 , 2.35646e+08 , 1.51722e+06
0.691692 , 2.24952e+08 , 1.96615e+06
0.692693 , 2.01169e+08 , 2.50028e+06
0.693694 , 1.65566e+08 , 3.07399e+06
0.694695 , 1.20829e+08 , 3.63893e+06
0.695696 , 7.08154e+07 , 4.14807e+06
0.696697 , 2.0179e+07 , 4.55957e+06
0.697698 , -2.61128e+07 , 4.84022e+06
0.698699 , -6.33043e+07 , 4.96803e+06
0.6997 , -8.73706e+07 , 4.93397e+06
0.700701 , -9.54709e+07 , 4.74253e+06
0.701702 , -8.62887e+07 , 4.41122e+06
0.702703 , -6.02178e+07 , 3.96895e+06
0.703704 , -1.93739e+07 , 3.45347e+06
0.704705 , 3.25734e+07 , 2.90819e+06
0.705706 , 9.07349e+07 , 2.37849e+06
0.706707 , 1.49468e+08 , 1.90791e+06
0.707708 , 2.02934e+08 , 1.53457e+06
0.708709 , 2.4568e+08 , 1.2881e+06
0.70971 , 2.73203e+08 , 1.18722e+06
0.710711 , 2.82418e+08 , 1.23831e+06
0.711712 , 2.71999e+08 , 1.43504e+06
0.712713 , 2.42544e+08 , 1.75902e+06
0.713714 , 1.96546e+08 , 2.18143e+06
0.714715 , 1.3818e+08 , 2.66554e+06
0.715716 , 7.29154e+07 , 3.16983e+06
0.716717 , 6.98476e+06 , 3.6515e+06
0.717718 , -5.32187e+07 , 4.07002e+06
0.718719 , -1.01777e+08 , 4.39045e+06
0.71972 , -1.3384e+08 , 4.58634e+06
0.720721 , -1.46122e+08 , 4.64178e+06
0.721722 , -1.37245e+08 , 4.55265e+06
0.722723 , -1.07899e+08 , 4.32683e+06
0.723724 , -6.07989e+07 , 3.98346e+06
0.724725 , -435904 , 3.55118e+06
0.725726 , 6.7346e+07 , 3.06576e+06
0.726727 , 1.35914e+08 , 2.56698e+06
0.727728 , 1.98494e+08 , 2.09535e+06
0.728729 , 2.4884e+08 , 1.68874e+06
0.72973 , 2.81853e+08 , 1.37929e+06
0.730731 , 2.94097e+08 , 1.19076e+06
0.731732 , 2.84152e+08 , 1.13671e+06
0.732733 , 2.52773e+08 , 1.21943e+06
0.733734 , 2.02832e+08 , 1.42989e+06
0.734735 , 1.39053e+08 , 1.74861e+06
0.735736 , 6.75579e+07 , 2.14735e+06
0.736737 , -4.72131e+06 , 2.59153e+06
0.737738 , -7.07245e+07 , 3.04318e+06
0.738739 , -1.23956e+08 , 3.46409e+06
0.73974 , -1.59132e+08 , 3.81897e+06
0.740741 , -1.72706e+08 , 4.07836e+06
0.741742 , -1.63234e+08 , 4.22097e+06
0.742743 , -1.31528e+08 , 4.23538e+06
0.743744 , -8.05948e+07 , 4.12085e+06
0.744745 , -1.53511e+07 , 3.88732e+06
0.745746 , 5.78473e+07 , 3.55445e+06
0.746747 , 1.31823e+08 , 3.14988e+06
0.747748 , 1.99278e+08 , 2.70689e+06
0.748749 , 2.53515e+08 , 2.2616e+06
0.74975 , 2.89094e+08 , 1.84994e+06
0.750751 , 3.02384e+08 , 1.50468e+06
0.751752 , 2.91927e+08 , 1.25278e+06
0.752753 , 2.58592e+08 , 1.11325e+06
0.753754 , 2.05508e+08 , 1.0956e+06
0.754755 , 1.37767e+08 , 1.19925e+06
0.755756 , 6.19327e+07 , 1.41362e+06
0.756757 , -1.45971e+07 , 1.71916e+06
0.757758 , -8.43126e+07 , 2.08906e+06
0.758759 , -1.40332e+08 , 2.49158e+06
0.75976 , -1.77082e+08 , 2.89266e+06
0.760761 , -1.90853e+08 , 3.25889e+06
0.761762 , -1.80175e+08 , 3.56015e+06
0.762763 , -1.45976e+08 , 3.77216e+06
0.763764 , -9.14991e+07 , 3.87842e+06
0.764765 , -2.20023e+07 , 3.87147e+06
0.765766 , 5.57529e+07 , 3.75344e+06
0.766767 , 1.34156e+08 , 3.53577e+06
0.767768 , 2.05491e+08 , 3.23817e+06
0.768769 , 2.62697e+08 , 2.88693e+06
0.76977 , 3.00063e+08 , 2.51261e+06
0.770771 , 3.13795e+08 , 2.14754e+06
0.771772 , 3.02406e+08 , 1.82309e+06
0.772773 , 2.66865e+08 , 1.56707e+06
0.773774 , 2.10523e+08 , 1.4015e+06
0.774775 , 1.38789e+08 , 1.34079e+06
0.775776 , 5.86173e+07 , 1.39068e+06
0.776777 , -2.21746e+07 , 1.5478e+06
0.777778 , -9.56642e+07 , 1.80003e+06
0.778779 , -1.54603e+08 , 2.12763e+06
0.77978 , -1.9313e+08 , 2.50487e+06
0.780781 , -2.07355e+08 , 2.90225e+06
0.781782 , -1.95751e+08 , 3.28891e+06
0.782783 , -1.59313e+08 , 3.63521e+06
0.783784 , -1.01479e+08 , 3.91511e+06
0.784785 , -2.77979e+07 , 4.10826e+06
0.785786 , 5.4595e+07 , 4.20159e+06
0.786787 , 1.37675e+08 , 4.19025e+06
0.787788 , 2.13306e+08 , 4.0779e+06
0.788789 , 2.7404e+08 , 3.87629e+06
0.78979 , 3.13844e+08 , 3.60414e+06
0.790791 , 3.28702e+08 , 3.28548e+06
0.791792 , 3.17017e+08 , 2.94759e+06
0.792793 , 2.79777e+08 , 2.61869e+06
0.793794 , 2.20475e+08 , 2.32553e+06
0.794795 , 1.44773e+08 , 2.09127e+06
0.795796 , 5.99685e+07 , 1.93352e+06
0.796797 , -2.57201e+07 , 1.86301e+06
0.797798 , -1.03946e+08 , 1.88279e+06
0.798799 , -1.67049e+08 , 1.98808e+06
0.7998 , -2.08811e+08 , 2.16679e+06
0.800801 , -2.25063e+08 , 2.40067e+06
0.801802 , -2.14108e+08 , 2.66692e+06
0.802803 , -1.76893e+08 , 2.94015e+06
0.803804 , -1.16933e+08 , 3.19459e+06
0.804805 , -3.99799e+07 , 3.40625e+06
0.805806 , 4.65313e+07 , 3.5549e+06
0.806807 , 1.34194e+08 , 3.62573e+06
0.807808 , 2.14448e+08 , 3.6105e+06
0.808809 , 2.79408e+08 , 3.50814e+06
0.80981 , 3.22636e+08 , 3.32471e+06
0.810811 , 3.39774e+08 , 3.07281e+06
0.811812 , 3.28976e+08 , 2.77033e+06
0.812813 , 2.91097e+08 , 2.43893e+06
0.813814 , 2.29621e+08 , 2.10207e+06
0.814815 , 1.50336e+08 , 1.78299e+06
0.815816 , 6.07775e+07 , 1.50276e+06
0.816817 , -3.04924e+07 , 1.27849e+06
0.817818 , -1.14713e+08 , 1.12195e+06
0.818819 , -1.83775e+08 , 1.03867e+06
0.81982 , -2.31005e+08 , 1.02759e+06
0.820821 , -2.51822e+08 , 1.08127e+06
0.821822 , -2.44185e+08 , 1.18672e+06
0.822823 , -2.088e+08 , 1.32666e+06
0.823824 , -1.49064e+08 , 1.48115e+06
0.824825 , -7.07386e+07 , 1.62946e+06
0.825826 , 1.85931e+07 , 1.75197e+06
0.826827 , 1.10258e+08 , 1.83198e+06
0.827828 , 1.95327e+08 , 1.85718e+06
0.828829 , 2.65477e+08 , 1.82083e+06
0.82983 , 3.13796e+08 , 1.72228e+06
0.830831 , 3.35454e+08 , 1.56705e+06
0.831832 , 3.28175e+08 , 1.36626e+06
0.832833 , 2.92462e+08 , 1.13559e+06
0.833834 , 2.31557e+08 , 893794
0.834835 , 1.5113e+08 , 660903
0.835836 , 5.87438e+07 , 456312
0.836837 , -3.68769e+07 , 296883
0.837838 , -1.26679e+08 , 195264
0.838839 , -2.02153e+08 , 158554
0.83984 , -2.56154e+08 , 187468
0.840841 , -2.83588e+08 , 276058
0.841842 , -2.81905e+08 , 412054
0.842843 , -2.51349e+08 , 577783
0.843844 , -1.94933e+08 , 751622
0.844845 , -1.18151e+08 , 909860
0.845846 , -2.84579e+07 , 1.02882e+06
0.846847 , 6.54537e+07 , 1.08706e+06
0.847848 , 1.54482e+08 , 1.06748e+06
0.848849 , 2.29993e+08 , 959128
0.84985 , 2.84644e+08 , 758607
0.850851 , 3.13094e+08 , 470834
0.851852 , 3.1251e+08 , 109209
0.852853 , 2.82838e+08 , -304929
0.853854 , 2.26805e+08 , -743498
0.854855 , 1.4966e+08 , -1.17345e+06
0.855856 , 5.86609e+07 , -1.55899e+06
0.856857 , -3.76175e+07 , -1.86407e+06
0.857858 , -1.30108e+08 , -2.055e+06
0.858859 , -2.1012e+08 , -2.10289e+06
0.85986 , -2.70166e+08 , -1.98585e+06
0.860861 , -3.04679e+08 , -1.69063e+06
0.861862 , -3.10537e+08 , -1.21373e+06
0.862863 , -2.87351e+08 , -561700
0.863864 , -2.37498e+08 , 249206
0.864865 , -1.65879e+08 , 1.19413e+06
0.865866 , -7.94417e+07 , 2.24134e+06
0.866867 , 1.34906e+07 , 3.35442e+06
0.867868 , 1.04024e+08 , 4.49481e+06
0.868869 , 1.83544e+08 , 5.62442e+06
0.86987 , 2.44543e+08 , 6.70823e+06
0.870871 , 2.81325e+08 , 7.71646e+06
0.871872 , 2.90546e+08 , 8.62639e+06
0.872873 , 2.71519e+08 , 9.42352e+06
0.873874 , 2.26258e+08 , 1.0102e+07
0.874875 , 1.59273e+08 , 1.06644e+07
0.875876 , 7.71137e+07 , 1.11207e+07
0.876877 , -1.22695e+07 , 1.14868e+07
0.877878 , -1.00304e+08 , 1.17821e+07
0.878879 , -1.78621e+08 , 1.20279e+07
0.87988 , -2.39866e+08 , 1.22441e+07
0.880881 , -2.78394e+08 , 1.24476e+07
0.881882 , -2.90804e+08 , 1.265e+07
0.882883 , -2.76253e+08 , 1.28562e+07
0.883884 , -2.36513e+08 , 1.3064e+07
0.884885 , -1.7578e+08 , 1.32632e+07
0.885886 , -1.00255e+08 , 1.34374e+07
0.886887 , -1.75195e+07 , 1.35643e+07
0.887888 , 6.42054e+07 , 1.36185e+07
0.888889 , 1.36862e+08 , 1.35738e+07
0.88989 , 1.9334e+08 , 1.34055e+07
0.890891 , 2.28155e+08 , 1.30935e+07
0.891892 , 2.37974e+08 , 1.26245e+07
0.892893 , 2.21923e+08 , 1.19941e+07
0.893894 , 1.81652e+08 , 1.12085e+07
0.894895 , 1.21156e+08 , 1.02846e+07
0.895896 , 4.63714e+07 , 9.24991e+06
0.896897 , -3.5417e+07 , 8.14171e+06
0.897898 , -1.16297e+08 , 7.00481e+06
0.898899 , -1.88501e+08 , 5.88903e+06
0.8999 , -2.45166e+08 , 4.84602e+06
0.900901 , -2.80991e+08 , 3.92582e+06
0.901902 , -2.92747e+08 , 3.17339e+06
0.902903 , -2.79571e+08 , 2.62536e+06
0.903904 , -2.43038e+08 , 2.30728e+06
0.904905 , -1.86983e+08 , 2.23157e+06
0.905906 , -1.17112e+08 , 2.39635e+06
0.906907 , -4.04326e+07 , 2.78523e+06
0.907908 , 3.54482e+07 , 3.3682e+06
0.908909 , 1.03067e+08 , 4.10338e+06
0.90991 , 1.55838e+08 , 4.93977e+06
0.910911 , 1.88687e+08 , 5.82053e+06
0.911912 , 1.98544e+08 , 6.68683e+06
0.912913 , 1.84622e+08 , 7.48179e+06
0.913914 , 1.48484e+08 , 8.15435e+06
0.914915 , 9.38687e+07 , 8.66268e+06
0.915916 , 2.63086e+07 , 8.97699e+06
0.916917 , -4.74266e+07 , 9.08145e+06
0.917918 , -1.20005e+08 , 8.97511e+06
0.918919 , -1.84256e+08 , 8.67179e+06
0.91992 , -2.33877e+08 , 8.19882e+06
0.920921 , -2.64047e+08 , 7.59492e+06
0.921922 , -2.71892e+08 , 6.9072e+06
0.922923 , -2.56754e+08 , 6.18759e+06
0.923924 , -2.20244e+08 , 5.48901e+06
0.924925 , -1.66068e+08 , 4.86143e+06
0.925926 , -9.96476e+07 , 4.34828e+06
0.926927 , -2.75747e+07 , 3.98331e+06
0.927928 , 4.30437e+07 , 3.7883e+06
0.928929 , 1.05291e+08 , 3.77158e+06
0.92993 , 1.53124e+08 , 3.92769e+06
0.930931 , 1.81959e+08 , 4.23799e+06
0.931932 , 1.89123e+08 , 4.67232e+06
0.932933 , 1.74099e+08 , 5.19143e+06
0.933934 , 1.38571e+08 , 5.75011e+06
0.934935 , 8.62405e+07 , 6.30072e+06
0.935936 , 2.24516e+07 , 6.79683e+06
0.936937 , -4.63471e+07 , 7.19669e+06
0.937938 , -1.13246e+08 , 7.46636e+06
0.938939 , -1.71563e+08 , 7.58212e+06
0.93994 , -2.15499e+08 , 7.53211e+06
0.940941 , -2.40712e+08 , 7.31702e+06
0.941942 , -2.44741e+08 , 6.94984e+06
0.942943 , -2.27237e+08 , 6.45463e+06
0.943944 , -1.89992e+08 , 5.86455e+06
0.944945 , -1.3675e+08 , 5.21913e+06
0.945946 , -7.28312e+07 , 4.56124e+06
0.946947 , -4.5976e+06 , 3.93378e+06
0.947948 , 6.11808e+07 , 3.37645e+06
0.948949 , 1.17997e+08 , 2.92288e+06
0.94995 , 1.60248e+08 , 2.5983e+06
0.950951 , 1.8379e+08 , 2.41784e+06
0.951952 , 1.86337e+08 , 2.38574e+06
0.952953 , 1.67686e+08 , 2.49535e+06
0.953954 , 1.29724e+08 , 2.73005e+06
0.954955 , 7.62389e+07 , 3.06481e+06
0.955956 , 1.25356e+07 , 3.46843e+06
0.956957 , -5.50916e+07 , 3.90619e+06
0.957958 , -1.19984e+08 , 4.34263e+06
0.958959 , -1.7578e+08 , 4.74435e+06
0.95996 , -2.17036e+08 , 5.08253e+06
0.960961 , -2.39768e+08 , 5.33496e+06
0.961962 , -2.41833e+08 , 5.48753e+06
0.962963 , -2.23138e+08 , 5.53496e+06
0.963964 , -1.8564e+08 , 5.48083e+06
0.964965 , -1.33146e+08 , 5.33683e+06
0.965966 , -7.09315e+07 , 5.12141e+06
0.966967 , -5.21287e+06 , 4.85796e+06
0.967968 , 5.74667e+07 , 4.57255e+06
0.968969 , 1.10886e+08 , 4.29163e+06
0.96997 , 1.49755e+08 , 4.03974e+06
0.970971 , 1.70239e+08 , 3.83746e+06
0.971972 , 1.70324e+08 , 3.69982e+06
0.972973 , 1.50015e+08 , 3.63518e+06
0.973974 , 1.11326e+08 , 3.64482e+06
0.974975 , 5.80729e+07 , 3.72305e+06
0.975976 , -4.50503e+06 , 3.85803e+06
0.976977 , -7.02697e+07 , 4.03302e+06
0.977978 , -1.3279e+08 , 4.22811e+06
0.978979 , -1.85976e+08 , 4.42209e+06
0.97998 , -2.24676e+08 , 4.59442e+06
0.980981 , -2.45182e+08 , 4.7271e+06
0.981982 , -2.45585e+08 , 4.8062e+06
0.982983 , -2.25959e+08 , 4.82303e+06
0.983984 , -1.88342e+08 , 4.77478e+06
0.984985 , -1.36528e+08 , 4.66456e+06
0.985986 , -7.56872e+07 , 4.50094e+06
0.986987 , -1.18514e+07 , 4.297e+06
0.987988 , 4.86843e+07 , 4.06891e+06
0.988989 , 9.99801e+07 , 3.8343e+06
0.98999 , 1.37034e+08 , 3.61048e+06
0.990991 , 1.5627e+08 , 3.41274e+06
0.991992 , 1.55878e+08 , 3.25286e+06
0.992993 , 1.3599e+08 , 3.13793e+06
0.993994 , 9.86486e+07 , 3.06965e+06
0.994995 , 4.76023e+07 , 3.04415e+06
0.995996 , -1.20753e+07 , 3.05236e+06
0.996997 , -7.44911e+07 , 3.08081e+06
0.997998 , -1.33516e+08 , 3.11297e+06
0.998999 , -1.83389e+08 , 3.13077e+06
1 , -2.19281e+08 , 3.11638e+06
