2.98198e-17 , 9.45763e-17 , -1.77809e-17 , 3.40439e-17 , 0.318016 , 0.0708472 , 2.98199e-14 , 9.45771e-14 , -1.77636e-14 , 3.43059e-14 , 318.016 , 70.8472 , -0.710801 , 1.6718 , 0.00209929 , 0.0135819 , 1.47655e-16 , 4.74908e-16 , -2.4878 , 5.85128 , 0.00734753 , 0.0475365 , 5.16785e-16 , 1.66219e-15
-3.63919e-17 , 9.76155e-17 , 3.29597e-17 , 1.70003e-16 , -0.682665 , -1.00204 , -3.6391e-14 , 9.76164e-14 , 3.19744e-14 , 1.72307e-13 , -682.665 , -1002.04 , -0.796703 , 0.867558 , 0.0713873 , 0.0131827 , 3.73182e-16 , -1.48948e-15 , -2.78846 , 3.03645 , 0.249856 , 0.0461394 , 1.30625e-15 , -5.21339e-15
4.99682e-17 , 4.44049e-17 , 7.63278e-17 , -2.77556e-17 , -2.60622 , 2.06872 , 4.99739e-14 , 4.44089e-14 , 8.88178e-14 , -1.77636e-14 , -2606.22 , 2068.72 , -0.229574 , 2.23777 , 0.0559324 , -0.219159 , -5.81024e-15 , -7.32921e-17 , -0.80351 , 7.8322 , 0.195763 , -0.767058 , -2.03362e-14 , -2.55004e-16
-1.78034e-15 , -4.49835e-16 , 5.13478e-16 , -6.93889e-17 , 6.00764 , 7.10285 , -1.78033e-12 , -4.49807e-13 , 4.9738e-13 , -9.9476e-14 , 6007.64 , 7102.85 , 5.90889 , 1.00683 , -0.659724 , -0.173123 , -2.47346e-14 , -3.77086e-15 , 20.6811 , 3.52389 , -2.30904 , -0.605932 , -8.65731e-14 , -1.31978e-14
-1.08561e-15 , -2.87915e-15 , -7.49401e-16 , 2.7478e-15 , 17.8022 , -16.4648 , -1.08558e-12 , -2.87914e-12 , -6.25278e-13 , 2.87059e-12 , 17802.2 , -16464.8 , 0.446963 , -16.7249 , -0.542151 , 1.84963 , 5.90621e-14 , -1.74791e-14 , 1.56437 , -58.5371 , -1.89753 , 6.47371 , 2.0672e-13 , -6.11872e-14
-3.6633e-15 , 4.76312e-15 , 1.94289e-15 , 2.77556e-15 , -42.458 , -41.9521 , -3.66329e-12 , 4.76308e-12 , 1.98952e-12 , 2.67164e-12 , -42458 , -41952.1 , -35.1025 , 0.737941 , 4.84189 , 1.48277 , 3.15581e-14 , -7.81042e-14 , -122.859 , 2.58279 , 16.9466 , 5.18971 , 1.10412e-13 , -2.73358e-13
-2.75587e-14 , 1.71083e-14 , 1.44329e-15 , -1.02141e-14 , -92.5409 , 102.079 , -2.75584e-11 , 1.71081e-11 , 1.02318e-12 , -1.02318e-11 , -92540.9 , 102079 , 11.9073 , 77.9623 , 3.92347 , -11.9106 , 1.65e-13 , 1.68199e-13 , 41.6757 , 272.868 , 13.7322 , -41.6872 , 5.77538e-13 , 5.88696e-13
-3.79766e-14 , 4.08926e-14 , 2.22045e-15 , -1.82077e-14 , 230.657 , 190.933 , -3.79767e-11 , 4.08917e-11 , 3.18323e-12 , -1.90994e-11 , 230657 , 190933 , 156.918 , -38.682 , -27.7759 , -9.64827 , 2.52576e-14 , 2.74808e-13 , 549.213 , -135.387 , -97.2156 , -33.7689 , 8.83738e-14 , 9.61897e-13
3.20577e-14 , 8.04738e-15 , -6.92779e-14 , 1.15463e-14 , 366.775 , -488.42 , 3.20561e-11 , 8.04867e-12 , -6.77574e-11 , 1.18234e-11 , 366775 , -488420 , -101.221 , -294.672 , -22.3409 , 60.5497 , 5.11924e-13 , 5.69433e-13 , -354.274 , -1031.35 , -78.193 , 211.924 , 1.79168e-12 , 1.99263e-12
-3.33275e-14 , 2.44998e-13 , 5.68434e-14 , 2.17604e-13 , -968.695 , -657.791 , -3.3328e-11 , 2.45002e-10 , 5.82077e-11 , 2.1646e-10 , -968695 , -657791 , -523.89 , 236.226 , 124.112 , 48.5176 , -1.33005e-13 , -7.4013e-13 , -1833.62 , 826.789 , 434.392 , 169.812 , -4.65405e-13 , -2.59082e-12
-6.1659e-14 , 2.05377e-13 , 3.37508e-14 , -2.13163e-13 , -1098.59 , 1802.23 , -6.16609e-11 , 2.05375e-10 , 3.81988e-11 , -2.14641e-10 , -1.09859e+06 , 1.80223e+06 , 501.969 , 857.193 , 98.8294 , -239.022 , -3.73057e-12 , 2.88969e-12 , 1756.89 , 3000.18 , 345.903 , -836.578 , -1.30571e-11 , 1.01128e-11
-9.66865e-14 , -1.99035e-13 , -4.54747e-13 , 2.13163e-13 , 3142.94 , 1705.36 , -9.66764e-11 , -1.99037e-10 , -4.36557e-10 , 2.07365e-10 , 3.14294e+06 , 1.70536e+06 , 1303.72 , -968.412 , -432.446 , -189.117 , 4.16644e-12 , 5.06373e-12 , 4563.03 , -3389.44 , -1513.56 , -661.908 , 1.45803e-11 , 1.77227e-11
-2.06613e-13 , 7.13526e-13 , -9.23706e-14 , 6.39488e-13 , 2456.44 , -5138.4 , -2.06626e-10 , 7.13527e-10 , -8.36735e-11 , 6.25732e-10 , 2.45644e+06 , -5.1384e+06 , -1722.73 , -1831.62 , -339.706 , 735.132 , -6.10578e-12 , -5.97389e-12 , -6029.56 , -6410.69 , -1188.97 , 2572.96 , -2.13722e-11 , -2.09077e-11
6.30856e-13 , -1.70752e-13 , -1.13687e-13 , 4.12115e-13 , -7875.68 , -3271.9 , 6.30848e-10 , -1.70758e-10 , -7.27596e-11 , 4.11092e-10 , -7.87568e+06 , -3.2719e+06 , -2357.01 , 2828.41 , 1174.02 , 572.994 , 7.62057e-13 , -1.33582e-11 , -8249.54 , 9899.45 , 4109.07 , 2005.48 , 2.67164e-12 , -4.67537e-11
-2.53642e-12 , 1.00012e-12 , -2.84217e-13 , 3.41061e-13 , -4011.59 , 11316.4 , -2.53647e-09 , 1.0001e-09 , -2.54659e-10 , 3.0559e-10 , -4.01159e+06 , 1.13164e+07 , 4304.76 , 2775.55 , 907.436 , -1761.45 , -5.30509e-12 , 4.9738e-14 , 15066.6 , 9714.44 , 3176.03 , -6165.07 , -1.85665e-11 , 1.56319e-13
-7.92977e-14 , -3.13949e-12 , -1.53477e-12 , -1.7053e-13 , 15243 , 4497.88 , -7.92966e-11 , -3.13946e-09 , -1.60071e-09 , -1.89175e-10 , 1.5243e+07 , 4.49788e+06 , 2942.27 , -6091.2 , -2482.5 , -1349.31 , -3.05604e-11 , 3.10054e-11 , 10298 , -21319.2 , -8688.75 , -4722.57 , -1.06979e-10 , 1.08521e-10
-2.64988e-12 , 1.15175e-12 , 2.98428e-12 , 1.08002e-12 , 4560.56 , -19247.9 , -2.65004e-09 , 1.15176e-09 , 2.96131e-09 , 1.07684e-09 , 4.56056e+06 , -1.92479e+07 , -8031.26 , -2751.47 , -1883.86 , 3286.4 , -4.1366e-11 , 3.73532e-11 , -28109.4 , -9630.15 , -6593.51 , 11502.4 , -1.4478e-10 , 1.30768e-10
-2.77445e-12 , -1.31473e-12 , -4.51905e-12 , 1.51346e-12 , -22786.3 , -4098.82 , -2.77441e-09 , -1.31467e-09 , -4.48199e-09 , 1.49885e-09 , -2.27863e+07 , -4.09882e+06 , -2162.64 , 9876.71 , 4086.02 , 2469.31 , -2.35971e-11 , -1.28342e-11 , -7569.26 , 34568.5 , 14301.1 , 8642.58 , -8.25935e-11 , -4.49205e-11
-3.54983e-12 , 2.49384e-12 , -1.51701e-12 , 3.63798e-12 , -3128.42 , 25288.2 , -3.54976e-09 , 2.49383e-09 , -1.52795e-09 , 3.69619e-09 , -3.12842e+06 , 2.52882e+07 , 11335 , 1230.1 , 3038.83 , -4770.75 , -2.03855e-11 , -5.49605e-11 , 39672.4 , 4305.36 , 10635.9 , -16697.6 , -7.13598e-11 , -1.9233e-10
1.83503e-12 , -6.86562e-13 , 1.25056e-12 , 4.84945e-13 , 26311.8 , 1796.62 , 1.83502e-09 , -6.86441e-10 , 1.22236e-09 , 4.78394e-10 , 2.63118e+07 , 1.79662e+06 , 111.844 , -12160.9 , -5230.34 , -3510.84 , 7.28946e-11 , 4.20819e-11 , 391.453 , -42563.3 , -18306.2 , -12287.9 , 2.55113e-10 , 1.47288e-10
-3.77032e-13 , -1.6637e-12 , -2.32947e-12 , 2.27374e-13 , 343.729 , -25667.4 , -3.76986e-10 , -1.66369e-09 , -2.32967e-09 , 3.7835e-10 , 343729 , -2.56674e+07 , -12197.6 , 987.764 , -3807.77 , 5383.29 , -1.07114e-10 , -7.59357e-11 , -42691.6 , 3457.17 , -13327.2 , 18841.5 , -3.74897e-10 , -2.65771e-10
4.93766e-12 , -1.70286e-12 , -3.86535e-12 , 1.09655e-11 , -23476.8 , 964.658 , 4.93765e-09 , -1.7028e-09 , -3.87081e-09 , 1.09685e-08 , -2.34768e+07 , 964658 , 1861.11 , 11449.6 , 5200.76 , 3876.69 , -1.75291e-11 , 1.53655e-11 , 6513.9 , 40073.5 , 18202.6 , 13568.4 , -6.13625e-11 , 5.37881e-11
-1.92855e-11 , -3.38229e-12 , -7.25464e-12 , 4.46221e-12 , 1918.8 , 20134.4 , -1.92854e-08 , -3.3823e-09 , -7.24685e-09 , 4.24916e-09 , 1.9188e+06 , 2.01344e+07 , 10058.2 , -2383.2 , 3704.67 , -4715.1 , -3.31113e-12 , -5.52163e-11 , 35203.8 , -8341.2 , 12966.4 , -16502.8 , -1.15961e-11 , -1.93239e-10
-8.90646e-12 , -7.45737e-12 , -1.4893e-11 , 1.10845e-11 , 16193.2 , -2418.7 , -8.90645e-09 , -7.4574e-09 , -1.4843e-08 , 1.10849e-08 , 1.61932e+07 , -2.4187e+06 , -2512.64 , -8276.22 , -4010.77 , -3322.87 , 1.75682e-10 , -7.32641e-11 , -8794.23 , -28966.8 , -14037.7 , -11630.1 , 6.14875e-10 , -2.56414e-10
-6.87539e-12 , 4.81197e-12 , -4.33786e-12 , 1.78915e-11 , -2484.48 , -12213.7 , -6.87533e-09 , 4.81197e-09 , -4.34011e-09 , 1.7928e-08 , -2.48448e+06 , -1.22137e+07 , -6373.92 , 2321.5 , -2797.06 , 3200.05 , 1.07782e-10 , 7.70584e-11 , -22308.7 , 8125.24 , -9789.7 , 11200.2 , 3.77241e-10 , 2.69708e-10
-3.18488e-12 , 9.60498e-12 , -1.31735e-11 , 1.04272e-11 , -8640.06 , 2225.95 , -3.18488e-09 , 9.60495e-09 , -1.32422e-08 , 1.0441e-08 , -8.64006e+06 , 2.22595e+06 , 1920.22 , 4598.19 , 2394.08 , 2209.51 , -7.89768e-12 , -1.75024e-11 , 6720.78 , 16093.7 , 8379.29 , 7733.29 , -2.76401e-11 , -6.12559e-11
-5.02154e-12 , -6.05044e-13 , -1.06191e-11 , 8.22808e-12 , 1788.08 , 5733.09 , -5.02155e-09 , -6.05041e-10 , -1.06156e-08 , 8.23638e-09 , 1.78808e+06 , 5.73309e+06 , 3108.77 , -1439.93 , 1637.62 , -1679.05 , -6.09468e-12 , 2.10285e-11 , 10880.7 , -5039.75 , 5731.68 , -5876.67 , -2.13269e-11 , 7.36051e-11
6.28664e-13 , -4.66899e-12 , -1.30456e-11 , 1.34595e-11 , 3569.11 , -1308.21 , 6.2866e-10 , -4.669e-09 , -1.30385e-08 , 1.34605e-08 , 3.56911e+06 , -1.30821e+06 , -992.487 , -1968.48 , -1103.39 , -1138.69 , 1.38678e-10 , -1.19174e-10 , -3473.7 , -6889.69 , -3861.87 , -3985.42 , 4.85372e-10 , -4.1711e-10
-7.89668e-12 , -3.57423e-12 , -8.74145e-12 , 5.69145e-12 , -878.611 , -2084.18 , -7.89669e-09 , -3.57423e-09 , -8.73115e-09 , 5.67888e-09 , -878611 , -2.08418e+06 , -1166.92 , 625.602 , -742.791 , 679.211 , 2.29504e-10 , 6.63096e-11 , -4084.23 , 2189.61 , -2599.77 , 2377.24 , 8.03263e-10 , 2.32085e-10
2.91913e-12 , 5.54554e-12 , -1.0882e-11 , 1.29923e-11 , -1142.3 , 544.339 , 2.91913e-09 , 5.54556e-09 , -1.08867e-08 , 1.29912e-08 , -1.1423e+06 , 544339 , 364.944 , 650.382 , 391.452 , 454.388 , 1.007e-10 , -3.51712e-11 , 1277.31 , 2276.34 , 1370.08 , 1590.36 , 3.52451e-10 , -1.23099e-10
-2.90402e-12 , -2.73125e-13 , -1.1934e-11 , 4.82636e-12 , 312.816 , 587.708 , -2.90402e-09 , -2.73126e-10 , -1.19348e-08 , 4.83124e-09 , 312816 , 587708 , 336.865 , -199.058 , 260.7 , -211.144 , -4.23628e-11 , 6.13198e-12 , 1179.03 , -696.704 , 912.449 , -739.004 , -1.4827e-10 , 2.14628e-11
8.90577e-12 , 5.65138e-13 , -1.74771e-11 , 1.08937e-11 , 283.734 , -167.034 , 8.90577e-09 , 5.65137e-10 , -1.74769e-08 , 1.08942e-08 , 283734 , -167034 , -97.6346 , -162.692 , -106.543 , -140.186 , 5.92657e-11 , -6.1542e-11 , -341.721 , -569.423 , -372.9 , -490.651 , 2.07429e-10 , -2.15396e-10
-1.96997e-12 , 5.60981e-12 , -6.81677e-12 , 9.76108e-12 , -83.0313 , -128.261 , -1.96997e-09 , 5.60981e-09 , -6.81655e-09 , 9.76092e-09 , -83031.3 , -128261 , -74.599 , 43.7891 , -70.6966 , 50.1911 , 9.54348e-13 , -8.27253e-11 , -261.097 , 153.262 , -247.438 , 175.669 , 3.34011e-12 , -2.89539e-10
5.23804e-12 , -7.72691e-12 , -1.43507e-11 , 1.03792e-11 , -54.6249 , 37.9421 , 5.23804e-09 , -7.72691e-09 , -1.43505e-08 , 1.03793e-08 , -54624.9 , 37942.1 , 19.1775 , 33.3752 , 22.1768 , 33.413 , 1.1547e-10 , -6.88848e-12 , 67.1212 , 116.813 , 77.6189 , 116.945 , 4.04146e-10 , -2.41097e-11
-8.95815e-12 , 1.88728e-12 , -9.62769e-12 , 1.3371e-11 , 16.5835 , 22.4328 , -8.95815e-09 , 1.88728e-09 , -9.62777e-09 , 1.3371e-08 , 16583.5 , 22432.8 , 13.1405 , -7.86191 , 14.7647 , -9.10431 , 9.89667e-11 , -3.73089e-11 , 45.9916 , -27.5167 , 51.6766 , -31.8651 , 3.46384e-10 , -1.30581e-10
-9.06728e-12 , 4.12064e-12 , -4.57838e-12 , 4.26925e-12 , 7.98536 , -6.96682 , -9.06728e-09 , 4.12064e-09 , -4.57841e-09 , 4.26924e-09 , 7985.36 , -6966.82 , -2.49075 , -5.16378 , -3.49074 , -6.19463 , 3.37257e-11 , 3.43693e-12 , -8.71764 , -18.0732 , -12.2176 , -21.6812 , 1.1804e-10 , 1.20293e-11
-9.39985e-12 , -5.62925e-12 , -1.07258e-11 , 5.37154e-12 , -2.2041 , -3.01953 , -9.39985e-09 , -5.62925e-09 , -1.07258e-08 , 5.37156e-09 , -2204.1 , -3019.53 , -2.32595 , -0.142368 , -2.38483 , 1.27504 , -8.33226e-11 , -5.99631e-11 , -8.14083 , -0.498287 , -8.3469 , 4.46265 , -2.91629e-10 , -2.09871e-10
-1.10894e-11 , 2.75907e-13 , -6.90076e-12 , 7.69126e-12 , -1.22568 , 1.51106 , -1.10894e-08 , 2.75907e-10 , -6.90076e-09 , 7.69126e-09 , -1225.68 , 1511.06 , 0.719542 , -1.26325 , 0.418168 , 0.853763 , 5.38371e-11 , 6.8577e-11 , 2.5184 , -4.42136 , 1.46359 , 2.98817 , 1.8843e-10 , 2.40019e-10
-4.32485e-12 , 1.04894e-11 , -1.18074e-11 , 1.16304e-11 , 0.380378 , -0.183771 , -4.32485e-09 , 1.04894e-08 , -1.18074e-08 , 1.16304e-08 , 380.378 , -183.771 , 0.0967956 , -0.261615 , 0.296356 , -0.153669 , 1.87195e-10 , 2.5329e-11 , 0.338785 , -0.915652 , 1.03725 , -0.537842 , 6.55183e-10 , 8.86516e-11
-1.13658e-11 , -2.40129e-12 , -8.71042e-12 , 5.19084e-12 , 0.0431096 , 0.0207823 , -1.13658e-08 , -2.40129e-09 , -8.71042e-09 , 5.19084e-09 , 43.1096 , 20.7823 , -0.128527 , 1.02782 , -0.023457 , -0.155357 , -1.67766e-11 , 2.79771e-11 , -0.449843 , 3.59737 , -0.0820994 , -0.543748 , -5.8718e-11 , 9.79198e-11
-4.85727e-12 , -1.20978e-11 , -9.13718e-12 , 1.81926e-11 , 0.156875 , -0.43598 , -4.85727e-09 , -1.20978e-08 , -9.13718e-09 , 1.81926e-08 , 156.875 , -435.98 , 0.800103 , -4.92809 , -0.0361353 , 0.0167009 , 2.23048e-10 , -1.01592e-10 , 2.80036 , -17.2483 , -0.126474 , 0.0584532 , 7.80669e-10 , -3.55571e-10
-4.95108e-12 , 6.62164e-12 , -1.85837e-11 , 1.15059e-11 , -0.179497 , 0.790378 , -4.95108e-09 , 6.62164e-09 , -1.85837e-08 , 1.15059e-08 , -179.497 , 790.378 , -0.923182 , -1.74528 , -0.00560646 , -0.108124 , 1.94647e-10 , 7.9425e-12 , -3.23114 , -6.10848 , -0.0196226 , -0.378433 , 6.81263e-10 , 2.77987e-11
1.45697e-12 , 1.67212e-12 , -9.82065e-12 , 1.80456e-11 , 0.11797 , -0.709278 , 1.45697e-09 , 1.67212e-09 , -9.82065e-09 , 1.80456e-08 , 117.97 , -709.278 , 0.663466 , 0.344067 , 0.0328667 , 0.0234424 , 4.26951e-11 , -1.31872e-10 , 2.32213 , 1.20423 , 0.115033 , 0.0820483 , 1.49433e-10 , -4.61551e-10
-2.40525e-12 , -1.00166e-11 , -7.11127e-12 , 4.23811e-12 , 0.0577082 , 0.870535 , -2.40525e-09 , -1.00166e-08 , -7.11127e-09 , 4.23811e-09 , 57.7082 , 870.535 , 0.0931056 , 2.34607 , -0.0395153 , 0.0342518 , -4.29514e-11 , 9.34602e-11 , 0.32587 , 8.21124 , -0.138304 , 0.119881 , -1.5033e-10 , 3.27111e-10
3.64026e-12 , -4.06415e-12 , -1.90829e-11 , 6.29187e-12 , -0.394411 , -0.482628 , 3.64026e-09 , -4.06415e-09 , -1.90829e-08 , 6.29187e-09 , -394.411 , -482.628 , -0.784704 , 1.36728 , 0.0335182 , -0.111248 , -1.38544e-11 , -8.50701e-11 , -2.74647 , 4.7855 , 0.117314 , -0.389368 , -4.84904e-11 , -2.97745e-10
-1.67154e-12 , -7.97859e-12 , -1.08449e-11 , 1.26647e-11 , 0.526872 , -0.524693 , -1.67154e-09 , -7.97859e-09 , -1.08449e-08 , 1.26647e-08 , 526.872 , -524.693 , -0.1882 , 0.973245 , -0.00228351 , 0.0552319 , 8.51592e-11 , 1.58725e-10 , -0.6587 , 3.40636 , -0.00799228 , 0.193312 , 2.98057e-10 , 5.55538e-10
7.62621e-12 , 1.26791e-11 , -8.87007e-12 , 1.39507e-11 , -0.383258 , 1.02441 , 7.62621e-09 , 1.26791e-08 , -8.87007e-09 , 1.39507e-08 , -383.258 , 1024.41 , 0.429108 , -0.846744 , -0.00663459 , -0.0452996 , 4.75113e-11 , 2.00736e-11 , 1.50188 , -2.9636 , -0.0232211 , -0.158549 , 1.66289e-10 , 7.02577e-11
-1.26838e-11 , -1.44264e-11 , -1.32068e-11 , 1.35413e-11 , 0.097066 , -0.925823 , -1.26838e-08 , -1.44264e-08 , -1.32068e-08 , 1.35413e-08 , 97.066 , -925.823 , -0.3816 , 0.143508 , -0.0029199 , -0.00158823 , 9.2331e-11 , -6.12504e-11 , -1.3356 , 0.502278 , -0.0102197 , -0.00555881 , 3.23158e-10 , -2.14376e-10
-1.19836e-11 , -1.9583e-12 , -5.56482e-12 , 1.17605e-11 , -0.0379703 , 0.20649 , -1.19836e-08 , -1.9583e-09 , -5.56482e-09 , 1.17605e-08 , -37.9703 , 206.49 , -0.786651 , -1.76027 , 0.0196377 , -0.0535214 , 1.4121e-10 , -1.00473e-10 , -2.75328 , -6.16094 , 0.0687319 , -0.187325 , 4.94234e-10 , -3.51657e-10
-4.63992e-12 , 7.77625e-12 , -1.27019e-11 , 1.42573e-11 , 0.178428 , -0.325073 , -4.63992e-09 , 7.77625e-09 , -1.27019e-08 , 1.42573e-08 , 178.428 , -325.073 , 0.0965155 , 1.2131 , -0.0124101 , 0.0790699 , 1.64362e-10 , -1.40515e-10 , 0.337804 , 4.24584 , -0.0434352 , 0.276745 , 5.75265e-10 , -4.91804e-10
-1.64961e-11 , 3.45253e-12 , -9.58496e-12 , 1.30596e-11 , -0.276786 , 0.650499 , -1.64961e-08 , 3.45253e-09 , -9.58496e-09 , 1.30596e-08 , -276.786 , 650.499 , 0.215101 , 6.80109 , 0.0036095 , -0.0677459 , 5.64933e-11 , -1.02829e-10 , 0.752855 , 23.8038 , 0.0126332 , -0.237111 , 1.97726e-10 , -3.59902e-10
-1.25915e-11 , -6.49432e-13 , -5.58986e-12 , 4.39947e-12 , 0.136556 , -0.941989 , -1.25915e-08 , -6.49432e-10 , -5.58986e-09 , 4.39947e-09 , 136.556 , -941.989 , -0.391393 , -2.57133 , 0.0528597 , 0.0528434 , -4.58456e-11 , -1.82074e-11 , -1.36988 , -8.99966 , 0.185009 , 0.184952 , -1.6046e-10 , -6.37258e-11
-3.78109e-13 , 1.20633e-11 , -9.61121e-12 , 8.5677e-12 , 0.178725 , 1.34843 , -3.78109e-10 , 1.20633e-08 , -9.61121e-09 , 8.5677e-09 , 178.725 , 1348.43 , 0.188321 , 11.3734 , -0.0677692 , 0.0845911 , 1.08941e-10 , 1.23853e-10 , 0.659122 , 39.8069 , -0.237192 , 0.296069 , 3.81295e-10 , 4.33484e-10
-1.46334e-11 , -7.4226e-12 , -1.33281e-11 , 1.01888e-11 , -0.642145 , -0.293869 , -1.46334e-08 , -7.4226e-09 , -1.33281e-08 , 1.01888e-08 , -642.145 , -293.869 , 0.678527 , -3.5863 , 0.0473436 , -0.0935115 , 1.53527e-10 , 4.90787e-11 , 2.37485 , -12.552 , 0.165703 , -0.32729 , 5.37343e-10 , 1.71775e-10
-5.92055e-12 , -5.13279e-12 , -9.34952e-13 , 8.15236e-12 , 0.791732 , -0.749058 , -5.92055e-09 , -5.13279e-09 , -9.3495e-10 , 8.15236e-09 , 791.732 , -749.058 , -1.29922 , 2.73891 , -0.0102993 , 0.175783 , 1.75223e-10 , 2.91396e-11 , -4.54728 , 9.58617 , -0.0360476 , 0.61524 , 6.13281e-10 , 1.01989e-10
-5.84948e-12 , 3.13827e-12 , -5.39401e-12 , 4.1822e-12 , -0.639824 , 1.67073 , -5.84948e-09 , 3.13827e-09 , -5.39401e-09 , 4.1822e-09 , -639.824 , 1670.73 , 0.376461 , -1.96066 , -0.0177656 , -0.038933 , 9.61845e-11 , 2.41006e-11 , 1.31761 , -6.86231 , -0.0621794 , -0.136265 , 3.36646e-10 , 8.43521e-11
-3.50303e-13 , -1.7075e-12 , -1.145e-11 , 1.23767e-11 , 0.200368 , -1.376 , -3.50303e-10 , -1.7075e-09 , -1.145e-08 , 1.23767e-08 , 200.368 , -1376 , -0.31727 , 2.12322 , -0.00728293 , 0.0403751 , 5.79511e-11 , -9.78363e-12 , -1.11044 , 7.43127 , -0.0254903 , 0.141313 , 2.02829e-10 , -3.42427e-11
1.30389e-11 , 1.58617e-12 , -9.93994e-12 , 8.17516e-13 , -0.0545525 , 0.359733 , 1.30389e-08 , 1.58617e-09 , -9.93994e-09 , 8.17515e-10 , -54.5525 , 359.733 , -1.32348 , -3.34559 , 0.0125844 , 0.000337437 , 5.18042e-11 , 5.38071e-11 , -4.63217 , -11.7096 , 0.0440453 , 0.00118103 , 1.81315e-10 , 1.88325e-10
1.58547e-12 , 1.07631e-11 , -1.86663e-11 , 9.58891e-12 , 0.299884 , -0.305894 , 1.58547e-09 , 1.07631e-08 , -1.86663e-08 , 9.5889e-09 , 299.884 , -305.894 , 1.24779 , -2.8471 , -0.0196332 , 0.118698 , -1.13323e-10 , -1.17027e-10 , 4.36728 , -9.96485 , -0.0687163 , 0.415445 , -3.9663e-10 , -4.09593e-10
-1.56889e-11 , -6.25295e-12 , -8.91938e-12 , 7.85724e-12 , -0.440901 , 1.04631 , -1.56889e-08 , -6.25295e-09 , -8.91938e-09 , 7.85725e-09 , -440.901 , 1046.31 , -0.184398 , 0.893535 , -0.018448 , -0.0984639 , 8.01932e-11 , -1.05148e-11 , -0.645393 , 3.12737 , -0.064568 , -0.344624 , 2.80676e-10 , -3.68018e-11
6.88307e-12 , -5.02811e-12 , -6.32027e-12 , 8.11144e-12 , 0.19833 , -1.81149 , 6.88307e-09 , -5.02811e-09 , -6.32027e-09 , 8.11145e-09 , 198.33 , -1811.49 , 0.358314 , 1.27603 , 0.0651602 , 0.12255 , 9.68822e-11 , -6.86353e-11 , 1.2541 , 4.4661 , 0.228061 , 0.428925 , 3.39088e-10 , -2.40224e-10
-6.90486e-12 , -5.46776e-12 , -1.24348e-11 , 4.98687e-12 , 0.347977 , 1.96313 , -6.90486e-09 , -5.46776e-09 , -1.24348e-08 , 4.98686e-09 , 347.977 , 1963.13 , -0.339479 , -0.807884 , -0.11098 , 0.159578 , 3.65653e-11 , 5.86139e-11 , -1.18818 , -2.82759 , -0.388428 , 0.558523 , 1.27979e-10 , 2.05149e-10
-6.11358e-13 , 1.02335e-11 , -1.25252e-11 , 2.4193e-11 , -1.01225 , -0.709172 , -6.11358e-10 , 1.02335e-08 , -1.25252e-08 , 2.4193e-08 , -1012.25 , -709.172 , -0.0252171 , 1.79918 , 0.0735679 , -0.198684 , 6.27926e-11 , -1.98414e-11 , -0.08826 , 6.29712 , 0.257488 , -0.695394 , 2.19774e-10 , -6.9445e-11
5.52597e-12 , 1.887e-12 , -1.07908e-12 , 1.47412e-11 , 1.3188 , -1.33132 , 5.52597e-09 , 1.887e-09 , -1.07908e-09 , 1.47412e-08 , 1318.8 , -1331.32 , -0.330517 , 1.33788 , -0.0267438 , 0.256682 , 1.48525e-10 , 9.8187e-11 , -1.15681 , 4.68258 , -0.0936032 , 0.898386 , 5.19838e-10 , 3.43655e-10
6.94476e-12 , 2.84698e-12 , -1.42579e-11 , 4.78609e-12 , -1.00814 , 2.31914 , 6.94476e-09 , 2.84698e-09 , -1.42579e-08 , 4.78609e-09 , -1008.14 , 2319.14 , 0.980172 , -6.28996 , -0.0285604 , -0.0158868 , -3.84811e-12 , -4.35115e-11 , 3.4306 , -22.0148 , -0.0999614 , -0.0556038 , -1.34684e-11 , -1.5229e-10
-5.03661e-12 , -4.33295e-13 , -2.35452e-11 , 1.29676e-11 , 0.375742 , -2.35683 , -5.03661e-09 , -4.33295e-10 , -2.35452e-08 , 1.29676e-08 , 375.742 , -2356.83 , -0.76508 , 8.10895 , -0.00691982 , 0.0425887 , 7.33341e-11 , -1.27291e-10 , -2.67778 , 28.3813 , -0.0242194 , 0.14906 , 2.56669e-10 , -4.4552e-10
-6.35154e-12 , 3.52948e-12 , -8.66974e-12 , 7.02868e-12 , -0.155401 , 0.967614 , -6.35154e-09 , 3.52948e-09 , -8.66974e-09 , 7.02868e-09 , -155.401 , 967.614 , -1.23359 , -7.19327 , 0.0342331 , -0.00723669 , 1.69755e-11 , 6.78962e-11 , -4.31755 , -25.1764 , 0.119816 , -0.0253284 , 5.94144e-11 , 2.37637e-10
6.28034e-12 , 1.05119e-11 , -1.27304e-11 , 3.49281e-12 , 0.435039 , -0.900443 , 6.28034e-09 , 1.05119e-08 , -1.27304e-08 , 3.49281e-09 , 435.039 , -900.443 , 1.75037 , -1.45356 , -0.0283139 , 0.176899 , 9.22698e-11 , -1.28896e-11 , 6.1263 , -5.08745 , -0.0990986 , 0.619146 , 3.22944e-10 , -4.51135e-11
-1.26551e-12 , -4.96434e-12 , -1.44681e-11 , -1.12248e-12 , -0.56548 , 1.70175 , -1.26551e-09 , -4.96434e-09 , -1.44681e-08 , -1.12248e-09 , -565.48 , 1701.75 , -1.65336 , 3.41873 , -0.0327303 , -0.131191 , 1.87109e-11 , 2.27601e-11 , -5.78675 , 11.9655 , -0.114556 , -0.45917 , 6.5488e-11 , 7.96604e-11
-3.44332e-12 , 3.48272e-12 , -6.46969e-12 , 1.94285e-11 , 0.296399 , -2.93864 , -3.44332e-09 , 3.48272e-09 , -6.46969e-09 , 1.94285e-08 , 296.399 , -2938.64 , 1.48074 , -4.17186 , 0.129474 , 0.138153 , -2.01023e-10 , -1.04624e-11 , 5.1826 , -14.6015 , 0.45316 , 0.483534 , -7.03581e-10 , -3.66184e-11
-2.0972e-12 , -9.94836e-12 , -1.10524e-11 , 1.15062e-11 , 0.637438 , 2.73328 , -2.0972e-09 , -9.94836e-09 , -1.10524e-08 , 1.15062e-08 , 637.438 , 2733.28 , -0.699796 , 3.14508 , -0.155625 , 0.194992 , 8.88881e-11 , 1.24126e-11 , -2.44928 , 11.0078 , -0.544686 , 0.682471 , 3.11108e-10 , 4.3444e-11
-6.23485e-12 , -2.79741e-12 , -1.3087e-11 , 1.99443e-11 , -1.65641 , -0.687786 , -6.23485e-09 , -2.79741e-09 , -1.3087e-08 , 1.99443e-08 , -1656.41 , -687.786 , 0.986384 , -0.536436 , 0.114252 , -0.312166 , 3.045e-11 , -6.81147e-11 , 3.45234 , -1.87753 , 0.399883 , -1.09258 , 1.06575e-10 , -2.38401e-10
-8.90889e-13 , -5.13903e-12 , -5.49366e-12 , 7.74127e-12 , 2.06732 , -2.15346 , -8.90889e-10 , -5.13903e-09 , -5.49366e-09 , 7.74128e-09 , 2067.32 , -2153.46 , -1.75555 , 3.2949 , -0.0264358 , 0.397254 , -3.56515e-11 , -2.40095e-11 , -6.14442 , 11.5321 , -0.0925253 , 1.39039 , -1.2478e-10 , -8.40331e-11
-3.09308e-12 , 5.71336e-12 , -1.05559e-11 , 2.09845e-12 , -1.58184 , 4.08439 , -3.09308e-09 , 5.71336e-09 , -1.05559e-08 , 2.09845e-09 , -1581.84 , 4084.39 , 1.36649 , -4.4243 , -0.0222059 , -0.108869 , -4.33511e-11 , -6.6428e-11 , 4.7827 , -15.485 , -0.0777206 , -0.381041 , -1.51729e-10 , -2.32498e-10
-9.77575e-13 , -9.72228e-14 , -9.95684e-12 , 1.95628e-11 , 0.725057 , -3.57194 , -9.77575e-10 , -9.72228e-11 , -9.95684e-09 , 1.95628e-08 , 725.057 , -3571.94 , -0.187354 , 6.34185 , 0.00275418 , 0.0440564 , 5.49226e-11 , 4.79633e-12 , -0.655738 , 22.1965 , 0.00963961 , 0.154197 , 1.92229e-10 , 1.67871e-11
-1.31527e-11 , -1.604e-14 , -9.28016e-12 , 2.98628e-12 , -0.300293 , 1.96329 , -1.31527e-08 , -1.60401e-11 , -9.28016e-09 , 2.98628e-09 , -300.293 , 1963.29 , -2.47315 , -4.66801 , 0.0530033 , -0.0800858 , 3.58131e-10 , -4.53778e-11 , -8.65604 , -16.338 , 0.185511 , -0.2803 , 1.25346e-09 , -1.58822e-10
-1.47099e-12 , -1.11975e-11 , -1.26022e-11 , 8.406e-12 , 0.631964 , -1.74679 , -1.47099e-09 , -1.11975e-08 , -1.26022e-08 , 8.406e-09 , 631.964 , -1746.79 , 4.07415 , -1.79696 , -0.0277288 , 0.307655 , 1.0708e-10 , 1.91153e-10 , 14.2595 , -6.28936 , -0.0970507 , 1.07679 , 3.74781e-10 , 6.69034e-10
8.08742e-13 , 7.27255e-13 , -5.31399e-12 , 1.6746e-11 , -0.803955 , 3.0324 , 8.08742e-10 , 7.27255e-10 , -5.31399e-09 , 1.6746e-08 , -803.955 , 3032.4 , -3.10047 , 1.15953 , -0.0555938 , -0.2959 , 1.91323e-10 , 8.49699e-11 , -10.8516 , 4.05837 , -0.194578 , -1.03565 , 6.69629e-10 , 2.97395e-10
1.55395e-12 , -5.10561e-12 , -1.18618e-11 , 8.84722e-12 , 0.253377 , -4.43077 , 1.55395e-09 , -5.10561e-09 , -1.18618e-08 , 8.84722e-09 , 253.377 , -4430.77 , 1.52628 , -1.75098 , 0.197652 , 0.0971549 , 1.81023e-10 , 3.08479e-11 , 5.34196 , -6.12843 , 0.691781 , 0.340042 , 6.33581e-10 , 1.07968e-10
1.08708e-11 , 7.49262e-12 , -9.60764e-12 , 1.23781e-11 , 1.15625 , 4.0945 , 1.08708e-08 , 7.49262e-09 , -9.60764e-09 , 1.23781e-08 , 1156.25 , 4094.5 , -1.62538 , -0.144242 , -0.245101 , 0.33522 , 1.00744e-10 , 7.92928e-12 , -5.68882 , -0.504848 , -0.857852 , 1.17327 , 3.52604e-10 , 2.77525e-11
-1.46292e-11 , 1.45667e-11 , -1.52242e-11 , 7.24457e-12 , -2.68213 , -0.884899 , -1.46292e-08 , 1.45667e-08 , -1.52242e-08 , 7.24457e-09 , -2682.13 , -884.899 , 1.57657 , -0.889891 , 0.193285 , -0.55158 , 2.15801e-11 , -1.47912e-10 , 5.51798 , -3.11462 , 0.676497 , -1.93053 , 7.55304e-11 , -5.17692e-10
-1.04427e-11 , 6.61516e-12 , -4.72989e-12 , 2.41959e-12 , 3.25216 , -3.52126 , -1.04427e-08 , 6.61516e-09 , -4.72989e-09 , 2.41959e-09 , 3252.16 , -3521.26 , -1.47978 , 4.21361 , -0.0440483 , 0.496112 , -5.60222e-11 , 1.01929e-10 , -5.17922 , 14.7476 , -0.154169 , 1.73639 , -1.96078e-10 , 3.56751e-10
8.7888e-13 , -7.85279e-12 , -6.56155e-12 , 1.24177e-11 , -2.54029 , 6.43791 , 8.7888e-10 , -7.85279e-09 , -6.56155e-09 , 1.24177e-08 , -2540.29 , 6437.91 , 1.11718 , -8.85054 , -0.0342084 , -0.226181 , 1.56876e-10 , -4.41798e-11 , 3.91014 , -30.9769 , -0.119729 , -0.791634 , 5.49068e-10 , -1.54629e-10
-3.07317e-12 , 1.06394e-12 , -1.08878e-11 , 1.0239e-11 , 1.17583 , -5.95892 , -3.07317e-09 , 1.06394e-09 , -1.08878e-08 , 1.0239e-08 , 1175.83 , -5958.92 , -0.14915 , 6.81113 , -0.00717351 , 0.0402582 , 1.02855e-10 , -1.30078e-11 , -0.522025 , 23.839 , -0.0251073 , 0.140904 , 3.59993e-10 , -4.55274e-11
-5.84301e-12 , 1.87696e-12 , -1.41224e-11 , 3.22887e-12 , -0.560624 , 3.48501 , -5.84301e-09 , 1.87696e-09 , -1.41224e-08 , 3.22887e-09 , -560.624 , 3485.01 , -3.58076 , -4.17829 , 0.0724741 , -0.203236 , 5.94667e-11 , -1.68941e-11 , -12.5326 , -14.624 , 0.253659 , -0.711328 , 2.08133e-10 , -5.91293e-11
-2.69041e-12 , 1.12946e-11 , -6.73066e-12 , 1.39149e-11 , 0.875545 , -3.09795 , -2.69041e-09 , 1.12946e-08 , -6.73066e-09 , 1.39149e-08 , 875.545 , -3097.95 , 3.75862 , -4.39572 , -0.0138543 , 0.35086 , -1.24231e-10 , 1.08352e-11 , 13.1552 , -15.385 , -0.04849 , 1.22801 , -4.3481e-10 , 3.79232e-11
7.10158e-12 , -4.37516e-12 , -4.66126e-12 , 4.09475e-12 , -1.09768 , 4.80181 , 7.10158e-09 , -4.37516e-09 , -4.66126e-09 , 4.09475e-09 , -1097.68 , 4801.81 , -4.54356 , 11.7268 , -0.136189 , -0.494449 , 1.33358e-10 , -2.94751e-11 , -15.9025 , 41.0436 , -0.476661 , -1.73057 , 4.66754e-10 , -1.03163e-10
-8.64997e-12 , -1.27063e-11 , -1.56511e-11 , 1.49025e-11 , 0.134612 , -6.75299 , -8.64997e-09 , -1.27063e-08 , -1.56511e-08 , 1.49025e-08 , 134.612 , -6752.99 , 2.89985 , -6.37428 , 0.320688 , 0.0556398 , -7.31768e-12 , -8.9024e-12 , 10.1495 , -22.31 , 1.12241 , 0.194739 , -2.56119e-11 , -3.11584e-11
8.43236e-12 , 8.54922e-12 , -9.89953e-12 , 9.81169e-12 , 2.05654 , 5.95803 , 8.43236e-09 , 8.54922e-09 , -9.89952e-09 , 9.81169e-09 , 2056.54 , 5958.03 , -2.53266 , 5.23205 , -0.381958 , 0.396335 , 3.88247e-11 , 1.22275e-10 , -8.8643 , 18.3122 , -1.33685 , 1.38717 , 1.35886e-10 , 4.27962e-10
-1.33e-11 , -3.83245e-12 , -1.05272e-11 , 6.99956e-12 , -4.35524 , -0.839593 , -1.33e-08 , -3.83245e-09 , -1.05272e-08 , 6.99956e-09 , -4355.24 , -839.593 , 2.72424 , -3.05555 , 0.283852 , -0.9333 , 1.1249e-10 , -1.49012e-10 , 9.53484 , -10.6944 , 0.993481 , -3.26655 , 3.93714e-10 , -5.21541e-10
1.05694e-11 , 1.25836e-12 , 2.99113e-12 , 1.27401e-11 , 5.16682 , -5.5792 , 1.05694e-08 , 1.25836e-09 , 2.99113e-09 , 1.27401e-08 , 5166.82 , -5579.2 , -3.25483 , 4.35305 , -0.0922816 , 0.746783 , 2.33689e-10 , -1.59157e-10 , -11.3919 , 15.2357 , -0.322986 , 2.61374 , 8.1791e-10 , -5.57048e-10
-7.89398e-12 , 3.95584e-12 , -1.29634e-11 , 1.21724e-12 , -4.02441 , 10.1656 , -7.89398e-09 , 3.95584e-09 , -1.29634e-08 , 1.2172e-09 , -4024.41 , 10165.6 , 2.69395 , -5.55815 , -0.0283316 , -0.493168 , 6.00173e-12 , 3.88477e-11 , 9.42884 , -19.4535 , -0.0991606 , -1.72609 , 2.1006e-11 , 1.35967e-10
1.3278e-12 , 6.40622e-13 , -1.26492e-11 , 1.89427e-11 , 2.1031 , -9.70661 , 1.3278e-09 , 6.40622e-10 , -1.26492e-08 , 1.89427e-08 , 2103.1 , -9706.61 , 0.788131 , 8.83249 , 0.00201164 , 0.110397 , 6.2257e-11 , -1.6074e-10 , 2.75846 , 30.9137 , 0.00704074 , 0.386389 , 2.17899e-10 , -5.6259e-10
-6.67159e-13 , 3.08854e-12 , -2.63836e-13 , 1.06032e-11 , -1.02644 , 6.69886 , -6.67159e-10 , 3.08854e-09 , -2.63836e-10 , 1.06032e-08 , -1026.44 , 6698.86 , -5.34686 , -7.99173 , 0.0734994 , -0.459539 , -2.02886e-11 , 1.59719e-10 , -18.714 , -27.9711 , 0.257248 , -1.60839 , -7.10103e-11 , 5.59016e-10
6.66204e-14 , -3.95431e-12 , -5.71767e-12 , 2.85195e-12 , 1.30826 , -6.10523 , 6.66204e-11 , -3.95431e-09 , -5.71767e-09 , 2.85195e-09 , 1308.26 , -6105.23 , 8.48751 , -5.52917 , -0.00781897 , 0.575049 , 9.61839e-11 , -1.07492e-10 , 29.7063 , -19.3521 , -0.0273664 , 2.01267 , 3.36644e-10 , -3.76221e-10
-2.11694e-12 , 2.36123e-12 , -1.36976e-11 , 1.25992e-11 , -1.39499 , 8.05427 , -2.11694e-09 , 2.36123e-09 , -1.36976e-08 , 1.25992e-08 , -1394.99 , 8054.27 , -7.51237 , 10.8776 , -0.22779 , -0.689206 , -9.27484e-12 , -8.57842e-11 , -26.2933 , 38.0717 , -0.797263 , -2.41222 , -3.2462e-11 , -3.00245e-10
8.5523e-12 , -2.79223e-12 , -7.34376e-12 , 1.84517e-11 , -0.249345 , -10.7124 , 8.5523e-09 , -2.79223e-09 , -7.34376e-09 , 1.84517e-08 , -249.345 , -10712.4 , 4.02417 , -12.7001 , 0.519746 , -0.0599265 , 1.39067e-10 , -6.01184e-11 , 14.0846 , -44.4502 , 1.81911 , -0.209743 , 4.86734e-10 , -2.10414e-10
8.67647e-13 , -6.46794e-12 , -1.26725e-11 , 5.53201e-12 , 3.673 , 8.88624 , 8.67647e-10 , -6.46794e-09 , -1.26725e-08 , 5.532e-09 , 3673 , 8886.24 , -3.2357 , 9.38486 , -0.612389 , 0.739568 , 3.08634e-11 , -5.64609e-13 , -11.325 , 32.847 , -2.14336 , 2.58849 , 1.08022e-10 , -1.97613e-12
1.40419e-11 , 1.07932e-11 , -1.05639e-11 , 1.73814e-11 , -7.03149 , -0.884527 , 1.40419e-08 , 1.07932e-08 , -1.05639e-08 , 1.73814e-08 , -7031.49 , -884.527 , 4.29842 , -8.66739 , 0.449681 , -1.41326 , 3.48147e-11 , -1.78653e-10 , 15.0445 , -30.3359 , 1.57388 , -4.94641 , 1.21852e-10 , -6.25284e-10
-2.7375e-12 , 1.15412e-11 , -1.07031e-11 , 9.93616e-12 , 8.24965 , -9.74876 , -2.7375e-09 , 1.15412e-08 , -1.07031e-08 , 9.93616e-09 , 8249.65 , -9748.76 , -3.84605 , 10.7283 , -0.150758 , 1.21553 , 1.21449e-10 , 6.56302e-11 , -13.4612 , 37.549 , -0.527653 , 4.25435 , 4.25072e-10 , 2.29706e-10
