-6.00274e-30 , -2.29667e-32 , -2.65008e-30 , 1.01111e-32 , -4.18505e-13 , 3.43487e-15 , -6.00165e-27 , -2.29756e-29 , -2.65057e-27 , 1.0058e-29 , -4.18505e-10 , 3.43487e-12 , 0 , 0 , 0 , 0
-2.6979e-27 , -2.43068e-29 , -3.1302e-27 , 2.20881e-29 , -1.47948e-10 , 2.62996e-12 , -2.70126e-24 , -2.43348e-26 , -3.07608e-24 , 2.18104e-26 , -1.47948e-07 , 2.62996e-09 , 0 , 0 , 0 , 0
2.24796e-19 , -9.47146e-22 , 1.74841e-18 , -9.75951e-21 , -3.18558e-09 , 9.21889e-11 , 2.24796e-16 , -9.47146e-19 , 1.74841e-15 , -9.75951e-18 , -3.18558e-06 , 9.21889e-08 , 0 , 0 , 0 , 0
1.81381e-16 , -3.32857e-18 , 1.8915e-15 , -3.23389e-17 , -2.18917e-08 , 9.30581e-10 , 1.81381e-13 , -3.32857e-15 , 1.8915e-12 , -3.23389e-14 , -2.18917e-05 , 9.30581e-07 , 0 , 0 , 0 , 0
2.50411e-15 , -8.5014e-17 , 3.00937e-14 , -9.9358e-16 , -7.9601e-08 , 4.72697e-09 , 2.50411e-12 , -8.5014e-14 , 3.00937e-11 , -9.9358e-13 , -7.9601e-05 , 4.72697e-06 , 0 , 0 , 0 , 0
8.81253e-15 , -5.31605e-16 , 8.75361e-14 , -5.97217e-15 , -1.94839e-07 , 1.56101e-08 , 8.81253e-12 , -5.31605e-13 , 8.75361e-11 , -5.97217e-12 , -0.000194839 , 1.56101e-05 , 0 , 0 , 0 , 0
8.93051e-15 , -1.37932e-15 , -2.81223e-14 , -1.07714e-14 , -3.67633e-07 , 3.87321e-08 , 8.93051e-12 , -1.37932e-12 , -2.81223e-11 , -1.07714e-11 , -0.000367633 , 3.87321e-05 , 0 , 0 , 0 , 0
-1.21654e-14 , -1.46255e-15 , -4.01972e-13 , 5.53254e-15 , -5.62114e-07 , 7.82544e-08 , -1.21654e-11 , -1.46255e-12 , -4.01972e-10 , 5.53254e-12 , -0.000562114 , 7.82544e-05 , 0 , 0 , 0 , 0
-3.53268e-14 , 5.41637e-16 , -3.86593e-13 , 4.32742e-14 , -6.72988e-07 , 1.33048e-07 , -3.53268e-11 , 5.41637e-13 , -3.86593e-10 , 4.32742e-11 , -0.000672988 , 0.000133048 , 0 , 0 , 0 , 0
-4.24413e-15 , 2.66223e-15 , 4.72679e-13 , 4.54789e-14 , -5.43854e-07 , 1.90852e-07 , -4.24413e-12 , 2.66223e-12 , 4.72679e-10 , 4.54789e-11 , -0.000543854 , 0.000190852 , 0 , 0 , 0 , 0
6.42488e-14 , 2.00979e-16 , 8.61352e-13 , -1.58959e-14 , -1.23454e-07 , 2.28928e-07 , 6.42488e-11 , 2.00979e-13 , 8.61352e-10 , -1.58959e-11 , -0.000123454 , 0.000228928 , 0 , 0 , 0 , 0
2.16975e-14 , -4.37891e-15 , -3.83936e-13 , -4.403e-14 , 3.47231e-07 , 2.30427e-07 , 2.16975e-11 , -4.37891e-12 , -3.83936e-10 , -4.403e-11 , 0.000347231 , 0.000230427 , 0 , 0 , 0 , 0
-9.41941e-14 , -1.14421e-15 , -1.22852e-12 , 3.26363e-14 , 4.87553e-07 , 2.05415e-07 , -9.41941e-11 , -1.14421e-12 , -1.22852e-09 , 3.26363e-11 , 0.000487553 , 0.000205415 , 0 , 0 , 0 , 0
4.60746e-15 , 4.16699e-15 , 3.8159e-13 , 8.13466e-14 , 2.58981e-07 , 1.84144e-07 , 4.60746e-12 , 4.16699e-12 , 3.8159e-10 , 8.13466e-11 , 0.000258981 , 0.000184144 , 0 , 0 , 0 , 0
1.29596e-13 , -2.78156e-15 , 1.57726e-12 , -1.24951e-14 , -7.20802e-10 , 1.83798e-07 , 1.29596e-10 , -2.78156e-12 , 1.57726e-09 , -1.24951e-11 , -7.20802e-07 , 0.000183798 , 0 , 0 , 0 , 0
-7.71184e-14 , -6.53866e-15 , -4.30214e-13 , -7.4575e-14 , -1.03524e-07 , 1.97993e-07 , -7.71184e-11 , -6.53866e-12 , -4.30214e-10 , -7.4575e-11 , -0.000103524 , 0.000197993 , 0 , 0 , 0 , 0
-1.1909e-13 , 4.37014e-15 , -1.63829e-12 , 2.97234e-14 , -1.32472e-07 , 2.17436e-07 , -1.1909e-10 , 4.37014e-12 , -1.63829e-09 , 2.97234e-11 , -0.000132472 , 0.000217436 , 0 , 0 , 0 , 0
1.56492e-13 , 2.69199e-15 , 6.85247e-13 , 8.22378e-14 , -1.26542e-07 , 2.38948e-07 , 1.56492e-10 , 2.69199e-12 , 6.85247e-10 , 8.22378e-11 , -0.000126542 , 0.000238948 , 0 , 0 , 0 , 0
2.20559e-14 , -7.97874e-15 , 1.63599e-12 , -3.42749e-14 , -4.77835e-08 , 2.58232e-07 , 2.20559e-11 , -7.97874e-12 , 1.63599e-09 , -3.42749e-11 , -4.77835e-05 , 0.000258232 , 0 , 0 , 0 , 0
-1.81759e-13 , 1.12184e-15 , -6.90174e-13 , -8.25841e-14 , 8.06724e-08 , 2.69716e-07 , -1.81759e-10 , 1.12184e-12 , -6.90174e-10 , -8.25841e-11 , 8.06724e-05 , 0.000269716 , 0 , 0 , 0 , 0
1.05688e-13 , 5.79304e-15 , -1.57941e-12 , 2.76028e-14 , 2.16798e-07 , 2.71011e-07 , 1.05688e-10 , 5.79304e-12 , -1.57941e-09 , 2.76028e-11 , 0.000216798 , 0.000271011 , 0 , 0 , 0 , 0
9.29171e-14 , -6.3387e-15 , 3.02983e-13 , 8.96539e-14 , 3.70434e-07 , 2.60676e-07 , 9.29171e-11 , -6.3387e-12 , 3.02983e-10 , 8.96539e-11 , 0.000370434 , 0.000260676 , 0 , 0 , 0 , 0
-1.92878e-13 , -6.76188e-16 , 1.75753e-12 , -2.40525e-15 , 4.85259e-07 , 2.38223e-07 , -1.92878e-10 , -6.76188e-13 , 1.75753e-09 , -2.40525e-12 , 0.000485259 , 0.000238223 , 0 , 0 , 0 , 0
6.50479e-14 , 7.57861e-15 , 4.6244e-13 , -1.12218e-13 , 4.9987e-07 , 2.09562e-07 , 6.50479e-11 , 7.57861e-12 , 4.6244e-10 , -1.12218e-10 , 0.00049987 , 0.000209562 , 0 , 0 , 0 , 0
1.61866e-13 , -5.98156e-15 , -2.18032e-12 , -4.07134e-14 , 5.24999e-07 , 1.78735e-07 , 1.61866e-10 , -5.98156e-12 , -2.18032e-09 , -4.07134e-11 , 0.000524999 , 0.000178735 , 0 , 0 , 0 , 0
-2.23264e-13 , -3.45302e-15 , -8.28801e-13 , 1.16465e-13 , 5.68794e-07 , 1.42557e-07 , -2.23264e-10 , -3.45302e-12 , -8.28801e-10 , 1.16465e-10 , 0.000568794 , 0.000142557 , 0 , 0 , 0 , 0
-4.12665e-14 , 1.2159e-14 , 2.88984e-12 , 2.26766e-14 , 4.46163e-07 , 1.06772e-07 , -4.12665e-11 , 1.2159e-11 , 2.88984e-09 , 2.26766e-11 , 0.000446163 , 0.000106772 , 0 , 0 , 0 , 0
2.61944e-13 , -1.67555e-16 , 6.64569e-13 , -1.65588e-13 , 2.24335e-07 , 8.48501e-08 , 2.61944e-10 , -1.67555e-13 , 6.64569e-10 , -1.65588e-10 , 0.000224335 , 8.48501e-05 , 0 , 0 , 0 , 0
-1.19776e-13 , -8.44267e-15 , -2.93446e-12 , -4.96593e-14 , 1.93965e-07 , 7.34085e-08 , -1.19776e-10 , -8.44267e-12 , -2.93446e-09 , -4.96593e-11 , 0.000193965 , 7.34085e-05 , 0 , 0 , 0 , 0
-1.78531e-13 , 8.76662e-15 , 4.73662e-14 , 9.91715e-14 , 3.48618e-07 , 5.50144e-08 , -1.78531e-10 , 8.76662e-12 , 4.73662e-11 , 9.91715e-11 , 0.000348618 , 5.50144e-05 , 0 , 0 , 0 , 0
2.28117e-13 , 6.22716e-15 , 2.52517e-12 , -3.72227e-14 , 4.73708e-07 , 2.3523e-08 , 2.28117e-10 , 6.22716e-12 , 2.52517e-09 , -3.72227e-11 , 0.000473708 , 2.3523e-05 , 0 , 0 , 0 , 0
5.99274e-14 , -9.74253e-15 , -2.62961e-13 , -1.49037e-13 , 5.62476e-07 , -1.75507e-08 , 5.99274e-11 , -9.74253e-12 , -2.62961e-10 , -1.49037e-10 , 0.000562476 , -1.75507e-05 , 0 , 0 , 0 , 0
-2.68361e-13 , 9.93809e-16 , -2.00366e-12 , -3.88328e-14 , 6.28871e-07 , -6.74664e-08 , -2.68361e-10 , 9.93809e-13 , -2.00366e-09 , -3.88328e-11 , 0.000628871 , -6.74664e-05 , 0 , 0 , 0 , 0
-2.96462e-14 , 1.61582e-14 , -4.79997e-13 , 7.04643e-14 , 5.6196e-07 , -1.20237e-07 , -2.96462e-11 , 1.61582e-11 , -4.79997e-10 , 7.04643e-11 , 0.00056196 , -0.000120237 , 0 , 0 , 0 , 0
2.22339e-13 , 6.50399e-15 , 8.11807e-13 , 4.91705e-14 , 4.46674e-07 , -1.66772e-07 , 2.22339e-10 , 6.50399e-12 , 8.11807e-10 , 4.91705e-11 , 0.000446674 , -0.000166772 , 0 , 0 , 0 , 0
5.62198e-14 , -6.07667e-15 , 1.71514e-13 , 3.97275e-16 , 4.63986e-07 , -2.11073e-07 , 5.62198e-11 , -6.07667e-12 , 1.71514e-10 , 3.97275e-13 , 0.000463986 , -0.000211073 , 0 , 0 , 0 , 0
2.01895e-14 , -6.4425e-15 , -1.11817e-12 , 4.36877e-14 , 5.3797e-07 , -2.62388e-07 , 2.01895e-11 , -6.4425e-12 , -1.11817e-09 , 4.36877e-11 , 0.00053797 , -0.000262388 , 0 , 0 , 0 , 0
2.92442e-13 , -1.95625e-14 , -3.25927e-13 , 1.23728e-13 , 5.3348e-07 , -3.19146e-07 , 2.92442e-10 , -1.95625e-11 , -3.25927e-10 , 1.23728e-10 , 0.00053348 , -0.000319146 , 0 , 0 , 0 , 0
8.95696e-14 , -4.10606e-14 , 2.09757e-12 , 5.61815e-14 , 5.18172e-07 , -3.76885e-07 , 8.95696e-11 , -4.10606e-11 , 2.09757e-09 , 5.61815e-11 , 0.000518172 , -0.000376885 , 0 , 0 , 0 , 0
